<?xml version="1.0" encoding="utf-8"?>
<COLLADA xmlns="http://www.collada.org/2005/11/COLLADASchema" version="1.4.1">
  <asset><contributor><author>Mixamo</author><authoring_tool>COLLADA Mixamo exporter</authoring_tool><comments></comments></contributor><created>2020-08-05T15:22:40Z</created><modified>2020-08-05T15:22:40Z</modified><revision></revision><title></title><unit meter="0.010000"/><up_axis>Y_UP</up_axis></asset>
  <library_animations>
    <animation id="Hips-anim" name="Hips"><source id="Hips-Matrix-animation-input"><float_array id="Hips-Matrix-animation-input-array" count="66">

0.000000 0.033333 0.066667 0.100000 0.133333 0.166667 0.200000 0.233333 0.266667 0.300000 0.333333 0.366667 0.400000 0.433333 0.466667 0.500000
0.533333 0.566667 0.600000 0.633333 0.666667 0.700000 0.733333 0.766667 0.800000 0.833333 0.866667 0.900000 0.933333 0.966667 1.000000 1.033333
1.066667 1.100000 1.133333 1.166667 1.200000 1.233333 1.266667 1.300000 1.333333 1.366667 1.400000 1.433333 1.466667 1.500000 1.533333 1.566667
1.600000 1.633333 1.666667 1.700000 1.733333 1.766667 1.800000 1.833333 1.866667 1.900000 1.933333 1.966667 2.000000 2.033333 2.066667 2.100000
2.133333 2.166667</float_array><technique_common><accessor source="#Hips-Matrix-animation-input-array" count="66"><param name="TIME" type="float"/></accessor></technique_common></source><source id="Hips-Matrix-animation-output-transform"><float_array id="Hips-Matrix-animation-output-transform-array" count="1056">

0.739460 0.070583 0.669490 0.230760 0.057258 0.984291 -0.167014 84.098648 -0.670761 0.161834 0.723802 -0.112377 0.000000 0.000000 0.000000 1.000000
0.733749 0.073512 0.675432 0.366384 0.052167 0.985099 -0.163887 84.144196 -0.677415 0.155487 0.718981 -0.407626 0.000000 0.000000 0.000000 1.000000
0.720872 0.077402 0.688733 0.500248 0.047111 0.985973 -0.160116 84.357834 -0.691465 0.147870 0.707114 -0.765024 0.000000 0.000000 0.000000 1.000000
0.698391 0.081640 0.711045 0.613775 0.042101 0.987067 -0.154683 84.778755 -0.714477 0.137965 0.685922 -1.169810 0.000000 0.000000 0.000000 1.000000
0.663317 0.085581 0.743429 0.692762 0.037138 0.988450 -0.146924 85.406624 -0.747416 0.125067 0.652478 -1.596755 0.000000 0.000000 0.000000 1.000000
0.613560 0.089686 0.784538 0.745202 0.032673 0.989795 -0.138703 86.178711 -0.788972 0.110735 0.604368 -1.999568 0.000000 0.000000 0.000000 1.000000
0.548821 0.094554 0.830575 0.785727 0.029633 0.990757 -0.132371 86.991219 -0.835415 0.097260 0.540946 -2.342113 0.000000 0.000000 0.000000 1.000000
0.469937 0.099709 0.877050 0.813492 0.028396 0.991378 -0.127922 87.695457 -0.882243 0.085020 0.463054 -2.617750 0.000000 0.000000 0.000000 1.000000
0.378971 0.104340 0.919508 0.808159 0.029019 0.991795 -0.124503 88.136665 -0.924954 0.073866 0.372833 -2.830371 0.000000 0.000000 0.000000 1.000000
0.280165 0.108580 0.953791 0.739155 0.031516 0.992006 -0.122188 88.186081 -0.959434 0.064292 0.274504 -2.975334 0.000000 0.000000 0.000000 1.000000
0.178414 0.112688 0.977481 0.587149 0.035852 0.992016 -0.120908 87.787888 -0.983302 0.056616 0.172950 -3.041651 0.000000 0.000000 0.000000 1.000000
0.075877 0.116219 0.990321 0.370836 0.041554 0.991953 -0.119594 86.969696 -0.996251 0.050226 0.070437 -3.001522 0.000000 0.000000 0.000000 1.000000
-0.027762 0.118872 0.992521 0.173186 0.047967 0.991919 -0.117458 85.803543 -0.998463 0.044347 -0.033239 -2.820984 0.000000 0.000000 0.000000 1.000000
-0.130645 0.121130 0.984002 0.093062 0.054925 0.991868 -0.114805 84.368484 -0.989907 0.039048 -0.136236 -2.481383 0.000000 0.000000 0.000000 1.000000
-0.226249 0.122803 0.966298 0.171191 0.062289 0.991815 -0.111461 82.731064 -0.972076 0.034972 -0.232046 -1.998552 0.000000 0.000000 0.000000 1.000000
-0.306376 0.122331 0.944018 0.390627 0.068764 0.991961 -0.106227 80.969345 -0.949424 0.032369 -0.312325 -1.408864 0.000000 0.000000 0.000000 1.000000
-0.365088 0.118468 0.923405 0.711301 0.072674 0.992470 -0.098596 79.172409 -0.928132 0.031111 -0.370948 -0.720530 0.000000 0.000000 0.000000 1.000000
-0.399056 0.111077 0.910174 1.111492 0.073575 0.993314 -0.088965 77.449265 -0.913970 0.031464 -0.404560 0.066713 0.000000 0.000000 0.000000 1.000000
-0.404815 0.100435 0.908866 1.552264 0.071800 0.994372 -0.077904 75.908920 -0.911575 0.033720 -0.409748 0.947155 0.000000 0.000000 0.000000 1.000000
-0.376878 0.086724 0.922194 1.955022 0.067160 0.995545 -0.066176 74.652428 -0.923825 0.036994 -0.381023 1.877993 0.000000 0.000000 0.000000 1.000000
-0.309074 0.071111 0.948376 2.264465 0.061099 0.996625 -0.054817 73.791458 -0.949073 0.041002 -0.312375 2.776288 0.000000 0.000000 0.000000 1.000000
-0.199759 0.057232 0.978172 2.492771 0.060155 0.997126 -0.046057 73.337082 -0.977997 0.049641 -0.202628 3.637243 0.000000 0.000000 0.000000 1.000000
-0.056739 0.048560 0.997207 2.734000 0.071763 0.996431 -0.044439 73.360771 -0.995807 0.069041 -0.060022 4.538567 0.000000 0.000000 0.000000 1.000000
0.111439 0.044478 0.992775 3.175856 0.094247 0.994022 -0.055113 74.023201 -0.989292 0.099708 0.106581 5.411833 0.000000 0.000000 0.000000 1.000000
0.304659 0.041462 0.951559 3.851194 0.120592 0.989333 -0.081717 75.634689 -0.944796 0.139647 0.296409 6.457289 0.000000 0.000000 0.000000 1.000000
0.518648 0.037875 0.854148 4.673396 0.138034 0.982204 -0.127369 78.166542 -0.843772 0.183961 0.504190 7.780066 0.000000 0.000000 0.000000 1.000000
0.727598 0.037641 0.684970 5.238446 0.132160 0.972098 -0.193804 80.880394 -0.673153 0.231537 0.702322 9.235620 0.000000 0.000000 0.000000 1.000000
0.888818 0.043073 0.456233 5.019011 0.093062 0.957863 -0.271731 83.198174 -0.448712 0.283977 0.847357 10.595654 0.000000 0.000000 0.000000 1.000000
0.970113 0.048207 0.237815 3.927791 0.035273 0.941641 -0.334766 85.202644 -0.240074 0.333149 0.911798 11.606274 0.000000 0.000000 0.000000 1.000000
0.991880 0.051615 0.116233 2.660068 -0.005561 0.930668 -0.365823 86.623108 -0.127056 0.362206 0.923398 11.957399 0.000000 0.000000 0.000000 1.000000
0.994809 0.055494 0.085299 2.027798 -0.019830 0.927869 -0.372380 87.455559 -0.099811 0.368755 0.924152 12.067350 0.000000 0.000000 0.000000 1.000000
0.996514 0.056811 0.061098 2.239226 -0.030187 0.928238 -0.370761 87.455063 -0.077776 0.367624 0.926716 12.364357 0.000000 0.000000 0.000000 1.000000
0.998937 0.044930 -0.010282 2.875222 -0.045534 0.927400 -0.371290 86.961426 -0.007147 0.371364 0.928460 12.899963 0.000000 0.000000 0.000000 1.000000
0.994674 0.014144 -0.102095 3.525859 -0.051299 0.927074 -0.371351 86.333992 0.089398 0.374611 0.922862 13.578058 0.000000 0.000000 0.000000 1.000000
0.985174 -0.022448 -0.170081 4.041417 -0.042097 0.929458 -0.366517 85.774620 0.166311 0.368243 0.914734 14.266761 0.000000 0.000000 0.000000 1.000000
0.978334 -0.048346 -0.201307 4.316177 -0.027736 0.932980 -0.358859 85.318855 0.205165 0.356668 0.911425 14.955431 0.000000 0.000000 0.000000 1.000000
0.977406 -0.060379 -0.202563 4.272604 -0.015444 0.935372 -0.353328 85.062462 0.210805 0.348474 0.913306 15.568563 0.000000 0.000000 0.000000 1.000000
0.980723 -0.065065 -0.184255 3.979403 -0.003843 0.936332 -0.351095 85.047470 0.195368 0.345035 0.918032 15.968720 0.000000 0.000000 0.000000 1.000000
0.985473 -0.067698 -0.155758 3.575663 0.008861 0.936366 -0.350914 85.279816 0.169603 0.344436 0.923363 16.116974 0.000000 0.000000 0.000000 1.000000
0.990306 -0.068910 -0.120605 3.164785 0.022211 0.935651 -0.352228 85.680595 0.137116 0.346135 0.928111 16.094812 0.000000 0.000000 0.000000 1.000000
0.994856 -0.068805 -0.074342 2.773319 0.038186 0.934505 -0.353897 86.053261 0.093823 0.349238 0.932325 16.012264 0.000000 0.000000 0.000000 1.000000
0.997645 -0.067336 -0.013067 2.413683 0.058367 0.933440 -0.353952 86.356483 0.036031 0.352356 0.935172 15.822364 0.000000 0.000000 0.000000 1.000000
0.996158 -0.064038 0.059732 2.066381 0.081021 0.932800 -0.351168 86.646561 -0.033230 0.354659 0.934405 15.454748 0.000000 0.000000 0.000000 1.000000
0.988793 -0.058911 0.137181 1.705633 0.103546 0.932549 -0.345878 86.893997 -0.107552 0.356206 0.928197 14.936152 0.000000 0.000000 0.000000 1.000000
0.975261 -0.051591 0.214951 1.327478 0.124043 0.932584 -0.338971 87.041100 -0.182972 0.357248 0.915912 14.330313 0.000000 0.000000 0.000000 1.000000
0.955924 -0.041158 0.290716 0.957824 0.140675 0.933286 -0.330435 87.075638 -0.257721 0.356767 0.897941 13.682318 0.000000 0.000000 0.000000 1.000000
0.931819 -0.027092 0.361912 0.625096 0.151412 0.935299 -0.319828 86.966614 -0.329831 0.352820 0.875631 12.996205 0.000000 0.000000 0.000000 1.000000
0.903928 -0.011235 0.427537 0.312584 0.156967 0.938609 -0.307205 86.698166 -0.397839 0.344800 0.850198 12.303477 0.000000 0.000000 0.000000 1.000000
0.872053 0.004686 0.489389 0.035991 0.159268 0.942806 -0.292832 86.374207 -0.462771 0.333309 0.821431 11.611380 0.000000 0.000000 0.000000 1.000000
0.835559 0.019642 0.549049 -0.177923 0.159859 0.947428 -0.277173 86.059235 -0.525629 0.319365 0.788493 10.878839 0.000000 0.000000 0.000000 1.000000
0.795247 0.033556 0.605356 -0.325953 0.158992 0.951981 -0.261636 85.797630 -0.585067 0.304312 0.751725 10.073053 0.000000 0.000000 0.000000 1.000000
0.753795 0.045795 0.655512 -0.412529 0.157333 0.955974 -0.247709 85.650597 -0.637996 0.289855 0.713404 9.197099 0.000000 0.000000 0.000000 1.000000
0.715806 0.055507 0.696089 -0.451546 0.155056 0.959316 -0.235946 85.629623 -0.680866 0.276824 0.678078 8.229125 0.000000 0.000000 0.000000 1.000000
0.685955 0.062855 0.724924 -0.467523 0.151127 0.962231 -0.226434 85.713387 -0.711777 0.264879 0.650548 7.185082 0.000000 0.000000 0.000000 1.000000
0.665276 0.069194 0.743384 -0.478501 0.144156 0.965054 -0.218837 85.792030 -0.732548 0.252751 0.632053 6.105113 0.000000 0.000000 0.000000 1.000000
0.651574 0.074243 0.754943 -0.480755 0.135756 0.967721 -0.212336 85.843071 -0.746338 0.240841 0.620463 5.091246 0.000000 0.000000 0.000000 1.000000
0.643468 0.076678 0.761623 -0.430173 0.128284 0.970096 -0.206049 85.846428 -0.754647 0.230290 0.614389 4.181158 0.000000 0.000000 0.000000 1.000000
0.641756 0.075757 0.763158 -0.322315 0.122437 0.972225 -0.199470 85.812515 -0.757072 0.221449 0.614656 3.372706 0.000000 0.000000 0.000000 1.000000
0.647097 0.072299 0.758972 -0.209538 0.117274 0.974207 -0.192790 85.737747 -0.753334 0.213761 0.621928 2.675656 0.000000 0.000000 0.000000 1.000000
0.658081 0.068296 0.749843 -0.128006 0.111538 0.976048 -0.186787 85.618309 -0.744640 0.206557 0.634701 2.109003 0.000000 0.000000 0.000000 1.000000
0.672341 0.064971 0.737385 -0.068535 0.104965 0.977708 -0.181852 85.437492 -0.732762 0.199666 0.650534 1.661915 0.000000 0.000000 0.000000 1.000000
0.688519 0.062199 0.722546 -0.012653 0.097959 0.979208 -0.177640 85.176346 -0.718572 0.193088 0.668110 1.292663 0.000000 0.000000 0.000000 1.000000
0.705924 0.060349 0.705712 0.043733 0.090174 0.980598 -0.174057 84.847923 -0.702524 0.186508 0.686786 0.954917 0.000000 0.000000 0.000000 1.000000
0.722685 0.060889 0.688491 0.102158 0.080691 0.981868 -0.171533 84.504120 -0.686452 0.179519 0.704668 0.614345 0.000000 0.000000 0.000000 1.000000
0.735205 0.064555 0.674764 0.166653 0.069425 0.983049 -0.169693 84.221169 -0.674280 0.171604 0.718261 0.257904 0.000000 0.000000 0.000000 1.000000
0.739460 0.070583 0.669490 0.230763 0.057258 0.984291 -0.167014 84.098671 -0.670761 0.161834 0.723802 -0.112382 0.000000 0.000000 0.000000 1.000000</float_array><technique_common><accessor source="#Hips-Matrix-animation-output-transform-array" count="66" stride="16"><param type="float4x4"/></accessor></technique_common></source><source id="Hips-Interpolations"><Name_array id="Hips-Interpolations-array" count="66">
 LINEAR LINEAR LINEAR LINEAR LINEAR LINEAR LINEAR LINEAR LINEAR LINEAR LINEAR
LINEAR LINEAR LINEAR LINEAR LINEAR LINEAR LINEAR LINEAR LINEAR LINEAR LINEAR LINEAR
LINEAR LINEAR LINEAR LINEAR LINEAR LINEAR LINEAR LINEAR LINEAR LINEAR LINEAR LINEAR
LINEAR LINEAR LINEAR LINEAR LINEAR LINEAR LINEAR LINEAR LINEAR LINEAR LINEAR LINEAR
LINEAR LINEAR LINEAR LINEAR LINEAR LINEAR LINEAR LINEAR LINEAR LINEAR LINEAR LINEAR
LINEAR LINEAR LINEAR LINEAR LINEAR LINEAR LINEAR</Name_array><technique_common><accessor source="#Hips-Interpolations-array" count="66"><param type="name"/></accessor></technique_common></source><sampler id="Hips-Matrix-animation-transform"><input semantic="INPUT" source="#Hips-Matrix-animation-input"/><input semantic="OUTPUT" source="#Hips-Matrix-animation-output-transform"/><input semantic="INTERPOLATION" source="#Hips-Interpolations"/></sampler><channel source="#Hips-Matrix-animation-transform" target="Hips/matrix"/></animation>
    <animation id="Spine-anim" name="Spine"><source id="Spine-Matrix-animation-input"><float_array id="Spine-Matrix-animation-input-array" count="66">

0.000000 0.033333 0.066667 0.100000 0.133333 0.166667 0.200000 0.233333 0.266667 0.300000 0.333333 0.366667 0.400000 0.433333 0.466667 0.500000
0.533333 0.566667 0.600000 0.633333 0.666667 0.700000 0.733333 0.766667 0.800000 0.833333 0.866667 0.900000 0.933333 0.966667 1.000000 1.033333
1.066667 1.100000 1.133333 1.166667 1.200000 1.233333 1.266667 1.300000 1.333333 1.366667 1.400000 1.433333 1.466667 1.500000 1.533333 1.566667
1.600000 1.633333 1.666667 1.700000 1.733333 1.766667 1.800000 1.833333 1.866667 1.900000 1.933333 1.966667 2.000000 2.033333 2.066667 2.100000
2.133333 2.166667</float_array><technique_common><accessor source="#Spine-Matrix-animation-input-array" count="66"><param name="TIME" type="float"/></accessor></technique_common></source><source id="Spine-Matrix-animation-output-transform"><float_array id="Spine-Matrix-animation-output-transform-array" count="1056">

0.997910 -0.011938 -0.063510 0.000000 0.007028 0.997008 -0.076984 13.663900 0.064239 0.076377 0.995008 -1.184000 0.000000 0.000000 0.000000 1.000000
0.997941 -0.011563 -0.063084 0.000000 0.006677 0.997000 -0.077119 13.663900 0.063787 0.076539 0.995024 -1.184000 0.000000 0.000000 0.000000 1.000000
0.997986 -0.011433 -0.062396 0.000000 0.006583 0.996980 -0.077383 13.663900 0.063092 0.076817 0.995047 -1.184000 0.000000 0.000000 0.000000 1.000000
0.998011 -0.011763 -0.061934 -0.000000 0.006952 0.996982 -0.077324 13.663900 0.062656 0.076740 0.995080 -1.184000 0.000000 0.000000 0.000000 1.000000
0.998040 -0.012211 -0.061370 0.000000 0.007510 0.997060 -0.076255 13.663900 0.062120 0.075645 0.995198 -1.184000 0.000000 0.000000 0.000000 1.000000
0.998115 -0.012308 -0.060124 0.000000 0.007814 0.997196 -0.074419 13.663900 0.060872 0.073809 0.995413 -1.184000 0.000000 0.000000 0.000000 1.000000
0.998243 -0.012227 -0.057975 0.000000 0.007990 0.997318 -0.072753 13.663900 0.058709 0.072162 0.995664 -1.184000 0.000000 0.000000 0.000000 1.000000
0.998420 -0.012433 -0.054795 0.000000 0.008497 0.997405 -0.071498 13.663900 0.055542 0.070919 0.995935 -1.184000 0.000000 0.000000 0.000000 1.000000
0.998662 -0.012168 -0.050268 0.000000 0.008596 0.997463 -0.070671 13.663900 0.051001 0.070145 0.996232 -1.184000 0.000000 0.000000 0.000000 1.000000
0.998994 -0.010189 -0.043682 0.000000 0.007059 0.997435 -0.071227 13.663900 0.044295 0.070847 0.996503 -1.184000 0.000000 0.000000 0.000000 1.000000
0.999407 -0.006366 -0.033838 0.000000 0.003831 0.997217 -0.074457 13.663900 0.034217 0.074283 0.996650 -1.184000 0.000000 0.000000 0.000000 1.000000
0.999811 -0.001844 -0.019330 0.000000 0.000282 0.996758 -0.080454 13.663900 0.019416 0.080433 0.996571 -1.184000 0.000000 0.000000 0.000000 1.000000
0.999997 0.002390 -0.000019 0.000000 -0.002382 0.996118 -0.087996 13.663900 -0.000192 0.087996 0.996121 -1.184000 0.000000 0.000000 0.000000 1.000000
0.999746 0.006270 0.021655 0.000000 -0.004168 0.995393 -0.095788 13.663900 -0.022156 0.095674 0.995166 -1.184000 0.000000 0.000000 0.000000 1.000000
0.999070 0.009760 0.041993 0.000000 -0.005378 0.994644 -0.103215 13.663900 -0.042775 0.102894 0.993772 -1.184000 0.000000 0.000000 0.000000 1.000000
0.998171 0.012675 0.059117 0.000000 -0.006094 0.993890 -0.110209 13.663900 -0.060152 0.109648 0.992149 -1.184000 0.000000 0.000000 0.000000 1.000000
0.997165 0.015612 0.073606 0.000000 -0.006929 0.993133 -0.116783 13.663900 -0.074924 0.115942 0.990426 -1.184000 0.000000 0.000000 0.000000 1.000000
0.996129 0.019206 0.085777 0.000000 -0.008582 0.992426 -0.122542 13.663900 -0.087481 0.121331 0.988750 -1.184000 0.000000 0.000000 0.000000 1.000000
0.995250 0.023658 0.094429 -0.000000 -0.011590 0.991917 -0.126358 13.663900 -0.096655 0.124663 0.987480 -1.184000 0.000000 0.000000 0.000000 1.000000
0.994737 0.028528 0.098415 0.000000 -0.015884 0.991784 -0.126937 13.663900 -0.101227 0.124706 0.987016 -1.184000 0.000000 0.000000 0.000000 1.000000
0.994643 0.032877 0.098005 0.000000 -0.020593 0.992091 -0.123817 13.663900 -0.101301 0.121136 0.987453 -1.184000 0.000000 0.000000 0.000000 1.000000
0.994796 0.036998 0.094932 -0.000000 -0.025701 0.992732 -0.117571 13.663900 -0.098591 0.114519 0.988517 -1.184000 0.000000 0.000000 0.000000 1.000000
0.994970 0.042184 0.090860 0.000000 -0.032190 0.993545 -0.108777 13.663900 -0.094862 0.105305 0.989905 -1.184000 0.000000 0.000000 0.000000 1.000000
0.995179 0.047531 0.085784 0.000000 -0.039137 0.994514 -0.097004 13.663900 -0.089924 0.093179 0.991580 -1.184000 0.000000 0.000000 0.000000 1.000000
0.995674 0.053216 0.076164 -0.000000 -0.046961 0.995551 -0.081683 13.663900 -0.080172 0.077753 0.993744 -1.184000 0.000000 0.000000 0.000000 1.000000
0.996757 0.055003 0.058743 0.000000 -0.051242 0.996652 -0.063717 13.663900 -0.062051 0.060500 0.996238 -1.184000 0.000000 0.000000 0.000000 1.000000
0.998300 0.048665 0.032067 -0.000000 -0.047130 0.997782 -0.047001 13.663900 -0.034283 0.045410 0.998380 -1.184000 0.000000 0.000000 0.000000 1.000000
0.999339 0.035936 -0.005436 -0.000000 -0.036111 0.998678 -0.036574 13.663900 0.004115 0.036746 0.999316 -1.184000 0.000000 0.000000 0.000000 1.000000
0.998537 0.021649 -0.049541 0.000000 -0.023358 0.999143 -0.034172 13.663900 0.048759 0.035279 0.998187 -1.184000 0.000000 0.000000 0.000000 1.000000
0.996228 0.009034 -0.086301 0.000000 -0.012134 0.999297 -0.035467 13.663900 0.085920 0.036380 0.995638 -1.184000 0.000000 0.000000 0.000000 1.000000
0.994232 0.002574 -0.107216 0.000000 -0.006556 0.999301 -0.036806 13.663900 0.107047 0.037297 0.993554 -1.184000 0.000000 0.000000 0.000000 1.000000
0.993175 -0.000479 -0.116634 -0.000000 -0.004082 0.999236 -0.038865 13.663900 0.116564 0.039076 0.992414 -1.184000 0.000000 0.000000 0.000000 1.000000
0.992587 -0.003622 -0.121482 0.000000 -0.001529 0.999105 -0.042281 13.663900 0.121526 0.042153 0.991693 -1.184000 0.000000 0.000000 0.000000 1.000000
0.992451 -0.003682 -0.122590 0.000000 -0.001977 0.998939 -0.046006 13.663900 0.122630 0.045901 0.991390 -1.184000 0.000000 0.000000 0.000000 1.000000
0.992965 -0.001594 -0.118400 -0.000000 -0.004233 0.998792 -0.048950 13.663900 0.118335 0.049107 0.991759 -1.184000 0.000000 0.000000 0.000000 1.000000
0.993657 -0.001214 -0.112451 -0.000000 -0.004495 0.998714 -0.050498 13.663900 0.112367 0.050683 0.992373 -1.184000 0.000000 0.000000 0.000000 1.000000
0.993910 -0.003164 -0.110148 0.000000 -0.002427 0.998717 -0.050587 13.663900 0.110167 0.050546 0.992627 -1.184000 0.000000 0.000000 0.000000 1.000000
0.993660 -0.005371 -0.112303 -0.000000 -0.000265 0.998744 -0.050108 13.663900 0.112431 0.049820 0.992410 -1.184000 0.000000 0.000000 0.000000 1.000000
0.993328 -0.006829 -0.115119 0.000000 0.001100 0.998761 -0.049753 13.663900 0.115316 0.049294 0.992105 -1.184000 0.000000 0.000000 0.000000 1.000000
0.993289 -0.008431 -0.115353 0.000000 0.002728 0.998770 -0.049507 13.663900 0.115628 0.048860 0.992090 -1.184000 0.000000 0.000000 0.000000 1.000000
0.993556 -0.010161 -0.112886 0.000000 0.004598 0.998767 -0.049438 13.663900 0.113249 0.048601 0.992377 -1.184000 0.000000 0.000000 0.000000 1.000000
0.994040 -0.011991 -0.108353 0.000000 0.006562 0.998711 -0.050322 13.663900 0.108817 0.049311 0.992838 -1.184000 0.000000 0.000000 0.000000 1.000000
0.994635 -0.014312 -0.102452 0.000000 0.008929 0.998565 -0.052812 13.663900 0.103061 0.051614 0.993335 -1.184000 0.000000 0.000000 0.000000 1.000000
0.995210 -0.016948 -0.096282 0.000000 0.011557 0.998348 -0.056276 13.663900 0.097077 0.054894 0.993762 -1.184000 0.000000 0.000000 0.000000 1.000000
0.995691 -0.019436 -0.090670 0.000000 0.014045 0.998116 -0.059722 13.663900 0.091660 0.058191 0.994089 -1.184000 0.000000 0.000000 0.000000 1.000000
0.996098 -0.021319 -0.085645 -0.000000 0.015935 0.997882 -0.063065 13.663900 0.086808 0.061454 0.994328 -1.184000 0.000000 0.000000 0.000000 1.000000
0.996462 -0.022816 -0.080884 0.000000 0.017444 0.997633 -0.066508 13.663900 0.082210 0.064862 0.994502 -1.184000 0.000000 0.000000 0.000000 1.000000
0.996777 -0.023407 -0.076738 0.000000 0.018060 0.997409 -0.069637 13.663900 0.078169 0.068027 0.994616 -1.184000 0.000000 0.000000 0.000000 1.000000
0.997004 -0.023145 -0.073809 0.000000 0.017816 0.997241 -0.072062 13.663900 0.075273 0.070531 0.994665 -1.184000 0.000000 0.000000 0.000000 1.000000
0.997152 -0.022244 -0.072059 -0.000000 0.016901 0.997120 -0.073932 13.663900 0.073496 0.072503 0.994657 -1.184000 0.000000 0.000000 0.000000 1.000000
0.997302 -0.021249 -0.070267 -0.000000 0.015923 0.997018 -0.075506 13.663900 0.071662 0.074184 0.994666 -1.184000 0.000000 0.000000 0.000000 1.000000
0.997506 -0.020401 -0.067564 0.000000 0.015193 0.996937 -0.076721 13.663900 0.068922 0.075504 0.994761 -1.184000 0.000000 0.000000 0.000000 1.000000
0.997710 -0.019935 -0.064631 -0.000000 0.014899 0.996882 -0.077491 13.663900 0.065974 0.076351 0.994896 -1.184000 0.000000 0.000000 0.000000 1.000000
0.997856 -0.019793 -0.062389 -0.000000 0.014909 0.996857 -0.077806 13.663900 0.063732 0.076709 0.995015 -1.184000 0.000000 0.000000 0.000000 1.000000
0.997947 -0.020162 -0.060783 0.000000 0.015399 0.996847 -0.077840 13.663900 0.062161 0.076744 0.995111 -1.184000 0.000000 0.000000 0.000000 1.000000
0.998035 -0.019881 -0.059416 0.000000 0.015229 0.996856 -0.077757 13.663900 0.060775 0.076700 0.995200 -1.184000 0.000000 0.000000 0.000000 1.000000
0.998163 -0.018500 -0.057684 -0.000000 0.013998 0.996895 -0.077483 13.663900 0.058938 0.076533 0.995324 -1.184000 0.000000 0.000000 0.000000 1.000000
0.998335 -0.016388 -0.055304 0.000000 0.012110 0.996972 -0.076815 13.663900 0.056396 0.076018 0.995510 -1.184000 0.000000 0.000000 0.000000 1.000000
0.998512 -0.014064 -0.052695 0.000000 0.010031 0.997056 -0.076016 13.663900 0.053609 0.075375 0.995713 -1.184000 0.000000 0.000000 0.000000 1.000000
0.998649 -0.012116 -0.050525 0.000000 0.008273 0.997105 -0.075579 13.663900 0.051294 0.075059 0.995859 -1.184000 0.000000 0.000000 0.000000 1.000000
0.998720 -0.010899 -0.049387 0.000000 0.007149 0.997121 -0.075488 13.663900 0.050067 0.075039 0.995923 -1.184000 0.000000 0.000000 0.000000 1.000000
0.998709 -0.010286 -0.049754 0.000000 0.006512 0.997130 -0.075428 13.663900 0.050387 0.075007 0.995909 -1.184000 0.000000 0.000000 0.000000 1.000000
0.998606 -0.010060 -0.051821 -0.000000 0.006135 0.997139 -0.075344 13.663900 0.052431 0.074921 0.995810 -1.184000 0.000000 0.000000 0.000000 1.000000
0.998415 -0.010323 -0.055334 0.000000 0.006127 0.997128 -0.075485 13.663900 0.055954 0.075027 0.995610 -1.184000 0.000000 0.000000 0.000000 1.000000
0.998163 -0.011102 -0.059561 0.000000 0.006550 0.997080 -0.076085 13.663900 0.060232 0.075556 0.995321 -1.184000 0.000000 0.000000 0.000000 1.000000
0.997910 -0.011938 -0.063510 -0.000000 0.007027 0.997008 -0.076984 13.663900 0.064239 0.076377 0.995007 -1.184000 0.000000 0.000000 0.000000 1.000000</float_array><technique_common><accessor source="#Spine-Matrix-animation-output-transform-array" count="66" stride="16"><param type="float4x4"/></accessor></technique_common></source><source id="Spine-Interpolations"><Name_array id="Spine-Interpolations-array" count="66">
 LINEAR LINEAR LINEAR LINEAR LINEAR LINEAR LINEAR LINEAR LINEAR LINEAR LINEAR
LINEAR LINEAR LINEAR LINEAR LINEAR LINEAR LINEAR LINEAR LINEAR LINEAR LINEAR LINEAR
LINEAR LINEAR LINEAR LINEAR LINEAR LINEAR LINEAR LINEAR LINEAR LINEAR LINEAR LINEAR
LINEAR LINEAR LINEAR LINEAR LINEAR LINEAR LINEAR LINEAR LINEAR LINEAR LINEAR LINEAR
LINEAR LINEAR LINEAR LINEAR LINEAR LINEAR LINEAR LINEAR LINEAR LINEAR LINEAR LINEAR
LINEAR LINEAR LINEAR LINEAR LINEAR LINEAR LINEAR</Name_array><technique_common><accessor source="#Spine-Interpolations-array" count="66"><param type="name"/></accessor></technique_common></source><sampler id="Spine-Matrix-animation-transform"><input semantic="INPUT" source="#Spine-Matrix-animation-input"/><input semantic="OUTPUT" source="#Spine-Matrix-animation-output-transform"/><input semantic="INTERPOLATION" source="#Spine-Interpolations"/></sampler><channel source="#Spine-Matrix-animation-transform" target="Spine/matrix"/></animation>
    <animation id="Spine1-anim" name="Spine1"><source id="Spine1-Matrix-animation-input"><float_array id="Spine1-Matrix-animation-input-array" count="66">

0.000000 0.033333 0.066667 0.100000 0.133333 0.166667 0.200000 0.233333 0.266667 0.300000 0.333333 0.366667 0.400000 0.433333 0.466667 0.500000
0.533333 0.566667 0.600000 0.633333 0.666667 0.700000 0.733333 0.766667 0.800000 0.833333 0.866667 0.900000 0.933333 0.966667 1.000000 1.033333
1.066667 1.100000 1.133333 1.166667 1.200000 1.233333 1.266667 1.300000 1.333333 1.366667 1.400000 1.433333 1.466667 1.500000 1.533333 1.566667
1.600000 1.633333 1.666667 1.700000 1.733333 1.766667 1.800000 1.833333 1.866667 1.900000 1.933333 1.966667 2.000000 2.033333 2.066667 2.100000
2.133333 2.166667</float_array><technique_common><accessor source="#Spine1-Matrix-animation-input-array" count="66"><param name="TIME" type="float"/></accessor></technique_common></source><source id="Spine1-Matrix-animation-output-transform"><float_array id="Spine1-Matrix-animation-output-transform-array" count="1056">

0.999526 0.018612 -0.024540 0.000000 -0.018702 0.999819 -0.003417 15.941200 0.024472 0.003874 0.999693 -1.381300 0.000000 0.000000 0.000000 1.000000
0.999530 0.018557 -0.024390 0.000000 -0.018652 0.999819 -0.003686 15.941200 0.024318 0.004140 0.999696 -1.381300 0.000000 0.000000 0.000000 1.000000
0.999539 0.018351 -0.024182 -0.000000 -0.018447 0.999823 -0.003760 15.941200 0.024108 0.004205 0.999701 -1.381300 0.000000 0.000000 0.000000 1.000000
0.999547 0.017991 -0.024112 0.000000 -0.018082 0.999830 -0.003588 15.941200 0.024044 0.004022 0.999703 -1.381300 0.000000 0.000000 0.000000 1.000000
0.999556 0.017606 -0.024047 -0.000000 -0.017697 0.999837 -0.003586 15.941200 0.023980 0.004010 0.999704 -1.381300 0.000000 0.000000 0.000000 1.000000
0.999570 0.017268 -0.023704 0.000000 -0.017366 0.999842 -0.003922 15.941200 0.023632 0.004332 0.999711 -1.381300 0.000000 0.000000 0.000000 1.000000
0.999594 0.016881 -0.022966 0.000000 -0.016985 0.999846 -0.004343 15.941200 0.022890 0.004731 0.999727 -1.381300 0.000000 0.000000 0.000000 1.000000
0.999629 0.016320 -0.021797 0.000000 -0.016428 0.999854 -0.004796 15.941200 0.021715 0.005152 0.999751 -1.381300 0.000000 0.000000 0.000000 1.000000
0.999680 0.015425 -0.020069 0.000000 -0.015536 0.999865 -0.005381 15.941200 0.019983 0.005691 0.999784 -1.381300 0.000000 0.000000 0.000000 1.000000
0.999748 0.014056 -0.017498 0.000000 -0.014162 0.999882 -0.005948 15.941200 0.017412 0.006195 0.999829 -1.381300 0.000000 0.000000 0.000000 1.000000
0.999832 0.012252 -0.013627 0.000000 -0.012337 0.999905 -0.006140 15.941200 0.013551 0.006307 0.999888 -1.381300 0.000000 0.000000 0.000000 1.000000
0.999916 0.010292 -0.007924 0.000000 -0.010339 0.999930 -0.005833 15.941200 0.007863 0.005915 0.999952 -1.381300 0.000000 0.000000 0.000000 1.000000
0.999965 0.008378 -0.000362 0.000000 -0.008380 0.999952 -0.005123 15.941200 0.000319 0.005126 0.999987 -1.381300 0.000000 0.000000 0.000000 1.000000
0.999947 0.006408 0.008049 -0.000000 -0.006377 0.999972 -0.003886 15.941200 -0.008074 0.003834 0.999960 -1.381300 0.000000 0.000000 0.000000 1.000000
0.999866 0.004294 0.015811 0.000000 -0.004262 0.999989 -0.002073 15.941200 -0.015820 0.002005 0.999873 -1.381300 0.000000 0.000000 0.000000 1.000000
0.999751 0.002237 0.022203 0.000000 -0.002238 0.999997 0.000011 15.941200 -0.022203 -0.000060 0.999753 -1.381300 0.000000 0.000000 0.000000 1.000000
0.999620 0.000557 0.027546 0.000000 -0.000617 0.999997 0.002166 15.941200 -0.027545 -0.002182 0.999618 -1.381300 0.000000 0.000000 0.000000 1.000000
0.999485 -0.000525 0.032071 0.000000 0.000382 0.999990 0.004470 15.941200 -0.032073 -0.004455 0.999476 -1.381300 0.000000 0.000000 0.000000 1.000000
0.999374 -0.001240 0.035365 0.000000 0.000998 0.999976 0.006864 15.941200 -0.035372 -0.006824 0.999351 -1.381300 0.000000 0.000000 0.000000 1.000000
0.999312 -0.002358 0.037008 -0.000000 0.002025 0.999957 0.009018 15.941200 -0.037027 -0.008937 0.999274 -1.381300 0.000000 0.000000 0.000000 1.000000
0.999301 -0.004452 0.037129 0.000000 0.004061 0.999936 0.010598 15.941200 -0.037174 -0.010440 0.999254 -1.381300 0.000000 0.000000 0.000000 1.000000
0.999313 -0.007259 0.036345 0.000000 0.006844 0.999910 0.011516 15.941200 -0.036425 -0.011260 0.999273 -1.381300 0.000000 0.000000 0.000000 1.000000
0.999326 -0.010120 0.035299 0.000000 0.009706 0.999882 0.011886 15.941200 -0.035415 -0.011535 0.999306 -1.381300 0.000000 0.000000 0.000000 1.000000
0.999344 -0.013038 0.033789 0.000000 0.012649 0.999852 0.011699 15.941200 -0.033936 -0.011264 0.999361 -1.381300 0.000000 0.000000 0.000000 1.000000
0.999396 -0.016893 0.030379 0.000000 0.016578 0.999807 0.010580 15.941200 -0.030552 -0.010070 0.999482 -1.381300 0.000000 0.000000 0.000000 1.000000
0.999481 -0.021833 0.023673 -0.000000 0.021654 0.999735 0.007817 15.941200 -0.023837 -0.007301 0.999689 -1.381300 0.000000 0.000000 0.000000 1.000000
0.999604 -0.024794 0.013339 0.000000 0.024755 0.999689 0.003082 15.941200 -0.013411 -0.002750 0.999906 -1.381300 0.000000 0.000000 0.000000 1.000000
0.999814 -0.019241 -0.000930 0.000000 0.019240 0.999813 -0.001826 15.941200 0.000965 0.001808 0.999998 -1.381300 0.000000 0.000000 0.000000 1.000000
0.999834 -0.003860 -0.017795 0.000000 0.003818 0.999990 -0.002438 15.941200 0.017804 0.002370 0.999839 -1.381300 0.000000 0.000000 0.000000 1.000000
0.999400 0.012444 -0.032309 0.000000 -0.012449 0.999923 0.000052 15.941200 0.032307 0.000350 0.999478 -1.381300 0.000000 0.000000 0.000000 1.000000
0.998936 0.021112 -0.040995 -0.000000 -0.021153 0.999776 -0.000579 15.941200 0.040974 0.001445 0.999159 -1.381300 0.000000 0.000000 0.000000 1.000000
0.998756 0.021538 -0.044967 -0.000000 -0.021711 0.999759 -0.003364 15.941200 0.044884 0.004336 0.998983 -1.381300 0.000000 0.000000 0.000000 1.000000
0.998722 0.018788 -0.046910 0.000000 -0.019012 0.999810 -0.004344 15.941200 0.046819 0.005230 0.998890 -1.381300 0.000000 0.000000 0.000000 1.000000
0.998755 0.016776 -0.046990 0.000000 -0.017038 0.999841 -0.005175 15.941200 0.046895 0.005969 0.998882 -1.381300 0.000000 0.000000 0.000000 1.000000
0.998867 0.015872 -0.044858 0.000000 -0.016212 0.999842 -0.007227 15.941200 0.044736 0.007946 0.998967 -1.381300 0.000000 0.000000 0.000000 1.000000
0.998994 0.015377 -0.042128 -0.000000 -0.015746 0.999840 -0.008432 15.941200 0.041992 0.009087 0.999077 -1.381300 0.000000 0.000000 0.000000 1.000000
0.999041 0.015308 -0.041030 0.000000 -0.015645 0.999846 -0.007923 15.941200 0.040902 0.008557 0.999127 -1.381300 0.000000 0.000000 0.000000 1.000000
0.998997 0.015814 -0.041900 0.000000 -0.016117 0.999846 -0.006910 15.941200 0.041784 0.007578 0.999098 -1.381300 0.000000 0.000000 0.000000 1.000000
0.998928 0.016516 -0.043249 0.000000 -0.016804 0.999839 -0.006306 15.941200 0.043138 0.007026 0.999044 -1.381300 0.000000 0.000000 0.000000 1.000000
0.998902 0.016687 -0.043765 0.000000 -0.016959 0.999839 -0.005835 15.941200 0.043660 0.006571 0.999025 -1.381300 0.000000 0.000000 0.000000 1.000000
0.998942 0.015951 -0.043133 0.000000 -0.016189 0.999856 -0.005171 15.941200 0.043045 0.005864 0.999056 -1.381300 0.000000 0.000000 0.000000 1.000000
0.999028 0.014608 -0.041590 0.000000 -0.014814 0.999879 -0.004658 15.941200 0.041517 0.005270 0.999124 -1.381300 0.000000 0.000000 0.000000 1.000000
0.999130 0.013229 -0.039546 -0.000000 -0.013415 0.999900 -0.004442 15.941200 0.039483 0.004969 0.999208 -1.381300 0.000000 0.000000 0.000000 1.000000
0.999223 0.012287 -0.037454 -0.000000 -0.012452 0.999914 -0.004182 15.941200 0.037399 0.004645 0.999290 -1.381300 0.000000 0.000000 0.000000 1.000000
0.999298 0.011754 -0.035582 0.000000 -0.011895 0.999922 -0.003756 15.941200 0.035535 0.004177 0.999360 -1.381300 0.000000 0.000000 0.000000 1.000000
0.999364 0.011132 -0.033865 0.000000 -0.011251 0.999931 -0.003332 15.941200 0.033826 0.003711 0.999421 -1.381300 0.000000 0.000000 0.000000 1.000000
0.999429 0.010335 -0.032154 0.000000 -0.010434 0.999941 -0.002914 15.941200 0.032122 0.003248 0.999479 -1.381300 0.000000 0.000000 0.000000 1.000000
0.999485 0.009797 -0.030557 0.000000 -0.009874 0.999948 -0.002367 15.941200 0.030532 0.002667 0.999530 -1.381300 0.000000 0.000000 0.000000 1.000000
0.999522 0.009652 -0.029358 0.000000 -0.009710 0.999951 -0.001815 15.941200 0.029339 0.002099 0.999567 -1.381300 0.000000 0.000000 0.000000 1.000000
0.999545 0.009642 -0.028578 0.000000 -0.009685 0.999952 -0.001352 15.941200 0.028564 0.001628 0.999591 -1.381300 0.000000 0.000000 0.000000 1.000000
0.999566 0.009876 -0.027770 -0.000000 -0.009903 0.999951 -0.000824 15.941200 0.027760 0.001099 0.999614 -1.381300 0.000000 0.000000 0.000000 1.000000
0.999589 0.010740 -0.026592 0.000000 -0.010749 0.999942 -0.000211 15.941200 0.026588 0.000496 0.999646 -1.381300 0.000000 0.000000 0.000000 1.000000
0.999606 0.012191 -0.025301 0.000000 -0.012189 0.999926 0.000231 15.941200 0.025302 0.000077 0.999680 -1.381300 0.000000 0.000000 0.000000 1.000000
0.999608 0.013897 -0.024298 0.000000 -0.013895 0.999903 0.000263 15.941200 0.024299 0.000075 0.999705 -1.381300 0.000000 0.000000 0.000000 1.000000
0.999600 0.015523 -0.023654 0.000000 -0.015530 0.999879 -0.000084 15.941200 0.023650 0.000451 0.999720 -1.381300 0.000000 0.000000 0.000000 1.000000
0.999593 0.016692 -0.023151 -0.000000 -0.016709 0.999860 -0.000535 15.941200 0.023138 0.000922 0.999732 -1.381300 0.000000 0.000000 0.000000 1.000000
0.999600 0.017166 -0.022498 -0.000000 -0.017190 0.999852 -0.000881 15.941200 0.022480 0.001268 0.999746 -1.381300 0.000000 0.000000 0.000000 1.000000
0.999619 0.017189 -0.021582 0.000000 -0.017222 0.999851 -0.001337 15.941200 0.021556 0.001708 0.999766 -1.381300 0.000000 0.000000 0.000000 1.000000
0.999641 0.017178 -0.020554 0.000000 -0.017225 0.999849 -0.002081 15.941200 0.020515 0.002435 0.999787 -1.381300 0.000000 0.000000 0.000000 1.000000
0.999657 0.017304 -0.019677 -0.000000 -0.017365 0.999845 -0.002904 15.941200 0.019624 0.003245 0.999802 -1.381300 0.000000 0.000000 0.000000 1.000000
0.999662 0.017518 -0.019192 -0.000000 -0.017589 0.999839 -0.003520 15.941200 0.019127 0.003856 0.999810 -1.381300 0.000000 0.000000 0.000000 1.000000
0.999656 0.017786 -0.019289 0.000000 -0.017864 0.999833 -0.003913 15.941200 0.019216 0.004256 0.999806 -1.381300 0.000000 0.000000 0.000000 1.000000
0.999636 0.018065 -0.020045 -0.000000 -0.018151 0.999827 -0.004115 15.941200 0.019967 0.004478 0.999791 -1.381300 0.000000 0.000000 0.000000 1.000000
0.999604 0.018305 -0.021371 0.000000 -0.018395 0.999823 -0.004038 15.941200 0.021294 0.004430 0.999763 -1.381300 0.000000 0.000000 0.000000 1.000000
0.999564 0.018510 -0.022993 0.000000 -0.018601 0.999820 -0.003733 15.941200 0.022920 0.004159 0.999729 -1.381300 0.000000 0.000000 0.000000 1.000000
0.999526 0.018613 -0.024539 0.000000 -0.018702 0.999819 -0.003417 15.941200 0.024471 0.003874 0.999693 -1.381300 0.000000 0.000000 0.000000 1.000000</float_array><technique_common><accessor source="#Spine1-Matrix-animation-output-transform-array" count="66" stride="16"><param type="float4x4"/></accessor></technique_common></source><source id="Spine1-Interpolations"><Name_array id="Spine1-Interpolations-array" count="66">
 LINEAR LINEAR LINEAR LINEAR LINEAR LINEAR LINEAR LINEAR LINEAR LINEAR LINEAR
LINEAR LINEAR LINEAR LINEAR LINEAR LINEAR LINEAR LINEAR LINEAR LINEAR LINEAR LINEAR
LINEAR LINEAR LINEAR LINEAR LINEAR LINEAR LINEAR LINEAR LINEAR LINEAR LINEAR LINEAR
LINEAR LINEAR LINEAR LINEAR LINEAR LINEAR LINEAR LINEAR LINEAR LINEAR LINEAR LINEAR
LINEAR LINEAR LINEAR LINEAR LINEAR LINEAR LINEAR LINEAR LINEAR LINEAR LINEAR LINEAR
LINEAR LINEAR LINEAR LINEAR LINEAR LINEAR LINEAR</Name_array><technique_common><accessor source="#Spine1-Interpolations-array" count="66"><param type="name"/></accessor></technique_common></source><sampler id="Spine1-Matrix-animation-transform"><input semantic="INPUT" source="#Spine1-Matrix-animation-input"/><input semantic="OUTPUT" source="#Spine1-Matrix-animation-output-transform"/><input semantic="INTERPOLATION" source="#Spine1-Interpolations"/></sampler><channel source="#Spine1-Matrix-animation-transform" target="Spine1/matrix"/></animation>
    <animation id="Spine2-anim" name="Spine2"><source id="Spine2-Matrix-animation-input"><float_array id="Spine2-Matrix-animation-input-array" count="66">

0.000000 0.033333 0.066667 0.100000 0.133333 0.166667 0.200000 0.233333 0.266667 0.300000 0.333333 0.366667 0.400000 0.433333 0.466667 0.500000
0.533333 0.566667 0.600000 0.633333 0.666667 0.700000 0.733333 0.766667 0.800000 0.833333 0.866667 0.900000 0.933333 0.966667 1.000000 1.033333
1.066667 1.100000 1.133333 1.166667 1.200000 1.233333 1.266667 1.300000 1.333333 1.366667 1.400000 1.433333 1.466667 1.500000 1.533333 1.566667
1.600000 1.633333 1.666667 1.700000 1.733333 1.766667 1.800000 1.833333 1.866667 1.900000 1.933333 1.966667 2.000000 2.033333 2.066667 2.100000
2.133333 2.166667</float_array><technique_common><accessor source="#Spine2-Matrix-animation-input-array" count="66"><param name="TIME" type="float"/></accessor></technique_common></source><source id="Spine2-Matrix-animation-output-transform"><float_array id="Spine2-Matrix-animation-output-transform-array" count="1056">

0.999493 0.017920 -0.026307 0.000000 -0.018003 0.999834 -0.002893 11.776900 0.026251 0.003365 0.999650 -1.578600 0.000000 0.000000 0.000000 1.000000
0.999498 0.017874 -0.026153 0.000000 -0.017963 0.999834 -0.003171 11.776900 0.026092 0.003639 0.999653 -1.578600 0.000000 0.000000 0.000000 1.000000
0.999508 0.017673 -0.025930 -0.000000 -0.017763 0.999837 -0.003256 11.776900 0.025869 0.003715 0.999658 -1.578600 0.000000 0.000000 0.000000 1.000000
0.999516 0.017311 -0.025830 0.000000 -0.017397 0.999844 -0.003093 11.776900 0.025773 0.003541 0.999662 -1.578600 0.000000 0.000000 0.000000 1.000000
0.999526 0.016940 -0.025708 0.000000 -0.017025 0.999850 -0.003101 11.776900 0.025652 0.003537 0.999665 -1.578600 0.000000 0.000000 0.000000 1.000000
0.999542 0.016639 -0.025290 0.000000 -0.016731 0.999854 -0.003453 11.776900 0.025229 0.003875 0.999674 -1.578600 0.000000 0.000000 0.000000 1.000000
0.999568 0.016297 -0.024478 -0.000000 -0.016397 0.999858 -0.003897 11.776900 0.024411 0.004297 0.999693 -1.578600 0.000000 0.000000 0.000000 1.000000
0.999605 0.015786 -0.023233 -0.000000 -0.015892 0.999864 -0.004382 11.776900 0.023161 0.004749 0.999720 -1.578600 0.000000 0.000000 0.000000 1.000000
0.999659 0.014952 -0.021409 0.000000 -0.015062 0.999874 -0.005017 11.776900 0.021331 0.005338 0.999758 -1.578600 0.000000 0.000000 0.000000 1.000000
0.999732 0.013647 -0.018717 -0.000000 -0.013755 0.999889 -0.005668 11.776900 0.018637 0.005924 0.999809 -1.578600 0.000000 0.000000 0.000000 1.000000
0.999821 0.011915 -0.014711 0.000000 -0.012004 0.999910 -0.005965 11.776900 0.014639 0.006141 0.999874 -1.578600 0.000000 0.000000 0.000000 1.000000
0.999910 0.010068 -0.008866 0.000000 -0.010119 0.999932 -0.005758 11.776900 0.008808 0.005848 0.999944 -1.578600 0.000000 0.000000 0.000000 1.000000
0.999964 0.008353 -0.001131 0.000000 -0.008359 0.999952 -0.005116 11.776900 0.001088 0.005125 0.999986 -1.578600 0.000000 0.000000 0.000000 1.000000
0.999949 0.006676 0.007522 0.000000 -0.006647 0.999970 -0.003905 11.776900 -0.007548 0.003855 0.999964 -1.578600 0.000000 0.000000 0.000000 1.000000
