<?xml version="1.0" encoding="utf-8"?>
<COLLADA xmlns="http://www.collada.org/2005/11/COLLADASchema" version="1.4.1">
  <asset><contributor><author>Mixamo</author><authoring_tool>COLLADA Mixamo exporter</authoring_tool><comments></comments></contributor><created>2020-08-05T15:19:20Z</created><modified>2020-08-05T15:19:20Z</modified><revision></revision><title></title><unit meter="0.010000"/><up_axis>Y_UP</up_axis></asset>
  <library_animations>
    <animation id="Hips-anim" name="Hips"><source id="Hips-Matrix-animation-input"><float_array id="Hips-Matrix-animation-input-array" count="111">

0.000000 0.033333 0.066667 0.100000 0.133333 0.166667 0.200000 0.233333 0.266667 0.300000 0.333333 0.366667 0.400000 0.433333 0.466667 0.500000
0.533333 0.566667 0.600000 0.633333 0.666667 0.700000 0.733333 0.766667 0.800000 0.833333 0.866667 0.900000 0.933333 0.966667 1.000000 1.033333
1.066667 1.100000 1.133333 1.166667 1.200000 1.233333 1.266667 1.300000 1.333333 1.366667 1.400000 1.433333 1.466667 1.500000 1.533333 1.566667
1.600000 1.633333 1.666667 1.700000 1.733333 1.766667 1.800000 1.833333 1.866667 1.900000 1.933333 1.966667 2.000000 2.033333 2.066667 2.100000
2.133333 2.166667 2.200000 2.233333 2.266667 2.300000 2.333333 2.366667 2.400000 2.433333 2.466667 2.500000 2.533333 2.566667 2.600000 2.633333
2.666667 2.700000 2.733333 2.766667 2.800000 2.833333 2.866667 2.900000 2.933333 2.966667 3.000000 3.033333 3.066667 3.100000 3.133333 3.166667
3.200000 3.233333 3.266667 3.300000 3.333333 3.366667 3.400000 3.433333 3.466667 3.500000 3.533333 3.566667 3.600000 3.633333 3.666667</float_array><technique_common><accessor source="#Hips-Matrix-animation-input-array" count="111"><param name="TIME" type="float"/></accessor></technique_common></source><source id="Hips-Matrix-animation-output-transform"><float_array id="Hips-Matrix-animation-output-transform-array" count="1776">

0.522456 -0.059339 -0.850599 -0.803957 0.068157 0.997290 -0.027709 83.767899 0.849938 -0.043497 0.525084 0.315121 0.000000 0.000000 0.000000 1.000000
0.515312 -0.029055 -0.856510 -1.083870 0.059693 0.998215 0.002052 83.588310 0.854921 -0.052185 0.516127 0.605550 0.000000 0.000000 0.000000 1.000000
0.529936 -0.002582 -0.848033 -2.873904 0.055628 0.997947 0.031723 83.809525 0.846211 -0.063986 0.528992 1.808976 0.000000 0.000000 0.000000 1.000000
0.581086 0.020329 -0.813588 -5.875286 0.056699 0.996248 0.065390 86.887581 0.811864 -0.084127 0.577753 3.528034 0.000000 0.000000 0.000000 1.000000
0.642228 0.039939 -0.765472 -6.904295 0.057120 0.993371 0.099754 89.049248 0.764382 -0.107789 0.635690 5.466630 0.000000 0.000000 0.000000 1.000000
0.700520 0.054367 -0.711559 -6.235057 0.056652 0.989710 0.131393 88.729996 0.711381 -0.132355 0.690232 7.406263 0.000000 0.000000 0.000000 1.000000
0.750191 0.064230 -0.658095 -5.800083 0.054617 0.985850 0.158480 88.771126 0.658962 -0.154833 0.736068 9.341146 0.000000 0.000000 0.000000 1.000000
0.789458 0.070261 -0.609770 -5.583098 0.051865 0.982238 0.180328 89.556053 0.611610 -0.173987 0.771791 11.226546 0.000000 0.000000 0.000000 1.000000
0.818765 0.073544 -0.569398 -5.460818 0.049047 0.979176 0.196998 90.407005 0.572029 -0.189223 0.798108 13.014812 0.000000 0.000000 0.000000 1.000000
0.837884 0.074249 -0.540775 -5.405362 0.046251 0.977485 0.205872 91.254250 0.543885 -0.197508 0.815585 14.842815 0.000000 0.000000 0.000000 1.000000
0.852091 0.073814 -0.518162 -5.379997 0.042858 0.976840 0.209633 91.875351 0.521635 -0.200834 0.829194 16.633812 0.000000 0.000000 0.000000 1.000000
0.861958 0.072725 -0.501736 -5.281459 0.039673 0.976947 0.209762 92.070747 0.505425 -0.200711 0.839203 18.339977 0.000000 0.000000 0.000000 1.000000
0.866840 0.069913 -0.493660 -5.134047 0.038546 0.977759 0.206157 91.967682 0.497093 -0.197734 0.844866 19.950714 0.000000 0.000000 0.000000 1.000000
0.867720 0.066124 -0.492636 -5.043019 0.039050 0.978979 0.200186 91.575272 0.495517 -0.192942 0.846898 21.497982 0.000000 0.000000 0.000000 1.000000
0.866506 0.062442 -0.495245 -4.984235 0.039761 0.980359 0.193174 90.953049 0.497580 -0.187078 0.847004 23.012827 0.000000 0.000000 0.000000 1.000000
0.865753 0.061318 -0.496701 -4.957355 0.037521 0.981721 0.186593 90.188278 0.499063 -0.180180 0.847627 24.535297 0.000000 0.000000 0.000000 1.000000
0.867904 0.064187 -0.492567 -5.016145 0.030497 0.982860 0.181813 89.412132 0.495795 -0.172818 0.851071 26.063091 0.000000 0.000000 0.000000 1.000000
0.874187 0.069329 -0.480615 -4.969355 0.020262 0.983685 0.178752 88.667732 0.485166 -0.166001 0.858520 27.580250 0.000000 0.000000 0.000000 1.000000
0.884274 0.072060 -0.461374 -4.765816 0.011803 0.984257 0.176348 87.953049 0.466819 -0.161385 0.869503 29.079784 0.000000 0.000000 0.000000 1.000000
0.896848 0.070548 -0.436678 -4.613915 0.007054 0.984793 0.173588 87.262756 0.442283 -0.158763 0.882712 30.548719 0.000000 0.000000 0.000000 1.000000
0.910191 0.067588 -0.408638 -4.551044 0.003794 0.985194 0.171401 86.526352 0.414172 -0.157558 0.896458 31.971504 0.000000 0.000000 0.000000 1.000000
0.922706 0.065664 -0.379871 -4.477750 0.000110 0.985342 0.170592 85.723289 0.385505 -0.157448 0.909173 33.348934 0.000000 0.000000 0.000000 1.000000
0.933257 0.064452 -0.353379 -4.435734 -0.003388 0.985307 0.170761 84.876022 0.359193 -0.158166 0.919763 34.670364 0.000000 0.000000 0.000000 1.000000
0.941595 0.063049 -0.330793 -4.470621 -0.005801 0.985207 0.171269 83.906937 0.336698 -0.159347 0.928032 35.924995 0.000000 0.000000 0.000000 1.000000
0.948011 0.062222 -0.312097 -4.587695 -0.008320 0.985210 0.171149 82.840950 0.318130 -0.159654 0.934507 37.169060 0.000000 0.000000 0.000000 1.000000
0.953058 0.062331 -0.296303 -4.771628 -0.011749 0.985458 0.169512 81.595703 0.302560 -0.158073 0.939931 38.432945 0.000000 0.000000 0.000000 1.000000
0.957191 0.063584 -0.282386 -5.011667 -0.016617 0.986037 0.165696 80.130280 0.288979 -0.153910 0.944882 39.823601 0.000000 0.000000 0.000000 1.000000
0.960641 0.065784 -0.269891 -5.353415 -0.022902 0.987003 0.159059 78.382027 0.276847 -0.146618 0.949663 41.220787 0.000000 0.000000 0.000000 1.000000
0.963401 0.068385 -0.259196 -5.812526 -0.029995 0.988341 0.149271 76.104927 0.266382 -0.136033 0.954220 42.520554 0.000000 0.000000 0.000000 1.000000
0.965116 0.070786 -0.252074 -6.434277 -0.036588 0.989776 0.137856 72.956863 0.259255 -0.123824 0.957838 43.780399 0.000000 0.000000 0.000000 1.000000
0.965147 0.073063 -0.251303 -7.162569 -0.041860 0.990975 0.127346 68.965637 0.258340 -0.112388 0.959494 45.026791 0.000000 0.000000 0.000000 1.000000
0.962910 0.074456 -0.259347 -7.957297 -0.044374 0.991784 0.119978 64.400063 0.266149 -0.104020 0.958303 46.177746 0.000000 0.000000 0.000000 1.000000
0.957963 0.075207 -0.276858 -8.601146 -0.044183 0.992190 0.116645 58.978378 0.283468 -0.099509 0.953805 47.202579 0.000000 0.000000 0.000000 1.000000
0.950154 0.076855 -0.302159 -9.234064 -0.042959 0.992170 0.117276 52.875473 0.308807 -0.098450 0.946016 48.378292 0.000000 0.000000 0.000000 1.000000
0.940881 0.082448 -0.328550 -9.791435 -0.044646 0.991648 0.120996 47.021339 0.335782 -0.099174 0.936704 49.692204 0.000000 0.000000 0.000000 1.000000
0.933891 0.095510 -0.344565 -10.105443 -0.054783 0.990507 0.126078 43.341042 0.353336 -0.098867 0.930258 50.548042 0.000000 0.000000 0.000000 1.000000
0.934233 0.107000 -0.340233 -9.845451 -0.067257 0.989675 0.126567 41.971546 0.350263 -0.095360 0.931784 51.880894 0.000000 0.000000 0.000000 1.000000
0.943724 0.112875 -0.310878 -9.509232 -0.078825 0.989636 0.120034 42.436867 0.321205 -0.088774 0.942840 54.006737 0.000000 0.000000 0.000000 1.000000
0.958361 0.115899 -0.260981 -9.447015 -0.091494 0.990377 0.103837 43.638779 0.270504 -0.075636 0.959743 56.589497 0.000000 0.000000 0.000000 1.000000
0.971277 0.119837 -0.205574 -9.587912 -0.105792 0.991321 0.078044 44.881660 0.213143 -0.054054 0.975525 58.973801 0.000000 0.000000 0.000000 1.000000
0.978842 0.128371 -0.159339 -9.294144 -0.122681 0.991421 0.045090 45.790306 0.163760 -0.024589 0.986194 61.011448 0.000000 0.000000 0.000000 1.000000
0.981775 0.137976 -0.130692 -8.687810 -0.138004 0.990392 0.008890 45.862259 0.130663 0.009308 0.991383 62.378910 0.000000 0.000000 0.000000 1.000000
0.982663 0.142515 -0.118586 -8.054615 -0.146196 0.988991 -0.022898 45.476547 0.114017 0.039838 0.992680 63.355186 0.000000 0.000000 0.000000 1.000000
0.983184 0.137872 -0.119754 -7.287493 -0.144482 0.988325 -0.048354 44.973347 0.111689 0.064843 0.991625 64.783417 0.000000 0.000000 0.000000 1.000000
0.983436 0.124529 -0.131708 -6.750337 -0.134532 0.988436 -0.069960 44.583584 0.121473 0.086521 0.988817 65.554848 0.000000 0.000000 0.000000 1.000000
0.982760 0.107969 -0.150084 -6.261367 -0.122810 0.988026 -0.093392 44.218182 0.138204 0.110214 0.984252 66.156830 0.000000 0.000000 0.000000 1.000000
0.980389 0.096559 -0.171797 -5.825528 -0.118198 0.985648 -0.120531 44.141285 0.157693 0.138474 0.977731 67.027405 0.000000 0.000000 0.000000 1.000000
0.976498 0.090646 -0.195538 -5.358438 -0.120891 0.981458 -0.148744 43.955254 0.178429 0.168887 0.969350 68.445091 0.000000 0.000000 0.000000 1.000000
0.970853 0.087939 -0.222958 -5.148029 -0.128716 0.976025 -0.175519 44.181767 0.202178 0.199101 0.958897 69.182213 0.000000 0.000000 0.000000 1.000000
0.963705 0.088151 -0.251995 -4.719270 -0.140692 0.969895 -0.198769 44.361595 0.226887 0.227009 0.947095 70.645363 0.000000 0.000000 0.000000 1.000000
0.954975 0.089389 -0.282900 -4.187046 -0.155221 0.963153 -0.219644 44.516010 0.252842 0.253667 0.933662 72.260040 0.000000 0.000000 0.000000 1.000000
0.944371 0.091349 -0.315941 -3.616671 -0.171577 0.956405 -0.236327 44.659691 0.280579 0.277388 0.918875 73.974792 0.000000 0.000000 0.000000 1.000000
0.932953 0.093067 -0.347759 -3.145634 -0.188954 0.948837 -0.252990 44.736115 0.306422 0.301738 0.902807 75.729897 0.000000 0.000000 0.000000 1.000000
0.922352 0.095005 -0.374487 -2.831937 -0.207060 0.939889 -0.271541 44.707401 0.326178 0.327998 0.886581 77.685440 0.000000 0.000000 0.000000 1.000000
0.914622 0.096966 -0.392510 -2.592787 -0.224763 0.928921 -0.294259 44.513367 0.336077 0.357357 0.871406 79.801659 0.000000 0.000000 0.000000 1.000000
0.910212 0.097419 -0.402521 -2.388362 -0.240078 0.916086 -0.321170 44.155262 0.337456 0.388969 0.857220 81.854713 0.000000 0.000000 0.000000 1.000000
0.908449 0.096455 -0.406716 -2.280892 -0.253335 0.900995 -0.352179 43.698357 0.332479 0.422972 0.842943 83.900085 0.000000 0.000000 0.000000 1.000000
0.908885 0.094725 -0.406147 -2.190210 -0.264826 0.883408 -0.386597 43.075008 0.322173 0.458930 0.828002 86.048256 0.000000 0.000000 0.000000 1.000000
0.911539 0.093519 -0.400437 -2.074638 -0.275111 0.862456 -0.424833 42.275436 0.305630 0.497417 0.811891 88.354446 0.000000 0.000000 0.000000 1.000000
0.916853 0.092040 -0.388470 -1.945782 -0.282267 0.837578 -0.467748 41.250839 0.282323 0.538508 0.793916 90.760651 0.000000 0.000000 0.000000 1.000000
0.925231 0.089653 -0.368660 -1.869873 -0.284005 0.807952 -0.516289 39.938877 0.251573 0.582388 0.773004 93.314354 0.000000 0.000000 0.000000 1.000000
0.936344 0.086376 -0.340292 -1.846727 -0.278730 0.772233 -0.570934 38.317780 0.213470 0.629440 0.747152 95.983658 0.000000 0.000000 0.000000 1.000000
0.948542 0.081271 -0.306046 -1.907037 -0.265811 0.729610 -0.630091 36.308380 0.172086 0.679017 0.713668 98.811348 0.000000 0.000000 0.000000 1.000000
0.960220 0.074775 -0.269048 -2.007768 -0.246576 0.679260 -0.691236 33.829315 0.131066 0.730079 0.670676 101.873138 0.000000 0.000000 0.000000 1.000000
0.970465 0.069530 -0.231006 -2.108323 -0.223562 0.619041 -0.752867 30.897633 0.090656 0.782275 0.616302 104.979561 0.000000 0.000000 0.000000 1.000000
0.978904 0.066383 -0.193238 -2.145898 -0.197777 0.545312 -0.814567 27.311249 0.051301 0.835600 0.546937 108.301590 0.000000 0.000000 0.000000 1.000000
0.985644 0.063557 -0.156418 -2.252795 -0.168170 0.451892 -0.876078 23.330887 0.015003 0.889806 0.456093 111.484329 0.000000 0.000000 0.000000 1.000000
0.991208 0.061683 -0.117051 -2.391609 -0.130970 0.331884 -0.934184 19.247375 -0.018776 0.941301 0.337045 114.185287 0.000000 0.000000 0.000000 1.000000
0.995795 0.057702 -0.071152 -2.685721 -0.080909 0.189708 -0.978501 17.655396 -0.042963 0.980144 0.193578 116.601540 0.000000 0.000000 0.000000 1.000000
0.998473 0.052384 -0.017532 -3.326753 -0.019735 0.041829 -0.998930 18.063931 -0.051594 0.997751 0.042799 119.455101 0.000000 0.000000 0.000000 1.000000
0.998131 0.044626 0.041745 -4.002701 0.045527 -0.087392 -0.995133 19.644432 -0.040760 0.995174 -0.089260 122.380234 0.000000 0.000000 0.000000 1.000000
0.994351 0.039120 0.098673 -4.810695 0.104205 -0.182874 -0.977598 21.820259 -0.020199 0.982358 -0.185918 124.544930 0.000000 0.000000 0.000000 1.000000
0.988777 0.038522 0.144346 -5.575997 0.149395 -0.249141 -0.956875 23.582184 -0.000898 0.967701 -0.252100 126.540184 0.000000 0.000000 0.000000 1.000000
0.983854 0.044404 0.173377 -6.337452 0.178701 -0.297139 -0.937963 24.801060 0.009868 0.953801 -0.300276 128.509308 0.000000 0.000000 0.000000 1.000000
0.980872 0.054633 0.186831 -6.914744 0.194235 -0.337745 -0.920978 25.621895 0.012786 0.939651 -0.341896 130.434464 0.000000 0.000000 0.000000 1.000000
0.979389 0.068013 0.190189 -7.407787 0.201771 -0.372725 -0.905740 26.127409 0.009286 0.925446 -0.378766 131.999176 0.000000 0.000000 0.000000 1.000000
0.978092 0.084085 0.190435 -7.928816 0.208170 -0.399434 -0.892815 26.474419 0.000994 0.912898 -0.408187 133.172775 0.000000 0.000000 0.000000 1.000000
0.976122 0.102593 0.191471 -8.482716 0.216920 -0.413704 -0.884192 26.678432 -0.011499 0.904613 -0.426079 133.888290 0.000000 0.000000 0.000000 1.000000
0.973304 0.121885 0.194484 -9.022505 0.227972 -0.415060 -0.880769 26.794884 -0.026630 0.901592 -0.431766 133.850357 0.000000 0.000000 0.000000 1.000000
0.969850 0.140380 0.199211 -9.541612 0.239848 -0.404976 -0.882308 26.550579 -0.043183 0.903487 -0.426436 133.298706 0.000000 0.000000 0.000000 1.000000
0.966241 0.155967 0.205067 -9.969513 0.250714 -0.385892 -0.887823 25.529419 -0.059338 0.909264 -0.411967 132.657333 0.000000 0.000000 0.000000 1.000000
0.962920 0.167667 0.211360 -10.355922 0.259305 -0.358929 -0.896622 24.026381 -0.074470 0.918182 -0.389096 131.967529 0.000000 0.000000 0.000000 1.000000
0.959912 0.177169 0.217211 -10.616742 0.265350 -0.324647 -0.907851 22.129021 -0.090327 0.929094 -0.358645 131.082657 0.000000 0.000000 0.000000 1.000000
0.957717 0.184442 0.220815 -10.837697 0.267166 -0.285288 -0.920453 19.879189 -0.106774 0.940527 -0.322502 130.192505 0.000000 0.000000 0.000000 1.000000
0.956169 0.192016 0.221068 -10.921558 0.264329 -0.241193 -0.933786 17.643871 -0.125981 0.951292 -0.281376 129.104019 0.000000 0.000000 0.000000 1.000000
0.955975 0.199601 0.215107 -10.644923 0.254251 -0.197385 -0.946782 15.217260 -0.146520 0.959791 -0.239444 128.436737 0.000000 0.000000 0.000000 1.000000
0.958702 0.197039 0.205098 -10.693402 0.238131 -0.161808 -0.957660 13.693185 -0.155510 0.966951 -0.202047 128.120026 0.000000 0.000000 0.000000 1.000000
0.962670 0.190829 0.191965 -10.948507 0.219607 -0.136042 -0.966056 13.814915 -0.158237 0.972151 -0.172871 127.770607 0.000000 0.000000 0.000000 1.000000
0.967004 0.182573 0.177681 -10.871079 0.201485 -0.121260 -0.971957 14.986891 -0.155908 0.975686 -0.154045 127.086128 0.000000 0.000000 0.000000 1.000000
0.970454 0.176826 0.164171 -10.552048 0.185955 -0.114538 -0.975860 15.614906 -0.153753 0.977555 -0.144035 126.344551 0.000000 0.000000 0.000000 1.000000
0.973745 0.169748 0.151679 -10.299730 0.172075 -0.112646 -0.978622 15.789452 -0.149033 0.979028 -0.138897 125.891708 0.000000 0.000000 0.000000 1.000000
0.976829 0.164829 0.136516 -9.854918 0.156055 -0.112034 -0.981374 15.675541 -0.146464 0.979939 -0.135160 125.689972 0.000000 0.000000 0.000000 1.000000
0.980241 0.160234 0.115985 -9.349834 0.134763 -0.111751 -0.984556 15.328552 -0.144798 0.980733 -0.131137 125.557426 0.000000 0.000000 0.000000 1.000000
0.983766 0.155043 0.090362 -8.727757 0.108695 -0.114149 -0.987500 14.838413 -0.142790 0.981291 -0.129148 125.651833 0.000000 0.000000 0.000000 1.000000
0.986800 0.149039 0.063346 -8.127687 0.081781 -0.121003 -0.989278 14.169338 -0.139776 0.981400 -0.131594 125.927795 0.000000 0.000000 0.000000 1.000000
0.989040 0.142227 0.039632 -7.735549 0.058669 -0.132258 -0.989478 13.450351 -0.135489 0.980958 -0.139152 126.190483 0.000000 0.000000 0.000000 1.000000
0.990472 0.135857 0.022549 -7.725022 0.042487 -0.145699 -0.988416 13.320555 -0.130998 0.979956 -0.150083 126.215576 0.000000 0.000000 0.000000 1.000000
0.991368 0.130447 0.013143 -7.645117 0.033874 -0.157999 -0.986858 13.627239 -0.126656 0.978785 -0.161054 126.672607 0.000000 0.000000 0.000000 1.000000
0.991651 0.128563 0.010021 -7.595707 0.031535 -0.166425 -0.985550 13.555473 -0.125038 0.977637 -0.169090 126.784897 0.000000 0.000000 0.000000 1.000000
0.991429 0.130065 0.012341 -7.612988 0.034444 -0.169090 -0.984998 13.222955 -0.126027 0.976981 -0.172121 126.764648 0.000000 0.000000 0.000000 1.000000
0.990993 0.132754 0.017605 -7.738326 0.039990 -0.167899 -0.984993 12.790528 -0.127806 0.976825 -0.171696 126.736992 0.000000 0.000000 0.000000 1.000000
0.990556 0.135211 0.022719 -7.894690 0.045323 -0.166535 -0.984993 12.520975 -0.129398 0.976721 -0.171091 126.702011 0.000000 0.000000 0.000000 1.000000
0.990140 0.137265 0.027945 -8.083811 0.050684 -0.165071 -0.984979 12.523646 -0.130591 0.976683 -0.170400 126.773499 0.000000 0.000000 0.000000 1.000000
0.989628 0.139822 0.032947 -8.241169 0.055889 -0.163481 -0.984962 12.654358 -0.132333 0.976588 -0.169600 126.924309 0.000000 0.000000 0.000000 1.000000
0.989106 0.142228 0.037962 -8.411922 0.061071 -0.161816 -0.984929 12.636797 -0.133942 0.976518 -0.168739 126.918755 0.000000 0.000000 0.000000 1.000000
0.988539 0.144739 0.042919 -8.527466 0.066198 -0.160080 -0.984882 12.532385 -0.135680 0.976435 -0.167827 126.917892 0.000000 0.000000 0.000000 1.000000
0.987952 0.147163 0.047898 -8.609814 0.071326 -0.158303 -0.984811 12.395657 -0.137345 0.976362 -0.166893 126.923141 0.000000 0.000000 0.000000 1.000000
0.987360 0.149389 0.052951 -8.660115 0.076490 -0.156516 -0.984709 12.328285 -0.138817 0.976312 -0.165964 126.951561 0.000000 0.000000 0.000000 1.000000
0.986697 0.151901 0.057916 -8.633749 0.081608 -0.154701 -0.984585 12.312449 -0.140600 0.976214 -0.165039 126.959930 0.000000 0.000000 0.000000 1.000000
0.986010 0.154356 0.062921 -8.566750 0.086756 -0.152901 -0.984426 12.364579 -0.142332 0.976112 -0.164153 126.972916 0.000000 0.000000 0.000000 1.000000
0.985283 0.156843 0.067955 -8.449584 0.091940 -0.151131 -0.984229 12.400344 -0.144099 0.975992 -0.163327 126.974510 0.000000 0.000000 0.000000 1.000000</float_array><technique_common><accessor source="#Hips-Matrix-animation-output-transform-array" count="111" stride="16"><param type="float4x4"/></accessor></technique_common></source><source id="Hips-Interpolations"><Name_array id="Hips-Interpolations-array" count="111">
 LINEAR LINEAR LINEAR LINEAR LINEAR LINEAR LINEAR LINEAR LINEAR LINEAR LINEAR
LINEAR LINEAR LINEAR LINEAR LINEAR LINEAR LINEAR LINEAR LINEAR LINEAR LINEAR LINEAR
LINEAR LINEAR LINEAR LINEAR LINEAR LINEAR LINEAR LINEAR LINEAR LINEAR LINEAR LINEAR
LINEAR LINEAR LINEAR LINEAR LINEAR LINEAR LINEAR LINEAR LINEAR LINEAR LINEAR LINEAR
LINEAR LINEAR LINEAR LINEAR LINEAR LINEAR LINEAR LINEAR LINEAR LINEAR LINEAR LINEAR
LINEAR LINEAR LINEAR LINEAR LINEAR LINEAR LINEAR LINEAR LINEAR LINEAR LINEAR LINEAR
LINEAR LINEAR LINEAR LINEAR LINEAR LINEAR LINEAR LINEAR LINEAR LINEAR LINEAR LINEAR
LINEAR LINEAR LINEAR LINEAR LINEAR LINEAR LINEAR LINEAR LINEAR LINEAR LINEAR LINEAR
LINEAR LINEAR LINEAR LINEAR LINEAR LINEAR LINEAR LINEAR LINEAR LINEAR LINEAR LINEAR
LINEAR LINEAR LINEAR LINEAR</Name_array><technique_common><accessor source="#Hips-Interpolations-array" count="111"><param type="name"/></accessor></technique_common></source><sampler id="Hips-Matrix-animation-transform"><input semantic="INPUT" source="#Hips-Matrix-animation-input"/><input semantic="OUTPUT" source="#Hips-Matrix-animation-output-transform"/><input semantic="INTERPOLATION" source="#Hips-Interpolations"/></sampler><channel source="#Hips-Matrix-animation-transform" target="Hips/matrix"/></animation>
    <animation id="Spine-anim" name="Spine"><source id="Spine-Matrix-animation-input"><float_array id="Spine-Matrix-animation-input-array" count="111">

0.000000 0.033333 0.066667 0.100000 0.133333 0.166667 0.200000 0.233333 0.266667 0.300000 0.333333 0.366667 0.400000 0.433333 0.466667 0.500000
0.533333 0.566667 0.600000 0.633333 0.666667 0.700000 0.733333 0.766667 0.800000 0.833333 0.866667 0.900000 0.933333 0.966667 1.000000 1.033333
1.066667 1.100000 1.133333 1.166667 1.200000 1.233333 1.266667 1.300000 1.333333 1.366667 1.400000 1.433333 1.466667 1.500000 1.533333 1.566667
1.600000 1.633333 1.666667 1.700000 1.733333 1.766667 1.800000 1.833333 1.866667 1.900000 1.933333 1.966667 2.000000 2.033333 2.066667 2.100000
2.133333 2.166667 2.200000 2.233333 2.266667 2.300000 2.333333 2.366667 2.400000 2.433333 2.466667 2.500000 2.533333 2.566667 2.600000 2.633333
2.666667 2.700000 2.733333 2.766667 2.800000 2.833333 2.866667 2.900000 2.933333 2.966667 3.000000 3.033333 3.066667 3.100000 3.133333 3.166667
3.200000 3.233333 3.266667 3.300000 3.333333 3.366667 3.400000 3.433333 3.466667 3.500000 3.533333 3.566667 3.600000 3.633333 3.666667</float_array><technique_common><accessor source="#Spine-Matrix-animation-input-array" count="111"><param name="TIME" type="float"/></accessor></technique_common></source><source id="Spine-Matrix-animation-output-transform"><float_array id="Spine-Matrix-animation-output-transform-array" count="1776">

0.998887 0.047094 0.002602 0.000000 -0.045694 0.979920 -0.194086 13.663900 -0.011690 0.193751 0.980981 -1.184000 0.000000 0.000000 0.000000 1.000000
0.999424 0.033054 -0.007747 0.000000 -0.033907 0.983205 -0.179328 13.663900 0.001690 0.179487 0.983759 -1.184000 0.000000 0.000000 0.000000 1.000000
0.999736 0.005427 -0.022341 0.000000 -0.008768 0.988300 -0.152268 13.663900 0.021253 0.152423 0.988087 -1.184000 0.000000 0.000000 0.000000 1.000000
0.999512 -0.020127 -0.023871 -0.000000 0.016876 0.991459 -0.129326 13.663900 0.026270 0.128860 0.991315 -1.184000 0.000000 0.000000 0.000000 1.000000
0.999244 -0.036575 -0.013176 -0.000000 0.034932 0.993472 -0.108594 13.663900 0.017062 0.108051 0.993999 -1.184000 0.000000 0.000000 0.000000 1.000000
0.999024 -0.043903 -0.004872 0.000000 0.043205 0.994147 -0.099020 13.663900 0.009191 0.098713 0.995073 -1.184000 0.000000 0.000000 0.000000 1.000000
0.998616 -0.052585 -0.000224 -0.000000 0.052314 0.993873 -0.097369 13.663900 0.005343 0.097222 0.995248 -1.184000 0.000000 0.000000 0.000000 1.000000
0.998290 -0.058455 0.000756 -0.000000 0.058252 0.993570 -0.097082 13.663900 0.004923 0.096960 0.995276 -1.184000 0.000000 0.000000 0.000000 1.000000
0.998196 -0.060027 -0.000928 -0.000000 0.059668 0.993689 -0.094983 13.663900 0.006623 0.094756 0.995478 -1.184000 0.000000 0.000000 0.000000 1.000000
0.998159 -0.060505 -0.004111 -0.000000 0.059880 0.994032 -0.091181 13.663900 0.009604 0.090767 0.995826 -1.184000 0.000000 0.000000 0.000000 1.000000
0.998148 -0.060378 -0.007375 0.000000 0.059511 0.994439 -0.086889 13.663900 0.012580 0.086289 0.996191 -1.184000 0.000000 0.000000 0.000000 1.000000
0.998170 -0.059638 -0.009967 0.000000 0.058605 0.994800 -0.083293 13.663900 0.014883 0.082557 0.996475 -1.184000 0.000000 0.000000 0.000000 1.000000
0.998244 -0.058106 -0.011493 0.000000 0.056991 0.995093 -0.080879 13.663900 0.016136 0.080082 0.996658 -1.184000 0.000000 0.000000 0.000000 1.000000
0.998337 -0.056424 -0.011806 -0.000000 0.055311 0.995293 -0.079576 13.663900 0.016241 0.078790 0.996759 -1.184000 0.000000 0.000000 0.000000 1.000000
0.998420 -0.055136 -0.010877 0.000000 0.054106 0.995392 -0.079170 13.663900 0.015192 0.078457 0.996802 -1.184000 0.000000 0.000000 0.000000 1.000000
0.998498 -0.054077 -0.008792 0.000000 0.053209 0.995407 -0.079584 13.663900 0.013055 0.078997 0.996789 -1.184000 0.000000 0.000000 0.000000 1.000000
0.998609 -0.052407 -0.005739 0.000000 0.051775 0.995398 -0.080637 13.663900 0.009938 0.080228 0.996727 -1.184000 0.000000 0.000000 0.000000 1.000000
0.998721 -0.050513 -0.002165 0.000000 0.050167 0.995379 -0.081876 13.663900 0.006291 0.081662 0.996640 -1.184000 0.000000 0.000000 0.000000 1.000000
0.998785 -0.049256 0.001646 0.000000 0.049222 0.995326 -0.083088 13.663900 0.002454 0.083068 0.996541 -1.184000 0.000000 0.000000 0.000000 1.000000
0.998798 -0.048683 0.005676 0.000000 0.048988 0.995245 -0.084190 13.663900 -0.001550 0.084367 0.996434 -1.184000 0.000000 0.000000 0.000000 1.000000
0.998789 -0.048161 0.010022 -0.000000 0.048842 0.995156 -0.085313 13.663900 -0.005864 0.085699 0.996304 -1.184000 0.000000 0.000000 0.000000 1.000000
0.998755 -0.047724 0.014536 0.000000 0.048805 0.995065 -0.086393 13.663900 -0.010341 0.086995 0.996155 -1.184000 0.000000 0.000000 0.000000 1.000000
0.998685 -0.047540 0.019193 0.000000 0.049043 0.994961 -0.087452 13.663900 -0.014939 0.088278 0.995984 -1.184000 0.000000 0.000000 0.000000 1.000000
0.998565 -0.047958 0.023852 0.000000 0.049890 0.994837 -0.088375 13.663900 -0.019491 0.089438 0.995802 -1.184000 0.000000 0.000000 0.000000 1.000000
0.998400 -0.049062 0.028096 0.000000 0.051387 0.994697 -0.089091 13.663900 -0.023576 0.090392 0.995627 -1.184000 0.000000 0.000000 0.000000 1.000000
0.998247 -0.050004 0.031667 0.000000 0.052661 0.994590 -0.089539 13.663900 -0.027019 0.091050 0.995480 -1.184000 0.000000 0.000000 0.000000 1.000000
0.998162 -0.049979 0.034284 -0.000000 0.052879 0.994564 -0.089696 13.663900 -0.029615 0.091344 0.995379 -1.184000 0.000000 0.000000 0.000000 1.000000
0.998191 -0.048279 0.035833 0.000000 0.051336 0.994619 -0.089982 13.663900 -0.031296 0.091658 0.995299 -1.184000 0.000000 0.000000 0.000000 1.000000
0.998328 -0.045003 0.036290 0.000000 0.048151 0.994672 -0.091154 13.663900 -0.031994 0.092749 0.995175 -1.184000 0.000000 0.000000 0.000000 1.000000
0.998552 -0.040288 0.035648 0.000000 0.043486 0.994618 -0.094038 13.663900 -0.031667 0.095452 0.994930 -1.184000 0.000000 0.000000 0.000000 1.000000
0.998832 -0.034533 0.033795 0.000000 0.037734 0.994355 -0.099173 13.663900 -0.030179 0.100332 0.994496 -1.184000 0.000000 0.000000 0.000000 1.000000
0.999131 -0.027772 0.031070 0.000000 0.030949 0.993785 -0.106931 13.663900 -0.027908 0.107800 0.993781 -1.184000 0.000000 0.000000 0.000000 1.000000
0.999394 -0.021328 0.027522 -0.000000 0.024419 0.992786 -0.117388 13.663900 -0.024820 0.117989 0.992705 -1.184000 0.000000 0.000000 0.000000 1.000000
0.999594 -0.015432 0.023961 -0.000000 0.018410 0.991410 -0.129489 13.663900 -0.021757 0.129877 0.991291 -1.184000 0.000000 0.000000 0.000000 1.000000
0.999729 -0.010339 0.020853 0.000000 0.013175 0.989949 -0.140808 13.663900 -0.019188 0.141044 0.989817 -1.184000 0.000000 0.000000 0.000000 1.000000
0.999826 -0.007136 0.017247 -0.000000 0.009621 0.988856 -0.148562 13.663900 -0.015994 0.148702 0.988753 -1.184000 0.000000 0.000000 0.000000 1.000000
0.999885 -0.003371 0.014805 0.000000 0.005569 0.988511 -0.151045 13.663900 -0.014125 0.151110 0.988416 -1.184000 0.000000 0.000000 0.000000 1.000000
0.999897 0.000083 0.014363 0.000000 0.002042 0.988995 -0.147932 13.663900 -0.014217 0.147946 0.988893 -1.184000 0.000000 0.000000 0.000000 1.000000
0.999884 0.000682 0.015232 0.000000 0.001453 0.990192 -0.139707 13.663900 -0.015178 0.139712 0.990076 -1.184000 0.000000 0.000000 0.000000 1.000000
0.999848 -0.000897 0.017430 0.000000 0.003114 0.991823 -0.127585 13.663900 -0.017173 0.127620 0.991674 -1.184000 0.000000 0.000000 0.000000 1.000000
0.999797 -0.004450 0.019627 0.000000 0.006670 0.993398 -0.114521 13.663900 -0.018988 0.114629 0.993227 -1.184000 0.000000 0.000000 0.000000 1.000000
0.999739 -0.008803 0.021082 -0.000000 0.010944 0.994549 -0.103697 13.663900 -0.020055 0.103901 0.994385 -1.184000 0.000000 0.000000 0.000000 1.000000
0.999681 -0.014769 0.020496 0.000000 0.016694 0.995130 -0.097148 13.663900 -0.018962 0.097459 0.995059 -1.184000 0.000000 0.000000 0.000000 1.000000
0.999602 -0.020945 0.018897 -0.000000 0.022644 0.995250 -0.094687 13.663900 -0.016824 0.095077 0.995328 -1.184000 0.000000 0.000000 0.000000 1.000000
0.999547 -0.023833 0.018383 0.000000 0.025490 0.995060 -0.095947 13.663900 -0.016005 0.096372 0.995217 -1.184000 0.000000 0.000000 0.000000 1.000000
0.999573 -0.023072 0.017933 0.000000 0.024748 0.994711 -0.099687 13.663900 -0.015538 0.100088 0.994857 -1.184000 0.000000 0.000000 0.000000 1.000000
0.999665 -0.020549 0.015722 0.000000 0.022080 0.994297 -0.104336 13.663900 -0.013488 0.104648 0.994418 -1.184000 0.000000 0.000000 0.000000 1.000000
0.999784 -0.016562 0.012542 0.000000 0.017817 0.994032 -0.107626 13.663900 -0.010685 0.107826 0.994112 -1.184000 0.000000 0.000000 0.000000 1.000000
0.999882 -0.010924 0.010842 0.000000 0.012041 0.993980 -0.108897 13.663900 -0.009587 0.109015 0.993994 -1.184000 0.000000 0.000000 0.000000 1.000000
0.999938 -0.007160 0.008584 -0.000000 0.008049 0.994076 -0.108387 13.663900 -0.007757 0.108449 0.994072 -1.184000 0.000000 0.000000 0.000000 1.000000
0.999964 -0.006035 0.005969 0.000000 0.006637 0.994280 -0.106599 13.663900 -0.005291 0.106635 0.994284 -1.184000 0.000000 0.000000 0.000000 1.000000
0.999968 -0.007120 0.003518 0.000000 0.007447 0.994566 -0.103845 13.663900 -0.002759 0.103867 0.994587 -1.184000 0.000000 0.000000 0.000000 1.000000
0.999952 -0.009620 0.001665 -0.000000 0.009739 0.994865 -0.100744 13.663900 -0.000687 0.100756 0.994911 -1.184000 0.000000 0.000000 0.000000 1.000000
0.999914 -0.013140 0.000197 0.000000 0.013096 0.995109 -0.097916 13.663900 0.001091 0.097910 0.995195 -1.184000 0.000000 0.000000 0.000000 1.000000
0.999852 -0.017164 -0.000952 0.000000 0.016994 0.995286 -0.095480 13.663900 0.002587 0.095450 0.995431 -1.184000 0.000000 0.000000 0.000000 1.000000
0.999780 -0.020906 -0.001435 0.000000 0.020680 0.995398 -0.093573 13.663900 0.003385 0.093523 0.995611 -1.184000 0.000000 0.000000 0.000000 1.000000
0.999720 -0.023652 -0.000820 0.000000 0.023476 0.995468 -0.092156 13.663900 0.002996 0.092111 0.995744 -1.184000 0.000000 0.000000 0.000000 1.000000
0.999666 -0.025842 0.000321 0.000000 0.025764 0.995481 -0.091402 13.663900 0.002042 0.091380 0.995814 -1.184000 0.000000 0.000000 0.000000 1.000000
0.999597 -0.028366 0.001338 0.000000 0.028370 0.995423 -0.091264 13.663900 0.001257 0.091265 0.995826 -1.184000 0.000000 0.000000 0.000000 1.000000
0.999540 -0.030197 0.002857 0.000000 0.030332 0.995333 -0.091613 13.663900 -0.000077 0.091658 0.995791 -1.184000 0.000000 0.000000 0.000000 1.000000
0.999496 -0.031376 0.004791 0.000000 0.031683 0.995256 -0.091991 13.663900 -0.001882 0.092097 0.995748 -1.184000 0.000000 0.000000 0.000000 1.000000
0.999448 -0.032550 0.006610 0.000000 0.033021 0.995190 -0.092232 13.663900 -0.003576 0.092399 0.995716 -1.184000 0.000000 0.000000 0.000000 1.000000
0.999425 -0.032749 0.008831 0.000000 0.033425 0.995184 -0.092155 13.663900 -0.005770 0.092397 0.995706 -1.184000 0.000000 0.000000 0.000000 1.000000
0.999428 -0.031845 0.011375 -0.000000 0.032754 0.995265 -0.091514 13.663900 -0.008407 0.091834 0.995739 -1.184000 0.000000 0.000000 0.000000 1.000000
0.999407 -0.031840 0.013116 -0.000000 0.032891 0.995419 -0.089768 13.663900 -0.010198 0.090146 0.995876 -1.184000 0.000000 0.000000 0.000000 1.000000
0.999356 -0.033035 0.014008 0.000000 0.034124 0.995676 -0.086396 13.663900 -0.011093 0.086819 0.996162 -1.184000 0.000000 0.000000 0.000000 1.000000
0.999313 -0.033968 0.014816 0.000000 0.035066 0.996053 -0.081535 13.663900 -0.011988 0.081998 0.996560 -1.184000 0.000000 0.000000 0.000000 1.000000
0.999269 -0.035329 0.014616 -0.000000 0.036335 0.996483 -0.075509 13.663900 -0.011897 0.075985 0.997038 -1.184000 0.000000 0.000000 0.000000 1.000000
0.999250 -0.036327 0.013389 0.000000 0.037163 0.996946 -0.068684 13.663900 -0.010853 0.069130 0.997549 -1.184000 0.000000 0.000000 0.000000 1.000000
0.999272 -0.036535 0.010978 0.000000 0.037138 0.997447 -0.061001 13.663900 -0.008721 0.061365 0.998077 -1.184000 0.000000 0.000000 0.000000 1.000000
0.999375 -0.034447 0.007924 0.000000 0.034813 0.998042 -0.051971 13.663900 -0.006118 0.052214 0.998617 -1.184000 0.000000 0.000000 0.000000 1.000000
0.999521 -0.030639 0.004394 0.000000 0.030795 0.998670 -0.041343 13.663900 -0.003121 0.041458 0.999135 -1.184000 0.000000 0.000000 0.000000 1.000000
0.999683 -0.025169 0.000659 0.000000 0.025178 0.999248 -0.029488 13.663900 0.000084 0.029496 0.999565 -1.184000 0.000000 0.000000 0.000000 1.000000
0.999803 -0.019577 -0.003377 -0.000000 0.019517 0.999662 -0.017153 13.663900 0.003712 0.017084 0.999847 -1.184000 0.000000 0.000000 0.000000 1.000000
0.999874 -0.014071 -0.007401 0.000000 0.014028 0.999885 -0.005803 13.663900 0.007482 0.005698 0.999956 -1.184000 0.000000 0.000000 0.000000 1.000000
0.999898 -0.009098 -0.011011 0.000000 0.009135 0.999953 0.003276 13.663900 0.010981 -0.003376 0.999934 -1.184000 0.000000 0.000000 0.000000 1.000000
0.999878 -0.005914 -0.014459 0.000000 0.006061 0.999930 0.010162 13.663900 0.014398 -0.010248 0.999844 -1.184000 0.000000 0.000000 0.000000 1.000000
0.999825 -0.005267 -0.017940 0.000000 0.005522 0.999884 0.014226 13.663900 0.017863 -0.014323 0.999738 -1.184000 0.000000 0.000000 0.000000 1.000000
0.999742 -0.007178 -0.021530 0.000000 0.007500 0.999860 0.014949 13.663900 0.021420 -0.015107 0.999656 -1.184000 0.000000 0.000000 0.000000 1.000000
0.999624 -0.011093 -0.025085 0.000000 0.011401 0.999861 0.012189 13.663900 0.024946 -0.012471 0.999611 -1.184000 0.000000 0.000000 0.000000 1.000000
0.999484 -0.015305 -0.028242 0.000000 0.015498 0.999858 0.006595 13.663900 0.028137 -0.007029 0.999579 -1.184000 0.000000 0.000000 0.000000 1.000000
0.999356 -0.018627 -0.030657 -0.000000 0.018620 0.999826 -0.000509 13.663900 0.030661 -0.000062 0.999530 -1.184000 0.000000 0.000000 0.000000 1.000000
0.999236 -0.021954 -0.032331 0.000000 0.021697 0.999730 -0.008285 13.663900 0.032504 0.007577 0.999443 -1.184000 0.000000 0.000000 0.000000 1.000000
0.999143 -0.024778 -0.033154 0.000000 0.024246 0.999572 -0.016374 13.663900 0.033545 0.015556 0.999316 -1.184000 0.000000 0.000000 0.000000 1.000000
0.999028 -0.029468 -0.032798 0.000000 0.028637 0.999264 -0.025513 13.663900 0.033526 0.024549 0.999136 -1.184000 0.000000 0.000000 0.000000 1.000000
0.998877 -0.036191 -0.030581 0.000000 0.035082 0.998734 -0.036045 13.663900 0.031846 0.034932 0.998882 -1.184000 0.000000 0.000000 0.000000 1.000000
0.998956 -0.035088 -0.029258 0.000000 0.033678 0.998310 -0.047359 13.663900 0.030871 0.046324 0.998449 -1.184000 0.000000 0.000000 0.000000 1.000000
0.999038 -0.033729 -0.028017 0.000000 0.032039 0.997759 -0.058738 13.663900 0.029935 0.057784 0.997880 -1.184000 0.000000 0.000000 0.000000 1.000000
0.999092 -0.033699 -0.026050 0.000000 0.031821 0.997079 -0.069431 13.663900 0.028314 0.068539 0.997247 -1.184000 0.000000 0.000000 0.000000 1.000000
0.999043 -0.037335 -0.022778 0.000000 0.035438 0.996271 -0.078666 13.663900 0.025630 0.077784 0.996641 -1.184000 0.000000 0.000000 0.000000 1.000000
0.999061 -0.038352 -0.020149 0.000000 0.036493 0.995651 -0.085713 13.663900 0.023348 0.084898 0.996116 -1.184000 0.000000 0.000000 0.000000 1.000000
0.999072 -0.039375 -0.017439 0.000000 0.037658 0.995253 -0.089737 13.663900 0.020890 0.088997 0.995813 -1.184000 0.000000 0.000000 0.000000 1.000000
0.999076 -0.040403 -0.014684 0.000000 0.038921 0.995171 -0.090108 13.663900 0.018254 0.089453 0.995824 -1.184000 0.000000 0.000000 0.000000 1.000000
0.999051 -0.041916 -0.011842 0.000000 0.040729 0.995365 -0.087120 13.663900 0.015439 0.086555 0.996127 -1.184000 0.000000 0.000000 0.000000 1.000000
0.998993 -0.043977 -0.008936 0.000000 0.043101 0.995719 -0.081771 13.663900 0.012494 0.081304 0.996611 -1.184000 0.000000 0.000000 0.000000 1.000000
0.998958 -0.045188 -0.006399 -0.000000 0.044582 0.996184 -0.075030 13.663900 0.009765 0.074667 0.997161 -1.184000 0.000000 0.000000 0.000000 1.000000
0.998957 -0.045422 -0.004635 0.000000 0.045005 0.996693 -0.067651 13.663900 0.007693 0.067372 0.997698 -1.184000 0.000000 0.000000 0.000000 1.000000
0.999001 -0.044530 -0.003751 0.000000 0.044222 0.997188 -0.060506 13.663900 0.006435 0.060280 0.998161 -1.184000 0.000000 0.000000 0.000000 1.000000
0.998995 -0.044718 -0.002970 0.000000 0.044490 0.997517 -0.054586 13.663900 0.005404 0.054399 0.998505 -1.184000 0.000000 0.000000 0.000000 1.000000
0.998962 -0.045486 -0.002554 0.000000 0.045299 0.997696 -0.050510 13.663900 0.004845 0.050342 0.998720 -1.184000 0.000000 0.000000 0.000000 1.000000
0.998952 -0.045688 -0.002829 0.000000 0.045499 0.997799 -0.048243 13.663900 0.005027 0.048064 0.998832 -1.184000 0.000000 0.000000 0.000000 1.000000
0.998936 -0.045994 -0.003479 0.000000 0.045777 0.997822 -0.047495 13.663900 0.005656 0.047285 0.998865 -1.184000 0.000000 0.000000 0.000000 1.000000
0.998927 -0.046090 -0.004517 0.000000 0.045821 0.997798 -0.047951 13.663900 0.006717 0.047692 0.998839 -1.184000 0.000000 0.000000 0.000000 1.000000
0.998892 -0.046753 -0.005454 0.000000 0.046428 0.997703 -0.049324 13.663900 0.007748 0.049017 0.998768 -1.184000 0.000000 0.000000 0.000000 1.000000
0.998873 -0.047023 -0.006495 0.000000 0.046631 0.997606 -0.051072 13.663900 0.008881 0.050711 0.998674 -1.184000 0.000000 0.000000 0.000000 1.000000
0.998855 -0.047250 -0.007476 0.000000 0.046800 0.997559 -0.051819 13.663900 0.009906 0.051410 0.998628 -1.184000 0.000000 0.000000 0.000000 1.000000
0.998845 -0.047375 -0.008073 0.000000 0.046891 0.997537 -0.052174 13.663900 0.010525 0.051735 0.998605 -1.184000 0.000000 0.000000 0.000000 1.000000
0.998844 -0.047299 -0.008624 0.000000 0.046787 0.997541 -0.052189 13.663900 0.011071 0.051725 0.998600 -1.184000 0.000000 0.000000 0.000000 1.000000
0.998831 -0.047507 -0.008917 0.000000 0.046979 0.997530 -0.052212 13.663900 0.011376 0.051732 0.998596 -1.184000 0.000000 0.000000 0.000000 1.000000
0.998823 -0.047652 -0.009084 -0.000000 0.047115 0.997523 -0.052227 13.663900 0.011550 0.051738 0.998594 -1.184000 0.000000 0.000000 0.000000 1.000000
0.998815 -0.047815 -0.009019 0.000000 0.047281 0.997515 -0.052229 13.663900 0.011494 0.051741 0.998594 -1.184000 0.000000 0.000000 0.000000 1.000000</float_array><technique_common><accessor source="#Spine-Matrix-animation-output-transform-array" count="111" stride="16"><param type="float4x4"/></accessor></technique_common></source><source id="Spine-Interpolations"><Name_array id="Spine-Interpolations-array" count="111">
 LINEAR LINEAR LINEAR LINEAR LINEAR LINEAR LINEAR LINEAR LINEAR LINEAR LINEAR
LINEAR LINEAR LINEAR LINEAR LINEAR LINEAR LINEAR LINEAR LINEAR LINEAR LINEAR LINEAR
LINEAR LINEAR LINEAR LINEAR LINEAR LINEAR LINEAR LINEAR LINEAR LINEAR LINEAR LINEAR
LINEAR LINEAR LINEAR LINEAR LINEAR LINEAR LINEAR LINEAR LINEAR LINEAR LINEAR LINEAR
LINEAR LINEAR LINEAR LINEAR LINEAR LINEAR LINEAR LINEAR LINEAR LINEAR LINEAR LINEAR
LINEAR LINEAR LINEAR LINEAR LINEAR LINEAR LINEAR LINEAR LINEAR LINEAR LINEAR LINEAR
LINEAR LINEAR LINEAR LINEAR LINEAR LINEAR LINEAR LINEAR LINEAR LINEAR LINEAR LINEAR
LINEAR LINEAR LINEAR LINEAR LINEAR LINEAR LINEAR LINEAR LINEAR LINEAR LINEAR LINEAR
LINEAR LINEAR LINEAR LINEAR LINEAR LINEAR LINEAR LINEAR LINEAR LINEAR LINEAR LINEAR
LINEAR LINEAR LINEAR LINEAR</Name_array><technique_common><accessor source="#Spine-Interpolations-array" count="111"><param type="name"/></accessor></technique_common></source><sampler id="Spine-Matrix-animation-transform"><input semantic="INPUT" source="#Spine-Matrix-animation-input"/><input semantic="OUTPUT" source="#Spine-Matrix-animation-output-transform"/><input semantic="INTERPOLATION" source="#Spine-Interpolations"/></sampler><channel source="#Spine-Matrix-animation-transform" target="Spine/matrix"/></animation>
    <animation id="Spine1-anim" name="Spine1"><source id="Spine1-Matrix-animation-input"><float_array id="Spine1-Matrix-animation-input-array" count="111">

