<?xml version="1.0" encoding="utf-8"?>
<COLLADA xmlns="http://www.collada.org/2005/11/COLLADASchema" version="1.4.1">
  <asset><contributor><author>Mixamo</author><authoring_tool>COLLADA Mixamo exporter</authoring_tool><comments></comments></contributor><created>2020-08-05T15:18:13Z</created><modified>2020-08-05T15:18:13Z</modified><revision></revision><title></title><unit meter="0.010000"/><up_axis>Y_UP</up_axis></asset>
  <library_animations>
    <animation id="Hips-anim" name="Hips"><source id="Hips-Matrix-animation-input"><float_array id="Hips-Matrix-animation-input-array" count="264">

0.000000 0.033333 0.066667 0.100000 0.133333 0.166667 0.200000 0.233333 0.266667 0.300000 0.333333 0.366667 0.400000 0.433333 0.466667 0.500000
0.533333 0.566667 0.600000 0.633333 0.666667 0.700000 0.733333 0.766667 0.800000 0.833333 0.866667 0.900000 0.933333 0.966667 1.000000 1.033333
1.066667 1.100000 1.133333 1.166667 1.200000 1.233333 1.266667 1.300000 1.333333 1.366667 1.400000 1.433333 1.466667 1.500000 1.533333 1.566667
1.600000 1.633333 1.666667 1.700000 1.733333 1.766667 1.800000 1.833333 1.866667 1.900000 1.933333 1.966667 2.000000 2.033333 2.066667 2.100000
2.133333 2.166667 2.200000 2.233333 2.266667 2.300000 2.333333 2.366667 2.400000 2.433333 2.466667 2.500000 2.533333 2.566667 2.600000 2.633333
2.666667 2.700000 2.733333 2.766667 2.800000 2.833333 2.866667 2.900000 2.933333 2.966667 3.000000 3.033333 3.066667 3.100000 3.133333 3.166667
3.200000 3.233333 3.266667 3.300000 3.333333 3.366667 3.400000 3.433333 3.466667 3.500000 3.533333 3.566667 3.600000 3.633333 3.666667 3.700000
3.733333 3.766667 3.800000 3.833333 3.866667 3.900000 3.933333 3.966667 4.000000 4.033333 4.066667 4.100000 4.133333 4.166667 4.200000 4.233333
4.266667 4.300000 4.333333 4.366667 4.400000 4.433333 4.466667 4.500000 4.533333 4.566667 4.600000 4.633333 4.666667 4.700000 4.733333 4.766667
4.800000 4.833333 4.866667 4.900000 4.933333 4.966667 5.000000 5.033333 5.066667 5.100000 5.133333 5.166667 5.200000 5.233333 5.266667 5.300000
5.333333 5.366667 5.400000 5.433333 5.466667 5.500000 5.533333 5.566667 5.600000 5.633333 5.666667 5.700000 5.733333 5.766667 5.800000 5.833333
5.866667 5.900000 5.933333 5.966667 6.000000 6.033333 6.066667 6.100000 6.133333 6.166667 6.200000 6.233333 6.266667 6.300000 6.333333 6.366667
6.400000 6.433333 6.466667 6.500000 6.533333 6.566667 6.600000 6.633333 6.666667 6.700000 6.733333 6.766667 6.800000 6.833333 6.866667 6.900000
6.933333 6.966667 7.000000 7.033333 7.066667 7.100000 7.133333 7.166667 7.200000 7.233333 7.266667 7.300000 7.333333 7.366667 7.400000 7.433333
7.466667 7.500000 7.533333 7.566667 7.600000 7.633333 7.666667 7.700000 7.733333 7.766667 7.800000 7.833333 7.866667 7.900000 7.933333 7.966667
8.000000 8.033333 8.066667 8.100000 8.133333 8.166667 8.200000 8.233333 8.266667 8.300000 8.333333 8.366667 8.400000 8.433333 8.466667 8.500000
8.533333 8.566667 8.600000 8.633333 8.666667 8.700000 8.733333 8.766667</float_array><technique_common><accessor source="#Hips-Matrix-animation-input-array" count="264"><param name="TIME" type="float"/></accessor></technique_common></source><source id="Hips-Matrix-animation-output-transform"><float_array id="Hips-Matrix-animation-output-transform-array" count="4224">

0.991233 0.076332 -0.107848 -0.521587 -0.070131 0.995721 0.060176 92.778885 0.111980 -0.052085 0.992345 0.803699 0.000000 0.000000 0.000000 1.000000
0.991297 0.076186 -0.107362 -0.520710 -0.070049 0.995748 0.059820 92.783340 0.111463 -0.051778 0.992419 0.822729 0.000000 0.000000 0.000000 1.000000
0.991359 0.075988 -0.106928 -0.519764 -0.069909 0.995777 0.059500 92.788445 0.110998 -0.051511 0.992485 0.843973 0.000000 0.000000 0.000000 1.000000
0.991416 0.075737 -0.106574 -0.518482 -0.069705 0.995807 0.059237 92.794151 0.110613 -0.051300 0.992539 0.867618 0.000000 0.000000 0.000000 1.000000
0.991466 0.075415 -0.106338 -0.516770 -0.069414 0.995838 0.059054 92.800697 0.110349 -0.051169 0.992575 0.893733 0.000000 0.000000 0.000000 1.000000
0.991507 0.075010 -0.106239 -0.514662 -0.069022 0.995871 0.058965 92.808403 0.110223 -0.051131 0.992591 0.921701 0.000000 0.000000 0.000000 1.000000
0.991540 0.074545 -0.106260 -0.512303 -0.068554 0.995904 0.058958 92.817047 0.110220 -0.051175 0.992589 0.950620 0.000000 0.000000 0.000000 1.000000
0.991562 0.074023 -0.106421 -0.509536 -0.068013 0.995936 0.059042 92.826492 0.110359 -0.051306 0.992567 0.981180 0.000000 0.000000 0.000000 1.000000
0.991562 0.073331 -0.106898 -0.505780 -0.067261 0.995970 0.059329 92.837891 0.110818 -0.051639 0.992498 1.016988 0.000000 0.000000 0.000000 1.000000
0.991524 0.072273 -0.107969 -0.499667 -0.066065 0.996009 0.060013 92.852814 0.111876 -0.052371 0.992341 1.060766 0.000000 0.000000 0.000000 1.000000
0.991437 0.070803 -0.109722 -0.489932 -0.064362 0.996050 0.061176 92.870712 0.113620 -0.053591 0.992078 1.108376 0.000000 0.000000 0.000000 1.000000
0.991311 0.069112 -0.111918 -0.476771 -0.062368 0.996083 0.062675 92.888664 0.115811 -0.055150 0.991739 1.151611 0.000000 0.000000 0.000000 1.000000
0.991168 0.067462 -0.114167 -0.461479 -0.060398 0.996105 0.064245 92.902756 0.118056 -0.056783 0.991382 1.187088 0.000000 0.000000 0.000000 1.000000
0.991043 0.065994 -0.116099 -0.445584 -0.058637 0.996116 0.065686 92.910858 0.119983 -0.058290 0.991063 1.217350 0.000000 0.000000 0.000000 1.000000
0.990970 0.064663 -0.117460 -0.430693 -0.057065 0.996124 0.066940 92.914558 0.121333 -0.059632 0.990819 1.245703 0.000000 0.000000 0.000000 1.000000
0.990965 0.063271 -0.118259 -0.418082 -0.055485 0.996141 0.068006 92.919098 0.122106 -0.060830 0.990651 1.273834 0.000000 0.000000 0.000000 1.000000
0.991008 0.061606 -0.118773 -0.407982 -0.053680 0.996184 0.068821 92.929756 0.122560 -0.061827 0.990533 1.303682 0.000000 0.000000 0.000000 1.000000
0.991070 0.059619 -0.119276 -0.399835 -0.051588 0.996259 0.069330 92.946747 0.122963 -0.062558 0.990438 1.338248 0.000000 0.000000 0.000000 1.000000
0.991141 0.057451 -0.119742 -0.393663 -0.049341 0.996352 0.069628 92.965454 0.123305 -0.063103 0.990360 1.378511 0.000000 0.000000 0.000000 1.000000
0.991244 0.055282 -0.119916 -0.391096 -0.047119 0.996442 0.069875 92.981369 0.123352 -0.063613 0.990322 1.421760 0.000000 0.000000 0.000000 1.000000
0.991389 0.053185 -0.119662 -0.394732 -0.044999 0.996525 0.070099 92.995499 0.122975 -0.064110 0.990337 1.464872 0.000000 0.000000 0.000000 1.000000
0.991555 0.051151 -0.119176 -0.405704 -0.042969 0.996604 0.070243 93.012245 0.122364 -0.064529 0.990385 1.508526 0.000000 0.000000 0.000000 1.000000
0.991692 0.049191 -0.118859 -0.422468 -0.041002 0.996677 0.070384 93.034882 0.121926 -0.064926 0.990413 1.556452 0.000000 0.000000 0.000000 1.000000
0.991758 0.047331 -0.119060 -0.442338 -0.039081 0.996731 0.070705 93.062584 0.122017 -0.065469 0.990366 1.611497 0.000000 0.000000 0.000000 1.000000
0.991741 0.045544 -0.119900 -0.463803 -0.037163 0.996767 0.071233 93.093689 0.122756 -0.066188 0.990227 1.673922 0.000000 0.000000 0.000000 1.000000
0.991659 0.043718 -0.121251 -0.487804 -0.035177 0.996805 0.071712 93.127556 0.123999 -0.066849 0.990028 1.742245 0.000000 0.000000 0.000000 1.000000
0.991544 0.041817 -0.122850 -0.515977 -0.033142 0.996866 0.071834 93.162140 0.125469 -0.067155 0.989822 1.814928 0.000000 0.000000 0.000000 1.000000
0.991428 0.039933 -0.124403 -0.549087 -0.031186 0.996954 0.071486 93.193489 0.126878 -0.066994 0.989653 1.889812 0.000000 0.000000 0.000000 1.000000
0.991336 0.038276 -0.125651 -0.586863 -0.029517 0.997050 0.070847 93.216858 0.127992 -0.066524 0.989542 1.963163 0.000000 0.000000 0.000000 1.000000
0.991277 0.037080 -0.126469 -0.628654 -0.028337 0.997127 0.070249 93.230400 0.128710 -0.066052 0.989480 2.031096 0.000000 0.000000 0.000000 1.000000
0.991236 0.036490 -0.126965 -0.673909 -0.027744 0.997162 0.069986 93.236221 0.129158 -0.065850 0.989435 2.091317 0.000000 0.000000 0.000000 1.000000
0.991176 0.036428 -0.127450 -0.721112 -0.027625 0.997153 0.070167 93.238846 0.129643 -0.066027 0.989360 2.143202 0.000000 0.000000 0.000000 1.000000
0.991068 0.036570 -0.128242 -0.767592 -0.027649 0.997116 0.070672 93.242538 0.130456 -0.066495 0.989222 2.187764 0.000000 0.000000 0.000000 1.000000
0.990906 0.036544 -0.129497 -0.810756 -0.027461 0.997080 0.071251 93.249786 0.131722 -0.067047 0.989017 2.228372 0.000000 0.000000 0.000000 1.000000
0.990692 0.036168 -0.131230 -0.850390 -0.026902 0.997063 0.071707 93.262474 0.133438 -0.067510 0.988755 2.269744 0.000000 0.000000 0.000000 1.000000
0.990429 0.035537 -0.133371 -0.887099 -0.026078 0.997063 0.072010 93.279877 0.135539 -0.067843 0.988447 2.315459 0.000000 0.000000 0.000000 1.000000
0.990128 0.034851 -0.135762 -0.920760 -0.025185 0.997067 0.072276 93.299568 0.137883 -0.068143 0.988102 2.364742 0.000000 0.000000 0.000000 1.000000
0.989819 0.034245 -0.138151 -0.950509 -0.024352 0.997058 0.072677 93.318420 0.140233 -0.068572 0.987741 2.412777 0.000000 0.000000 0.000000 1.000000
0.989532 0.033759 -0.140308 -0.976158 -0.023618 0.997028 0.073327 93.335152 0.142366 -0.069245 0.987389 2.453455 0.000000 0.000000 0.000000 1.000000
0.989276 0.033431 -0.142183 -0.998414 -0.023027 0.996977 0.074200 93.351097 0.144234 -0.070131 0.987055 2.482432 0.000000 0.000000 0.000000 1.000000
0.989030 0.033359 -0.143901 -1.017019 -0.022693 0.996915 0.075135 93.366676 0.145963 -0.071045 0.986736 2.498732 0.000000 0.000000 0.000000 1.000000
0.988776 0.033679 -0.145562 -1.029606 -0.022774 0.996852 0.075946 93.377640 0.147661 -0.071779 0.986430 2.504262 0.000000 0.000000 0.000000 1.000000
0.988529 0.034510 -0.147036 -1.032720 -0.023412 0.996791 0.076553 93.377914 0.149206 -0.072232 0.986164 2.500859 0.000000 0.000000 0.000000 1.000000
0.988326 0.035929 -0.148059 -1.025411 -0.024702 0.996726 0.076981 93.367142 0.150340 -0.072425 0.985978 2.486862 0.000000 0.000000 0.000000 1.000000
0.988166 0.037950 -0.148618 -1.010319 -0.026661 0.996657 0.077230 93.352798 0.151052 -0.072353 0.985874 2.457609 0.000000 0.000000 0.000000 1.000000
0.987987 0.040521 -0.149131 -0.990204 -0.029225 0.996589 0.077174 93.339630 0.151749 -0.071888 0.985801 2.410485 0.000000 0.000000 0.000000 1.000000
0.987722 0.043537 -0.150036 -0.963395 -0.032276 0.996532 0.076691 93.321342 0.152854 -0.070907 0.985702 2.347955 0.000000 0.000000 0.000000 1.000000
0.987410 0.046817 -0.151094 -0.926061 -0.035646 0.996484 0.075816 93.286346 0.154113 -0.069476 0.985608 2.274184 0.000000 0.000000 0.000000 1.000000
0.987216 0.050051 -0.151324 -0.879828 -0.039075 0.996443 0.074657 93.235138 0.154522 -0.067789 0.985661 2.191412 0.000000 0.000000 0.000000 1.000000
0.987285 0.052860 -0.149912 -0.832341 -0.042229 0.996420 0.073236 93.182259 0.153246 -0.065974 0.985983 2.102362 0.000000 0.000000 0.000000 1.000000
0.987576 0.054899 -0.147238 -0.790911 -0.044718 0.996431 0.071595 93.147568 0.150643 -0.064121 0.986506 2.011097 0.000000 0.000000 0.000000 1.000000
0.987876 0.056156 -0.144734 -0.753297 -0.046396 0.996471 0.069956 93.139137 0.148151 -0.062392 0.986995 1.923504 0.000000 0.000000 0.000000 1.000000
0.987995 0.056976 -0.143595 -0.710259 -0.047502 0.996515 0.068566 93.149353 0.147001 -0.060922 0.987258 1.846533 0.000000 0.000000 0.000000 1.000000
0.987932 0.057743 -0.143723 -0.656065 -0.048434 0.996546 0.067450 93.164490 0.147121 -0.059675 0.987317 1.786805 0.000000 0.000000 0.000000 1.000000
0.987851 0.058568 -0.143948 -0.594019 -0.049391 0.996562 0.066526 93.173965 0.147350 -0.058608 0.987347 1.745548 0.000000 0.000000 0.000000 1.000000
0.987920 0.059377 -0.143140 -0.531845 -0.050352 0.996557 0.065872 93.174156 0.146558 -0.057869 0.987508 1.714413 0.000000 0.000000 0.000000 1.000000
0.988181 0.060174 -0.140989 -0.475488 -0.051316 0.996522 0.065651 93.166534 0.144449 -0.057640 0.987832 1.679678 0.000000 0.000000 0.000000 1.000000
0.988553 0.061097 -0.137946 -0.427109 -0.052396 0.996453 0.065849 93.153648 0.141480 -0.057868 0.988248 1.632818 0.000000 0.000000 0.000000 1.000000
0.988924 0.062248 -0.134738 -0.385710 -0.053682 0.996355 0.066301 93.137512 0.138374 -0.058334 0.988661 1.575546 0.000000 0.000000 0.000000 1.000000
0.989208 0.063547 -0.132020 -0.348073 -0.055070 0.996239 0.066902 93.118958 0.135775 -0.058909 0.988987 1.514812 0.000000 0.000000 0.000000 1.000000
0.989360 0.064750 -0.130282 -0.311631 -0.056290 0.996123 0.067607 93.100357 0.134155 -0.059554 0.989169 1.455376 0.000000 0.000000 0.000000 1.000000
0.989368 0.065645 -0.129775 -0.276760 -0.057133 0.996030 0.068261 93.084793 0.133741 -0.060121 0.989191 1.398817 0.000000 0.000000 0.000000 1.000000
0.989250 0.066241 -0.130370 -0.245576 -0.057648 0.995976 0.068621 93.075218 0.134391 -0.060367 0.989088 1.346452 0.000000 0.000000 0.000000 1.000000
0.989061 0.066766 -0.131533 -0.217916 -0.058111 0.995952 0.068580 93.070419 0.135579 -0.060187 0.988937 1.300394 0.000000 0.000000 0.000000 1.000000
0.988871 0.067431 -0.132620 -0.191062 -0.058754 0.995934 0.068291 93.068085 0.136686 -0.059739 0.988812 1.260673 0.000000 0.000000 0.000000 1.000000
0.988727 0.068205 -0.133292 -0.162714 -0.059526 0.995905 0.068049 93.066223 0.137387 -0.059348 0.988738 1.222861 0.000000 0.000000 0.000000 1.000000
0.988636 0.068895 -0.133610 -0.133567 -0.060197 0.995862 0.068086 93.063324 0.137748 -0.059269 0.988692 1.180064 0.000000 0.000000 0.000000 1.000000
0.988581 0.069431 -0.133745 -0.105733 -0.060687 0.995811 0.068386 93.057716 0.137933 -0.059488 0.988653 1.128873 0.000000 0.000000 0.000000 1.000000
0.988543 0.069944 -0.133752 -0.080276 -0.061157 0.995760 0.068718 93.049057 0.137991 -0.059751 0.988629 1.072349 0.000000 0.000000 0.000000 1.000000
0.988514 0.070571 -0.133641 -0.056158 -0.061770 0.995710 0.068894 93.039574 0.137929 -0.059848 0.988632 1.016941 0.000000 0.000000 0.000000 1.000000
0.988481 0.071240 -0.133532 -0.031426 -0.062438 0.995662 0.068989 93.033691 0.137868 -0.059856 0.988640 0.967501 0.000000 0.000000 0.000000 1.000000
0.988434 0.071726 -0.133621 -0.005002 -0.062890 0.995617 0.069216 93.034248 0.138000 -0.060012 0.988613 0.926058 0.000000 0.000000 0.000000 1.000000
0.988372 0.071873 -0.134000 0.022091 -0.062958 0.995585 0.069623 93.040382 0.138412 -0.060377 0.988533 0.893442 0.000000 0.000000 0.000000 1.000000
0.988307 0.071758 -0.134535 0.047716 -0.062754 0.995570 0.070016 93.048431 0.138963 -0.060755 0.988432 0.869991 0.000000 0.000000 0.000000 1.000000
0.988267 0.071621 -0.134906 0.070317 -0.062567 0.995569 0.070203 93.055382 0.139336 -0.060939 0.988368 0.855314 0.000000 0.000000 0.000000 1.000000
0.988276 0.071648 -0.134821 0.090002 -0.062599 0.995566 0.070209 93.059715 0.139254 -0.060946 0.988379 0.848445 0.000000 0.000000 0.000000 1.000000
0.988339 0.071827 -0.134264 0.107808 -0.062806 0.995549 0.070263 93.060982 0.138713 -0.061011 0.988451 0.847199 0.000000 0.000000 0.000000 1.000000
0.988421 0.072048 -0.133544 0.124614 -0.063022 0.995510 0.070631 93.058815 0.138033 -0.061397 0.988523 0.847005 0.000000 0.000000 0.000000 1.000000
0.988467 0.072279 -0.133074 0.140257 -0.063172 0.995443 0.071429 93.053032 0.137631 -0.062199 0.988529 0.842150 0.000000 0.000000 0.000000 1.000000
0.988450 0.072559 -0.133052 0.153178 -0.063307 0.995357 0.072499 93.045753 0.137695 -0.063239 0.988454 0.829322 0.000000 0.000000 0.000000 1.000000
0.988389 0.072890 -0.133321 0.162033 -0.063488 0.995275 0.073465 93.038742 0.138046 -0.064148 0.988346 0.810264 0.000000 0.000000 0.000000 1.000000
0.988336 0.073196 -0.133544 0.166601 -0.063714 0.995224 0.073953 93.032623 0.138319 -0.064582 0.988280 0.789892 0.000000 0.000000 0.000000 1.000000
0.988321 0.073388 -0.133553 0.167415 -0.063925 0.995221 0.073820 93.027039 0.138333 -0.064420 0.988288 0.772480 0.000000 0.000000 0.000000 1.000000
0.988323 0.073418 -0.133520 0.165017 -0.064038 0.995256 0.073241 93.022400 0.138264 -0.063835 0.988336 0.759574 0.000000 0.000000 0.000000 1.000000
0.988303 0.073301 -0.133729 0.159892 -0.064000 0.995307 0.072582 93.020462 0.138422 -0.063174 0.988356 0.750384 0.000000 0.000000 0.000000 1.000000
0.988256 0.073123 -0.134176 0.153435 -0.063856 0.995349 0.072127 93.022469 0.138826 -0.062712 0.988329 0.742901 0.000000 0.000000 0.000000 1.000000
0.988221 0.073035 -0.134479 0.147585 -0.063781 0.995372 0.071883 93.026886 0.139107 -0.062459 0.988306 0.734905 0.000000 0.000000 0.000000 1.000000
0.988240 0.073172 -0.134267 0.144037 -0.063968 0.995377 0.071638 93.028969 0.138888 -0.062207 0.988352 0.725021 0.000000 0.000000 0.000000 1.000000
0.988306 0.073548 -0.133572 0.142948 -0.064445 0.995375 0.071244 93.024254 0.138194 -0.061803 0.988475 0.713776 0.000000 0.000000 0.000000 1.000000
0.988381 0.073997 -0.132771 0.142808 -0.065012 0.995371 0.070780 93.012146 0.137394 -0.061326 0.988616 0.703123 0.000000 0.000000 0.000000 1.000000
0.988435 0.074300 -0.132195 0.141736 -0.065400 0.995370 0.070439 92.996620 0.136816 -0.060979 0.988718 0.694830 0.000000 0.000000 0.000000 1.000000
0.988466 0.074366 -0.131926 0.138653 -0.065502 0.995372 0.070310 92.983238 0.136545 -0.060858 0.988763 0.689253 0.000000 0.000000 0.000000 1.000000
0.988474 0.074269 -0.131921 0.133720 -0.065405 0.995379 0.070304 92.975121 0.136533 -0.060865 0.988764 0.685773 0.000000 0.000000 0.000000 1.000000
0.988462 0.074086 -0.132115 0.127622 -0.065214 0.995394 0.070266 92.972107 0.136712 -0.060839 0.988741 0.684397 0.000000 0.000000 0.000000 1.000000
0.988447 0.073753 -0.132409 0.120700 -0.064888 0.995429 0.070071 92.973465 0.136971 -0.060670 0.988715 0.686891 0.000000 0.000000 0.000000 1.000000
0.988454 0.073115 -0.132717 0.112303 -0.064294 0.995502 0.069584 92.979538 0.137208 -0.060247 0.988708 0.695787 0.000000 0.000000 0.000000 1.000000
0.988476 0.072142 -0.133084 0.101801 -0.063420 0.995622 0.068657 92.990784 0.137455 -0.059425 0.988724 0.711853 0.000000 0.000000 0.000000 1.000000
0.988480 0.071052 -0.133639 0.089790 -0.062470 0.995772 0.067354 93.005539 0.137860 -0.058229 0.988739 0.732404 0.000000 0.000000 0.000000 1.000000
0.988446 0.070160 -0.134355 0.078367 -0.061703 0.995902 0.066117 93.019928 0.138443 -0.057063 0.988725 0.753188 0.000000 0.000000 0.000000 1.000000
0.988408 0.069590 -0.134936 0.069189 -0.061182 0.995976 0.065490 93.030815 0.138950 -0.056476 0.988688 0.771451 0.000000 0.000000 0.000000 1.000000
0.988426 0.069191 -0.135008 0.061813 -0.060759 0.995994 0.065607 93.036224 0.139006 -0.056645 0.988670 0.786932 0.000000 0.000000 0.000000 1.000000
0.988535 0.068755 -0.134429 0.054260 -0.060284 0.995990 0.066108 93.035454 0.138435 -0.057246 0.988716 0.799876 0.000000 0.000000 0.000000 1.000000
0.988704 0.068250 -0.133437 0.045386 -0.059770 0.995990 0.066563 93.029564 0.137445 -0.057835 0.988819 0.810627 0.000000 0.000000 0.000000 1.000000
0.988859 0.067756 -0.132538 0.036098 -0.059292 0.996003 0.066804 93.022263 0.136535 -0.058201 0.988924 0.821334 0.000000 0.000000 0.000000 1.000000
0.988940 0.067227 -0.132202 0.028815 -0.058767 0.996028 0.066892 93.017761 0.136174 -0.058384 0.988963 0.835624 0.000000 0.000000 0.000000 1.000000
0.988946 0.066451 -0.132553 0.025336 -0.057956 0.996072 0.066951 93.017807 0.136481 -0.058529 0.988912 0.854586 0.000000 0.000000 0.000000 1.000000
0.988919 0.065305 -0.133318 0.024985 -0.056739 0.996133 0.067074 93.022118 0.137183 -0.058766 0.988801 0.874743 0.000000 0.000000 0.000000 1.000000
0.988901 0.063959 -0.134105 0.024621 -0.055306 0.996199 0.067290 93.027679 0.137899 -0.059127 0.988680 0.892219 0.000000 0.000000 0.000000 1.000000
0.988898 0.062707 -0.134714 0.020651 -0.053970 0.996254 0.067565 93.032501 0.138447 -0.059544 0.988578 0.907420 0.000000 0.000000 0.000000 1.000000
0.988901 0.061661 -0.135179 0.011532 -0.052846 0.996294 0.067859 93.035957 0.138863 -0.059962 0.988495 0.924508 0.000000 0.000000 0.000000 1.000000
0.988900 0.060719 -0.135609 -0.002460 -0.051829 0.996328 0.068155 93.040062 0.139249 -0.060370 0.988415 0.947094 0.000000 0.000000 0.000000 1.000000
0.988893 0.059776 -0.136082 -0.021259 -0.050813 0.996362 0.068415 93.045280 0.139677 -0.060740 0.988332 0.975768 0.000000 0.000000 0.000000 1.000000
0.988869 0.058817 -0.136670 -0.045728 -0.049787 0.996402 0.068584 93.051888 0.140212 -0.061016 0.988240 1.008592 0.000000 0.000000 0.000000 1.000000
0.988820 0.057866 -0.137429 -0.075303 -0.048762 0.996444 0.068716 93.058907 0.140917 -0.061247 0.988125 1.042461 0.000000 0.000000 0.000000 1.000000
0.988754 0.056909 -0.138298 -0.107415 -0.047703 0.996476 0.068995 93.065117 0.141737 -0.061622 0.987985 1.073840 0.000000 0.000000 0.000000 1.000000
0.988707 0.055923 -0.139034 -0.139787 -0.046586 0.996492 0.069524 93.069923 0.142434 -0.062262 0.987844 1.100037 0.000000 0.000000 0.000000 1.000000
0.988721 0.054907 -0.139343 -0.172796 -0.045454 0.996501 0.070145 93.074234 0.142707 -0.063020 0.987757 1.121230 0.000000 0.000000 0.000000 1.000000
0.988809 0.053894 -0.139114 -0.208033 -0.044390 0.996521 0.070543 93.079155 0.142431 -0.063578 0.987761 1.140976 0.000000 0.000000 0.000000 1.000000
0.988944 0.052906 -0.138533 -0.245406 -0.043431 0.996562 0.070551 93.086052 0.141789 -0.063754 0.987842 1.162936 0.000000 0.000000 0.000000 1.000000
0.989075 0.051909 -0.137972 -0.281909 -0.042500 0.996621 0.070286 93.093719 0.141155 -0.063654 0.987939 1.187231 0.000000 0.000000 0.000000 1.000000
0.989161 0.050804 -0.137767 -0.313913 -0.041441 0.996686 0.070000 93.100365 0.140866 -0.063532 0.987988 1.210495 0.000000 0.000000 0.000000 1.000000
0.989184 0.049537 -0.138059 -0.340164 -0.040167 0.996749 0.069848 93.105255 0.141070 -0.063547 0.987958 1.229872 0.000000 0.000000 0.000000 1.000000
0.989145 0.048237 -0.138803 -0.362554 -0.038814 0.996804 0.069817 93.109009 0.141727 -0.063671 0.987856 1.246281 0.000000 0.000000 0.000000 1.000000
0.989044 0.047163 -0.139885 -0.384216 -0.037661 0.996849 0.069811 93.112679 0.142737 -0.063778 0.987704 1.263553 0.000000 0.000000 0.000000 1.000000
0.988884 0.046474 -0.141242 -0.406510 -0.036888 0.996883 0.069743 93.117249 0.144043 -0.063757 0.987515 1.285270 0.000000 0.000000 0.000000 1.000000
0.988667 0.046073 -0.142879 -0.428341 -0.036404 0.996913 0.069569 93.123901 0.145643 -0.063579 0.987292 1.312162 0.000000 0.000000 0.000000 1.000000
0.988408 0.045734 -0.144766 -0.448177 -0.035979 0.996947 0.069302 93.133217 0.147494 -0.063290 0.987036 1.342556 0.000000 0.000000 0.000000 1.000000
0.988137 0.045303 -0.146740 -0.465236 -0.035462 0.996986 0.068998 93.143921 0.149423 -0.062975 0.986766 1.374147 0.000000 0.000000 0.000000 1.000000
0.987896 0.044763 -0.148521 -0.479887 -0.034845 0.997027 0.068721 93.153496 0.151156 -0.062714 0.986519 1.405171 0.000000 0.000000 0.000000 1.000000
0.987722 0.044203 -0.149838 -0.493064 -0.034229 0.997064 0.068503 93.160744 0.152426 -0.062533 0.986335 1.434304 0.000000 0.000000 0.000000 1.000000
0.987634 0.043841 -0.150522 -0.505485 -0.033845 0.997088 0.068345 93.166031 0.153080 -0.062405 0.986241 1.460144 0.000000 0.000000 0.000000 1.000000
0.987620 0.043999 -0.150566 -0.516772 -0.034010 0.997086 0.068285 93.169029 0.153131 -0.062319 0.986239 1.480397 0.000000 0.000000 0.000000 1.000000
0.987649 0.044916 -0.150107 -0.525886 -0.034945 0.997044 0.068421 93.167068 0.152736 -0.062331 0.986299 1.491395 0.000000 0.000000 0.000000 1.000000
0.987693 0.046548 -0.149316 -0.532660 -0.036585 0.996960 0.068790 93.157722 0.152064 -0.062481 0.986394 1.489747 0.000000 0.000000 0.000000 1.000000
0.987757 0.048559 -0.148249 -0.539362 -0.038623 0.996856 0.069182 93.142036 0.151142 -0.062610 0.986527 1.475943 0.000000 0.000000 0.000000 1.000000
0.987864 0.050582 -0.146857 -0.549410 -0.040757 0.996773 0.069162 93.123520 0.149881 -0.062337 0.986737 1.456579 0.000000 0.000000 0.000000 1.000000
0.988011 0.052531 -0.145174 -0.564060 -0.042946 0.996734 0.068392 93.101990 0.148293 -0.061337 0.987040 1.442069 0.000000 0.000000 0.000000 1.000000
0.988153 0.054590 -0.143432 -0.581378 -0.045338 0.996723 0.066997 93.075233 0.146619 -0.059701 0.987390 1.438676 0.000000 0.000000 0.000000 1.000000
0.988247 0.056903 -0.141881 -0.598412 -0.047979 0.996695 0.065550 93.045143 0.145142 -0.057972 0.987711 1.442012 0.000000 0.000000 0.000000 1.000000
0.988295 0.059323 -0.140546 -0.613586 -0.050634 0.996625 0.064618 93.019257 0.143905 -0.056745 0.987963 1.439800 0.000000 0.000000 0.000000 1.000000
0.988344 0.061523 -0.139248 -0.626832 -0.052966 0.996521 0.064345 93.003326 0.142723 -0.056219 0.988165 1.423177 0.000000 0.000000 0.000000 1.000000
0.988427 0.063316 -0.137855 -0.636673 -0.054840 0.996414 0.064441 92.993996 0.141441 -0.056135 0.988354 1.395201 0.000000 0.000000 0.000000 1.000000
0.988531 0.064759 -0.136429 -0.640516 -0.056376 0.996328 0.064445 92.983208 0.140102 -0.056015 0.988551 1.367700 0.000000 0.000000 0.000000 1.000000
0.988625 0.065976 -0.135156 -0.638436 -0.057748 0.996282 0.063927 92.968483 0.138871 -0.055395 0.988760 1.351722 0.000000 0.000000 0.000000 1.000000
0.988688 0.066985 -0.134198 -0.634705 -0.058992 0.996289 0.062682 92.954704 0.137898 -0.054057 0.988970 1.351743 0.000000 0.000000 0.000000 1.000000
0.988712 0.067759 -0.133632 -0.634046 -0.060042 0.996333 0.060957 92.946716 0.137273 -0.052246 0.989154 1.365678 0.000000 0.000000 0.000000 1.000000
0.988693 0.068382 -0.133455 -0.637216 -0.060902 0.996378 0.059346 92.942879 0.137030 -0.050547 0.989276 1.387428 0.000000 0.000000 0.000000 1.000000
0.988626 0.069064 -0.133599 -0.642498 -0.061725 0.996388 0.058317 92.938042 0.137144 -0.049408 0.989318 1.409118 0.000000 0.000000 0.000000 1.000000
0.988512 0.069975 -0.133969 -0.648897 -0.062680 0.996351 0.057924 92.929596 0.137534 -0.048862 0.989291 1.423668 0.000000 0.000000 0.000000 1.000000
0.988360 0.071096 -0.134501 -0.656782 -0.063775 0.996279 0.057980 92.919708 0.138122 -0.048727 0.989216 1.427850 0.000000 0.000000 0.000000 1.000000
0.988184 0.072237 -0.135180 -0.665679 -0.064841 0.996188 0.058346 92.911743 0.138879 -0.048892 0.989102 1.423628 0.000000 0.000000 0.000000 1.000000
0.988002 0.073210 -0.135988 -0.673844 -0.065692 0.996095 0.058980 92.907509 0.139775 -0.049339 0.988953 1.415674 0.000000 0.000000 0.000000 1.000000
0.987831 0.073972 -0.136811 -0.680199 -0.066298 0.996005 0.059830 92.906898 0.140690 -0.050031 0.988789 1.406703 0.000000 0.000000 0.000000 1.000000
0.987695 0.074622 -0.137439 -0.684838 -0.066783 0.995914 0.060792 92.907967 0.141414 -0.050865 0.988643 1.395979 0.000000 0.000000 0.000000 1.000000
0.987616 0.075251 -0.137663 -0.688265 -0.067270 0.995823 0.061740 92.908859 0.141734 -0.051715 0.988553 1.381254 0.000000 0.000000 0.000000 1.000000
0.987608 0.075851 -0.137391 -0.690434 -0.067774 0.995738 0.062545 92.908875 0.141550 -0.052459 0.988540 1.361429 0.000000 0.000000 0.000000 1.000000
0.987666 0.076359 -0.136694 -0.690750 -0.068240 0.995670 0.063130 92.908394 0.140923 -0.053023 0.988600 1.337068 0.000000 0.000000 0.000000 1.000000
0.987765 0.076754 -0.135756 -0.687932 -0.068625 0.995614 0.063585 92.907135 0.140041 -0.053491 0.988700 1.309002 0.000000 0.000000 0.000000 1.000000
0.987872 0.077097 -0.134777 -0.679883 -0.068942 0.995555 0.064164 92.904076 0.139125 -0.054094 0.988796 1.277298 0.000000 0.000000 0.000000 1.000000
0.987966 0.077466 -0.133875 -0.664507 -0.069248 0.995480 0.064994 92.898857 0.138304 -0.054941 0.988865 1.241675 0.000000 0.000000 0.000000 1.000000
0.988044 0.077861 -0.133064 -0.641743 -0.069579 0.995404 0.065806 92.893478 0.137576 -0.055761 0.988920 1.203126 0.000000 0.000000 0.000000 1.000000
0.988117 0.078183 -0.132330 -0.614268 -0.069897 0.995358 0.066151 92.890991 0.136888 -0.056116 0.988996 1.164387 0.000000 0.000000 0.000000 1.000000
0.988190 0.078332 -0.131699 -0.585416 -0.070115 0.995359 0.065918 92.893173 0.136251 -0.055905 0.989096 1.128525 0.000000 0.000000 0.000000 1.000000
0.988252 0.078318 -0.131243 -0.557012 -0.070193 0.995385 0.065436 92.897949 0.135762 -0.055455 0.989188 1.097176 0.000000 0.000000 0.000000 1.000000
0.988289 0.078253 -0.131002 -0.529618 -0.070193 0.995409 0.065061 92.900818 0.135492 -0.055104 0.989245 1.069929 0.000000 0.000000 0.000000 1.000000
0.988304 0.078241 -0.130897 -0.504065 -0.070212 0.995420 0.064875 92.899513 0.135373 -0.054925 0.989271 1.044829 0.000000 0.000000 0.000000 1.000000
0.988322 0.078301 -0.130721 -0.481348 -0.070285 0.995416 0.064855 92.895226 0.135200 -0.054910 0.989296 1.019097 0.000000 0.000000 0.000000 1.000000
0.988375 0.078385 -0.130274 -0.462528 -0.070365 0.995397 0.065071 92.890594 0.134775 -0.055148 0.989340 0.990498 0.000000 0.000000 0.000000 1.000000
0.988465 0.078463 -0.129539 -0.447826 -0.070418 0.995361 0.065559 92.886444 0.134082 -0.055681 0.989405 0.959443 0.000000 0.000000 0.000000 1.000000
0.988565 0.078555 -0.128721 -0.436540 -0.070477 0.995317 0.066165 92.881744 0.133315 -0.056336 0.989471 0.929203 0.000000 0.000000 0.000000 1.000000
0.988633 0.078702 -0.128103 -0.427588 -0.070595 0.995276 0.066644 92.876091 0.132743 -0.056843 0.989519 0.903533 0.000000 0.000000 0.000000 1.000000
0.988650 0.078899 -0.127855 -0.420341 -0.070778 0.995248 0.066869 92.870811 0.132523 -0.057061 0.989536 0.883700 0.000000 0.000000 0.000000 1.000000
0.988620 0.079104 -0.127961 -0.414286 -0.070972 0.995231 0.066919 92.867233 0.132644 -0.057075 0.989519 0.868376 0.000000 0.000000 0.000000 1.000000
0.988561 0.079295 -0.128294 -0.408116 -0.071132 0.995213 0.067013 92.865044 0.132994 -0.057121 0.989469 0.855466 0.000000 0.000000 0.000000 1.000000
0.988484 0.079520 -0.128748 -0.400216 -0.071290 0.995181 0.067324 92.862801 0.133481 -0.057370 0.989389 0.843698 0.000000 0.000000 0.000000 1.000000
0.988391 0.079828 -0.129272 -0.390568 -0.071508 0.995134 0.067784 92.858856 0.134054 -0.057753 0.989290 0.832017 0.000000 0.000000 0.000000 1.000000
0.988292 0.080192 -0.129798 -0.380566 -0.071791 0.995088 0.068169 92.852386 0.134627 -0.058052 0.989194 0.818499 0.000000 0.000000 0.000000 1.000000
0.988213 0.080520 -0.130198 -0.370731 -0.072066 0.995052 0.068397 92.844292 0.135061 -0.058208 0.989126 0.800769 0.000000 0.000000 0.000000 1.000000
0.988169 0.080768 -0.130376 -0.360268 -0.072278 0.995023 0.068593 92.836395 0.135267 -0.058358 0.989089 0.778060 0.000000 0.000000 0.000000 1.000000
0.988149 0.080991 -0.130393 -0.348516 -0.072474 0.994994 0.068801 92.830330 0.135313 -0.058535 0.989072 0.752736 0.000000 0.000000 0.000000 1.000000
0.988123 0.081240 -0.130432 -0.335593 -0.072716 0.994974 0.068844 92.826530 0.135369 -0.058541 0.989064 0.728791 0.000000 0.000000 0.000000 1.000000
0.988083 0.081443 -0.130612 -0.321326 -0.072949 0.994977 0.068553 92.823441 0.135539 -0.058208 0.989061 0.708326 0.000000 0.000000 0.000000 1.000000
0.988048 0.081470 -0.130855 -0.304756 -0.073037 0.995008 0.068008 92.819260 0.135742 -0.057638 0.989066 0.689692 0.000000 0.000000 0.000000 1.000000
0.988048 0.081318 -0.130951 -0.285228 -0.072956 0.995052 0.067446 92.813179 0.135787 -0.057086 0.989092 0.669479 0.000000 0.000000 0.000000 1.000000
0.988090 0.081178 -0.130720 -0.262626 -0.072889 0.995087 0.066998 92.804184 0.135517 -0.056672 0.989153 0.645813 0.000000 0.000000 0.000000 1.000000
0.988160 0.081237 -0.130153 -0.236849 -0.073041 0.995106 0.066557 92.792343 0.134922 -0.056262 0.989258 0.619054 0.000000 0.000000 0.000000 1.000000
0.988240 0.081457 -0.129410 -0.207739 -0.073396 0.995124 0.065889 92.779388 0.134146 -0.055616 0.989400 0.590319 0.000000 0.000000 0.000000 1.000000
0.988319 0.081622 -0.128702 -0.175346 -0.073736 0.995164 0.064897 92.766533 0.133376 -0.054649 0.989558 0.560690 0.000000 0.000000 0.000000 1.000000
0.988400 0.081544 -0.128123 -0.140229 -0.073840 0.995229 0.063773 92.756714 0.132712 -0.053573 0.989706 0.531435 0.000000 0.000000 0.000000 1.000000
0.988496 0.081151 -0.127630 -0.103111 -0.073599 0.995308 0.062816 92.752243 0.132129 -0.052700 0.989831 0.504496 0.000000 0.000000 0.000000 1.000000
0.988619 0.080417 -0.127147 -0.064790 -0.072981 0.995398 0.062109 92.753975 0.131556 -0.052123 0.989937 0.481874 0.000000 0.000000 0.000000 1.000000
0.988764 0.079370 -0.126676 -0.026073 -0.072031 0.995504 0.061511 92.760277 0.130989 -0.051695 0.990035 0.464108 0.000000 0.000000 0.000000 1.000000
0.988910 0.078216 -0.126254 0.013359 -0.070963 0.995614 0.060964 92.766403 0.130468 -0.051329 0.990123 0.450004 0.000000 0.000000 0.000000 1.000000
0.989038 0.077259 -0.125839 0.053384 -0.070062 0.995697 0.060654 92.768639 0.129984 -0.051172 0.990195 0.437254 0.000000 0.000000 0.000000 1.000000
0.989150 0.076635 -0.125338 0.092529 -0.069441 0.995732 0.060801 92.766411 0.129463 -0.051437 0.990249 0.424326 0.000000 0.000000 0.000000 1.000000
0.989266 0.076160 -0.124708 0.128051 -0.068915 0.995730 0.061422 92.762611 0.128853 -0.052168 0.990291 0.410381 0.000000 0.000000 0.000000 1.000000
0.989402 0.075535 -0.124008 0.158896 -0.068202 0.995721 0.062358 92.761345 0.128188 -0.053240 0.990320 0.394602 0.000000 0.000000 0.000000 1.000000
0.989553 0.074672 -0.123324 0.187266 -0.067230 0.995718 0.063449 92.763626 0.127534 -0.054495 0.990336 0.376705 0.000000 0.000000 0.000000 1.000000
0.989702 0.073702 -0.122714 0.215951 -0.066144 0.995719 0.064570 92.768448 0.126947 -0.055788 0.990339 0.357930 0.000000 0.000000 0.000000 1.000000
0.989833 0.072737 -0.122225 0.245612 -0.065073 0.995724 0.065573 92.772850 0.126472 -0.056952 0.990334 0.341295 0.000000 0.000000 0.000000 1.000000
0.989949 0.071750 -0.121872 0.275200 -0.064001 0.995741 0.066356 92.775162 0.126114 -0.057889 0.990325 0.329350 0.000000 0.000000 0.000000 1.000000
0.990064 0.070676 -0.121565 0.304092 -0.062859 0.995772 0.066982 92.776169 0.125785 -0.058675 0.990321 0.321712 0.000000 0.000000 0.000000 1.000000
0.990195 0.069474 -0.121191 0.331880 -0.061596 0.995810 0.067593 92.778442 0.125379 -0.059466 0.990325 0.314903 0.000000 0.000000 0.000000 1.000000
0.990341 0.068118 -0.120765 0.357241 -0.060182 0.995855 0.068192 92.783524 0.124910 -0.060266 0.990336 0.305990 0.000000 0.000000 0.000000 1.000000
0.990485 0.066621 -0.120422 0.378702 -0.058644 0.995918 0.068617 92.791260 0.124502 -0.060902 0.990349 0.296045 0.000000 0.000000 0.000000 1.000000
0.990608 0.065086 -0.120248 0.396569 -0.057092 0.995997 0.068774 92.799423 0.124243 -0.061263 0.990359 0.289107 0.000000 0.000000 0.000000 1.000000
0.990712 0.063604 -0.120187 0.412761 -0.055607 0.996082 0.068762 92.806602 0.124090 -0.061440 0.990367 0.287266 0.000000 0.000000 0.000000 1.000000
0.990815 0.062132 -0.120107 0.428387 -0.054136 0.996166 0.068724 92.812767 0.123916 -0.061591 0.990379 0.288579 0.000000 0.000000 0.000000 1.000000
0.990934 0.060585 -0.119916 0.442353 -0.052598 0.996251 0.068683 92.819008 0.123628 -0.061753 0.990405 0.290416 0.000000 0.000000 0.000000 1.000000
0.991061 0.059045 -0.119631 0.452316 -0.051076 0.996335 0.068620 92.826118 0.123244 -0.061896 0.990444 0.293391 0.000000 0.000000 0.000000 1.000000
0.991169 0.057749 -0.119366 0.456837 -0.049790 0.996400 0.068618 92.833649 0.122898 -0.062069 0.990476 0.299908 0.000000 0.000000 0.000000 1.000000
0.991236 0.056826 -0.119254 0.456003 -0.048847 0.996434 0.068793 92.840973 0.122738 -0.062365 0.990478 0.310200 0.000000 0.000000 0.000000 1.000000
0.991259 0.056151 -0.119383 0.450255 -0.048129 0.996452 0.069044 92.847641 0.122836 -0.062694 0.990445 0.322816 0.000000 0.000000 0.000000 1.000000
0.991246 0.055495 -0.119798 0.438553 -0.047444 0.996485 0.069039 92.853775 0.123208 -0.062751 0.990395 0.338532 0.000000 0.000000 0.000000 1.000000
0.991197 0.054742 -0.120547 0.419323 -0.046701 0.996554 0.068555 92.859474 0.123884 -0.062322 0.990338 0.360663 0.000000 0.000000 0.000000 1.000000
0.991108 0.053938 -0.121634 0.393494 -0.045923 0.996644 0.067763 92.865051 0.124881 -0.061575 0.990259 0.390404 0.000000 0.000000 0.000000 1.000000
0.990991 0.053182 -0.122916 0.364741 -0.045169 0.996724 0.067087 92.871292 0.126081 -0.060931 0.990147 0.424831 0.000000 0.000000 0.000000 1.000000
0.990878 0.052521 -0.124109 0.335615 -0.044468 0.996776 0.066786 92.879013 0.127216 -0.060658 0.990018 0.460503 0.000000 0.000000 0.000000 1.000000
0.990803 0.051893 -0.124967 0.305928 -0.043789 0.996809 0.066747 92.887489 0.128032 -0.060661 0.989913 0.497574 0.000000 0.000000 0.000000 1.000000
0.990779 0.051186 -0.125447 0.275018 -0.043059 0.996846 0.066657 92.894424 0.128464 -0.060641 0.989858 0.538550 0.000000 0.000000 0.000000 1.000000
0.990793 0.050369 -0.125666 0.243205 -0.042263 0.996901 0.066355 92.898788 0.128618 -0.060433 0.989851 0.584042 0.000000 0.000000 0.000000 1.000000
0.990824 0.049545 -0.125747 0.210138 -0.041478 0.996958 0.065982 92.902420 0.128634 -0.060161 0.989866 0.630862 0.000000 0.000000 0.000000 1.000000
0.990857 0.048847 -0.125764 0.173464 -0.040798 0.996998 0.065800 92.907585 0.128601 -0.060067 0.989876 0.674266 0.000000 0.000000 0.000000 1.000000
0.990879 0.048338 -0.125784 0.131123 -0.040277 0.997016 0.065858 92.913017 0.128592 -0.060191 0.989869 0.711910 0.000000 0.000000 0.000000 1.000000
0.990881 0.048031 -0.125887 0.083527 -0.039953 0.997024 0.065925 92.915108 0.128679 -0.060294 0.989852 0.745134 0.000000 0.000000 0.000000 1.000000
0.990857 0.047967 -0.126101 0.032679 -0.039903 0.997040 0.065721 92.912735 0.128881 -0.060088 0.989838 0.775916 0.000000 0.000000 0.000000 1.000000
0.990812 0.048238 -0.126355 -0.019030 -0.040233 0.997064 0.065156 92.909851 0.129127 -0.059473 0.989843 0.802840 0.000000 0.000000 0.000000 1.000000
0.990746 0.048955 -0.126592 -0.068131 -0.041052 0.997086 0.064303 92.910133 0.129371 -0.058511 0.989868 0.821666 0.000000 0.000000 0.000000 1.000000
0.990638 0.050192 -0.126950 -0.109651 -0.042421 0.997099 0.063193 92.911705 0.129754 -0.057216 0.989894 0.830339 0.000000 0.000000 0.000000 1.000000
0.990451 0.051902 -0.127720 -0.140650 -0.044290 0.997109 0.061737 92.909180 0.130556 -0.055491 0.989887 0.832346 0.000000 0.000000 0.000000 1.000000
0.990182 0.053901 -0.128971 -0.164000 -0.046472 0.997120 0.059934 92.899544 0.131830 -0.053352 0.989836 0.833955 0.000000 0.000000 0.000000 1.000000
0.989896 0.055985 -0.130272 -0.187428 -0.048744 0.997119 0.058125 92.885384 0.133150 -0.051188 0.989773 0.837526 0.000000 0.000000 0.000000 1.000000
0.989683 0.058060 -0.130986 -0.217136 -0.050962 0.997078 0.056906 92.870941 0.133907 -0.049643 0.989750 0.838042 0.000000 0.000000 0.000000 1.000000
0.989578 0.060117 -0.130846 -0.253539 -0.053078 0.996983 0.056643 92.858864 0.133856 -0.049108 0.989783 0.827593 0.000000 0.000000 0.000000 1.000000
0.989553 0.062104 -0.130106 -0.293244 -0.055053 0.996849 0.057105 92.849464 0.133242 -0.049345 0.989854 0.804756 0.000000 0.000000 0.000000 1.000000
0.989564 0.063887 -0.129154 -0.333551 -0.056828 0.996720 0.057625 92.842346 0.132412 -0.049684 0.989949 0.779110 0.000000 0.000000 0.000000 1.000000
0.989593 0.065397 -0.128177 -0.372765 -0.058390 0.996626 0.057680 92.835892 0.131517 -0.049595 0.990073 0.764601 0.000000 0.000000 0.000000 1.000000
0.989634 0.066711 -0.127177 -0.408424 -0.059816 0.996564 0.057284 92.826797 0.130562 -0.049083 0.990224 0.767139 0.000000 0.000000 0.000000 1.000000
0.989694 0.067952 -0.126049 -0.437860 -0.061183 0.996508 0.056820 92.814003 0.129470 -0.048523 0.990395 0.780322 0.000000 0.000000 0.000000 1.000000
0.989798 0.069105 -0.124597 -0.461327 -0.062452 0.996445 0.056543 92.799927 0.128061 -0.048185 0.990595 0.793907 0.000000 0.000000 0.000000 1.000000
0.989973 0.069996 -0.122695 -0.482419 -0.063465 0.996391 0.056359 92.790108 0.126197 -0.048007 0.990843 0.804507 0.000000 0.000000 0.000000 1.000000
0.990204 0.070501 -0.120521 -0.503757 -0.064114 0.996366 0.056076 92.786247 0.124037 -0.047800 0.991126 0.816060 0.000000 0.000000 0.000000 1.000000
0.990430 0.070777 -0.118489 -0.523851 -0.064533 0.996358 0.055736 92.784569 0.122002 -0.047556 0.991390 0.831391 0.000000 0.000000 0.000000 1.000000
0.990593 0.071191 -0.116868 -0.539469 -0.065044 0.996332 0.055596 92.780029 0.120397 -0.047471 0.991590 0.847173 0.000000 0.000000 0.000000 1.000000
0.990694 0.071951 -0.115536 -0.550337 -0.065847 0.996268 0.055812 92.771660 0.119120 -0.047685 0.991734 0.858109 0.000000 0.000000 0.000000 1.000000
0.990786 0.072890 -0.114153 -0.559620 -0.066802 0.996177 0.056289 92.763046 0.117820 -0.048145 0.991867 0.862727 0.000000 0.000000 0.000000 1.000000
