<?xml version="1.0" encoding="utf-8"?>
<COLLADA xmlns="http://www.collada.org/2005/11/COLLADASchema" version="1.4.1">
  <asset><contributor><author>Mixamo</author><authoring_tool>COLLADA Mixamo exporter</authoring_tool><comments></comments></contributor><created>2020-08-09T15:31:54Z</created><modified>2020-08-09T15:31:54Z</modified><revision></revision><title></title><unit meter="0.010000"/><up_axis>Y_UP</up_axis></asset>
  <library_animations>
    <animation id="Hips-anim" name="Hips"><source id="Hips-Matrix-animation-input"><float_array id="Hips-Matrix-animation-input-array" count="34">

0.000000 0.033333 0.066667 0.100000 0.133333 0.166667 0.200000 0.233333 0.266667 0.300000 0.333333 0.366667 0.400000 0.433333 0.466667 0.500000
0.533333 0.566667 0.600000 0.633333 0.666667 0.700000 0.733333 0.766667 0.800000 0.833333 0.866667 0.900000 0.933333 0.966667 1.000000 1.033333
1.066667 1.100000</float_array><technique_common><accessor source="#Hips-Matrix-animation-input-array" count="34"><param name="TIME" type="float"/></accessor></technique_common></source><source id="Hips-Matrix-animation-output-transform"><float_array id="Hips-Matrix-animation-output-transform-array" count="544">

0.999900 -0.013931 0.002307 -0.005921 0.013882 0.999699 0.020243 91.451561 -0.002589 -0.020208 0.999792 -0.052482 0.000000 0.000000 0.000000 1.000000
0.999630 -0.021828 -0.016213 -0.137669 0.022114 0.999599 0.017696 92.267464 0.015820 -0.018048 0.999712 -0.113192 0.000000 0.000000 0.000000 1.000000
0.998942 -0.030642 -0.034294 -0.258265 0.031162 0.999406 0.014733 92.717400 0.033822 -0.015786 0.999303 -0.173880 0.000000 0.000000 0.000000 1.000000
0.997662 -0.040366 -0.055145 -0.354812 0.041077 0.999086 0.011824 92.754684 0.054617 -0.014062 0.998408 -0.197823 0.000000 0.000000 0.000000 1.000000
0.995575 -0.046984 -0.081378 -0.404162 0.047778 0.998827 0.007838 92.343666 0.080915 -0.011691 0.996652 -0.324035 0.000000 0.000000 0.000000 1.000000
0.992700 -0.045742 -0.111599 -0.377657 0.046518 0.998908 0.004363 91.607513 0.111277 -0.009523 0.993744 -0.328586 0.000000 0.000000 0.000000 1.000000
0.989244 -0.042782 -0.139879 -0.196318 0.043136 0.999069 -0.000500 90.669312 0.139770 -0.005539 0.990168 -0.321390 0.000000 0.000000 0.000000 1.000000
0.986858 -0.040721 -0.156374 0.210073 0.040784 0.999164 -0.002808 89.712044 0.156357 -0.003607 0.987694 -0.137935 0.000000 0.000000 0.000000 1.000000
0.985884 -0.039811 -0.162629 0.850338 0.040048 0.999196 -0.001820 88.794029 0.162571 -0.004719 0.986686 0.444057 0.000000 0.000000 0.000000 1.000000
0.985226 -0.037600 -0.167081 1.592177 0.038532 0.999255 0.002339 87.982407 0.166869 -0.008743 0.985940 1.247806 0.000000 0.000000 0.000000 1.000000
0.985022 -0.032555 -0.169330 2.278758 0.034577 0.999361 0.009004 87.455467 0.168929 -0.014724 0.985518 1.947719 0.000000 0.000000 0.000000 1.000000
0.985403 -0.026295 -0.168193 2.816657 0.029378 0.999442 0.015866 87.330299 0.167682 -0.020575 0.985626 2.310641 0.000000 0.000000 0.000000 1.000000
0.986138 -0.021229 -0.164565 3.252926 0.025170 0.999443 0.021898 87.468048 0.164008 -0.025736 0.986123 2.454781 0.000000 0.000000 0.000000 1.000000
0.987567 -0.018602 -0.156093 3.598536 0.022566 0.999465 0.023666 87.893066 0.155569 -0.026895 0.987459 2.504427 0.000000 0.000000 0.000000 1.000000
0.989644 -0.017691 -0.142451 3.873615 0.020730 0.999588 0.019873 88.662834 0.142040 -0.022620 0.989602 2.482303 0.000000 0.000000 0.000000 1.000000
0.991913 -0.017287 -0.125738 4.114604 0.019025 0.999739 0.012633 89.656113 0.125487 -0.014923 0.991983 2.418832 0.000000 0.000000 0.000000 1.000000
0.994071 -0.017362 -0.107334 4.317061 0.017812 0.999836 0.003234 90.690308 0.107261 -0.005126 0.994218 2.304897 0.000000 0.000000 0.000000 1.000000
0.996092 -0.018680 -0.086325 4.414260 0.018090 0.999807 -0.007613 91.570122 0.086451 0.006022 0.996238 2.122160 0.000000 0.000000 0.000000 1.000000
0.997786 -0.019583 -0.063556 4.463207 0.018523 0.999680 -0.017224 92.190781 0.063873 0.016009 0.997830 1.963396 0.000000 0.000000 0.000000 1.000000
0.998903 -0.019308 -0.042664 4.453747 0.018301 0.999548 -0.023867 92.515564 0.043106 0.023060 0.998804 1.701987 0.000000 0.000000 0.000000 1.000000
0.999539 -0.018781 -0.023840 4.382254 0.018152 0.999488 -0.026338 92.527977 0.024322 0.025893 0.999369 1.267994 0.000000 0.000000 0.000000 1.000000
0.999865 -0.015861 -0.004278 4.257587 0.015751 0.999573 -0.024623 92.270760 0.004666 0.024552 0.999688 0.702546 0.000000 0.000000 0.000000 1.000000
0.999725 -0.014861 0.018122 4.017369 0.015228 0.999678 -0.020278 91.498901 -0.017815 0.020548 0.999630 0.198868 0.000000 0.000000 0.000000 1.000000
0.999140 -0.017225 0.037704 3.704600 0.017888 0.999690 -0.017316 90.334290 -0.037394 0.017975 0.999139 -0.082401 0.000000 0.000000 0.000000 1.000000
0.998243 -0.022102 0.054974 3.303892 0.023061 0.999592 -0.016876 88.953773 -0.054579 0.018114 0.998345 0.054152 0.000000 0.000000 0.000000 1.000000
0.997206 -0.021832 0.071444 2.825408 0.023176 0.999569 -0.018031 87.865860 -0.071019 0.019637 0.997282 0.472807 0.000000 0.000000 0.000000 1.000000
0.996033 -0.017591 0.087228 2.252874 0.019124 0.999676 -0.016768 87.047806 -0.086905 0.018370 0.996047 0.863659 0.000000 0.000000 0.000000 1.000000
0.994914 -0.012655 0.099929 1.705534 0.013902 0.999834 -0.011794 86.279266 -0.099763 0.013123 0.994925 1.058749 0.000000 0.000000 0.000000 1.000000
0.994386 -0.006371 0.105617 1.297150 0.006270 0.999980 0.001281 85.978394 -0.105623 -0.000612 0.994406 0.825008 0.000000 0.000000 0.000000 1.000000
0.995156 -0.000401 0.098303 0.971882 -0.001325 0.999846 0.017494 86.250961 -0.098294 -0.017540 0.995003 0.521355 0.000000 0.000000 0.000000 1.000000
0.997221 0.001224 0.074493 0.657009 -0.003031 0.999704 0.024146 87.439651 -0.074441 -0.024304 0.996929 0.314542 0.000000 0.000000 0.000000 1.000000
0.998692 -0.003222 0.051038 0.392097 0.002021 0.999720 0.023566 88.851471 -0.051099 -0.023432 0.998419 0.099376 0.000000 0.000000 0.000000 1.000000
0.999572 -0.009538 0.027652 0.187386 0.008945 0.999729 0.021494 90.196205 -0.027850 -0.021237 0.999386 -0.002595 0.000000 0.000000 0.000000 1.000000
0.999900 -0.013923 0.002308 -0.003212 0.013873 0.999699 0.020243 91.451988 -0.002589 -0.020208 0.999792 -0.052469 0.000000 0.000000 0.000000 1.000000</float_array><technique_common><accessor source="#Hips-Matrix-animation-output-transform-array" count="34" stride="16"><param type="float4x4"/></accessor></technique_common></source><source id="Hips-Interpolations"><Name_array id="Hips-Interpolations-array" count="34">
 LINEAR LINEAR LINEAR LINEAR LINEAR LINEAR LINEAR LINEAR LINEAR LINEAR LINEAR
LINEAR LINEAR LINEAR LINEAR LINEAR LINEAR LINEAR LINEAR LINEAR LINEAR LINEAR LINEAR
LINEAR LINEAR LINEAR LINEAR LINEAR LINEAR LINEAR LINEAR LINEAR LINEAR LINEAR</Name_array><technique_common><accessor source="#Hips-Interpolations-array" count="34"><param type="name"/></accessor></technique_common></source><sampler id="Hips-Matrix-animation-transform"><input semantic="INPUT" source="#Hips-Matrix-animation-input"/><input semantic="OUTPUT" source="#Hips-Matrix-animation-output-transform"/><input semantic="INTERPOLATION" source="#Hips-Interpolations"/></sampler><channel source="#Hips-Matrix-animation-transform" target="Hips/matrix"/></animation>
    <animation id="Spine-anim" name="Spine"><source id="Spine-Matrix-animation-input"><float_array id="Spine-Matrix-animation-input-array" count="34">

0.000000 0.033333 0.066667 0.100000 0.133333 0.166667 0.200000 0.233333 0.266667 0.300000 0.333333 0.366667 0.400000 0.433333 0.466667 0.500000
0.533333 0.566667 0.600000 0.633333 0.666667 0.700000 0.733333 0.766667 0.800000 0.833333 0.866667 0.900000 0.933333 0.966667 1.000000 1.033333
1.066667 1.100000</float_array><technique_common><accessor source="#Spine-Matrix-animation-input-array" count="34"><param name="TIME" type="float"/></accessor></technique_common></source><source id="Spine-Matrix-animation-output-transform"><float_array id="Spine-Matrix-animation-output-transform-array" count="544">

0.987653 -0.050533 -0.148283 -0.000000 -0.004342 0.937353 -0.348353 13.663900 0.156597 0.344696 0.925561 -1.184000 0.000000 0.000000 0.000000 1.000000
0.989197 -0.042351 -0.140339 0.000000 -0.007938 0.940477 -0.339764 13.663900 0.146375 0.337208 0.929981 -1.184000 0.000000 0.000000 0.000000 1.000000
0.990501 -0.033837 -0.133281 0.000000 -0.011926 0.944461 -0.328408 13.663900 0.136991 0.326878 0.935085 -1.184000 0.000000 0.000000 0.000000 1.000000
0.991574 -0.025784 -0.126950 -0.000000 -0.015773 0.948668 -0.315879 13.663900 0.128578 0.315220 0.940268 -1.184000 0.000000 0.000000 0.000000 1.000000
0.992570 -0.020581 -0.119922 0.000000 -0.017098 0.952220 -0.304935 13.663900 0.120468 0.304720 0.944793 -1.184000 0.000000 0.000000 0.000000 1.000000
0.993592 -0.019633 -0.111310 0.000000 -0.014432 0.954703 -0.297211 13.663900 0.112103 0.296913 0.948301 -1.184000 0.000000 0.000000 0.000000 1.000000
0.994368 -0.020733 -0.103936 0.000000 -0.010685 0.956069 -0.292946 13.663900 0.105444 0.292406 0.950463 -1.184000 0.000000 0.000000 0.000000 1.000000
0.994652 -0.022692 -0.100756 -0.000000 -0.007697 0.956566 -0.291414 13.663900 0.102993 0.290631 0.951276 -1.184000 0.000000 0.000000 0.000000 1.000000
0.994557 -0.024359 -0.101302 0.000000 -0.006296 0.956457 -0.291805 13.663900 0.103999 0.290854 0.951098 -1.184000 0.000000 0.000000 0.000000 1.000000
0.994388 -0.023560 -0.103139 0.000000 -0.007907 0.955611 -0.294527 13.663900 0.105500 0.293689 0.950061 -1.184000 0.000000 0.000000 0.000000 1.000000
0.994068 -0.020709 -0.106772 0.000000 -0.012353 0.953853 -0.300019 13.663900 0.108058 0.299558 0.947939 -1.184000 0.000000 0.000000 0.000000 1.000000
0.993379 -0.017774 -0.113500 -0.000000 -0.018132 0.951318 -0.307677 13.663900 0.113443 0.307697 0.944697 -1.184000 0.000000 0.000000 0.000000 1.000000
0.992324 -0.014572 -0.122800 0.000000 -0.025184 0.948410 -0.316046 13.663900 0.121070 0.316713 0.940763 -1.184000 0.000000 0.000000 0.000000 1.000000
0.990735 -0.014896 -0.134987 0.000000 -0.029757 0.946003 -0.322790 13.663900 0.132506 0.323816 0.936795 -1.184000 0.000000 0.000000 0.000000 1.000000
0.988529 -0.020991 -0.149563 0.000000 -0.029461 0.944469 -0.327278 13.663900 0.148127 0.327930 0.933017 -1.184000 0.000000 0.000000 0.000000 1.000000
0.985799 -0.031044 -0.165033 0.000000 -0.025558 0.943578 -0.330164 13.663900 0.165971 0.329693 0.929385 -1.184000 0.000000 0.000000 0.000000 1.000000
0.982724 -0.043293 -0.179944 -0.000000 -0.019008 0.943507 -0.330808 13.663900 0.184100 0.328514 0.926383 -1.184000 0.000000 0.000000 0.000000 1.000000
0.979525 -0.056855 -0.193130 -0.000000 -0.009856 0.944603 -0.328066 13.663900 0.201083 0.323252 0.924702 -1.184000 0.000000 0.000000 0.000000 1.000000
0.976338 -0.069690 -0.204715 0.000000 -0.000673 0.945666 -0.325140 13.663900 0.216251 0.317584 0.923242 -1.184000 0.000000 0.000000 0.000000 1.000000
0.973478 -0.080170 -0.214274 0.000000 0.006653 0.946115 -0.323761 13.663900 0.228684 0.313749 0.921556 -1.184000 0.000000 0.000000 0.000000 1.000000
0.971109 -0.087112 -0.222169 0.000000 0.010713 0.945968 -0.324083 13.663900 0.238397 0.312340 0.919571 -1.184000 0.000000 0.000000 0.000000 1.000000
0.969117 -0.092910 -0.228431 -0.000000 0.013785 0.945273 -0.325990 13.663900 0.246217 0.312773 0.917360 -1.184000 0.000000 0.000000 0.000000 1.000000
0.967247 -0.095273 -0.235280 0.000000 0.013588 0.944996 -0.326800 13.663900 0.253474 0.312900 0.915339 -1.184000 0.000000 0.000000 0.000000 1.000000
0.965372 -0.097817 -0.241846 0.000000 0.014668 0.945929 -0.324041 13.663900 0.260466 0.309273 0.914608 -1.184000 0.000000 0.000000 0.000000 1.000000
0.963351 -0.100412 -0.248743 0.000000 0.016556 0.947786 -0.318478 13.663900 0.267734 0.302688 0.914712 -1.184000 0.000000 0.000000 0.000000 1.000000
0.961680 -0.105958 -0.252872 0.000000 0.021876 0.949019 -0.314459 13.663900 0.273300 0.296877 0.914971 -1.184000 0.000000 0.000000 0.000000 1.000000
0.961146 -0.110650 -0.252891 0.000000 0.025591 0.947916 -0.317490 13.663900 0.274850 0.298683 0.913918 -1.184000 0.000000 0.000000 0.000000 1.000000
0.962225 -0.111980 -0.248160 0.000000 0.025707 0.944795 -0.326653 13.663900 0.271039 0.307934 0.911984 -1.184000 0.000000 0.000000 0.000000 1.000000
0.965400 -0.110248 -0.236321 0.000000 0.023801 0.939704 -0.341159 13.663900 0.259684 0.323731 0.909815 -1.184000 0.000000 0.000000 0.000000 1.000000
0.970338 -0.104027 -0.218225 0.000000 0.020477 0.934806 -0.354568 13.663900 0.240882 0.339582 0.909208 -1.184000 0.000000 0.000000 0.000000 1.000000
0.975761 -0.092270 -0.198437 0.000000 0.014696 0.932349 -0.361261 13.663900 0.218346 0.349588 0.911105 -1.184000 0.000000 0.000000 0.000000 1.000000
0.980458 -0.078806 -0.180255 0.000000 0.008698 0.932728 -0.360476 13.663900 0.196536 0.351863 0.915186 -1.184000 0.000000 0.000000 0.000000 1.000000
0.984422 -0.064491 -0.163567 -0.000000 0.002294 0.934933 -0.354817 13.663900 0.175807 0.348914 0.920517 -1.184000 0.000000 0.000000 0.000000 1.000000
0.987653 -0.050540 -0.148280 -0.000000 -0.004333 0.937353 -0.348354 13.663900 0.156597 0.344695 0.925561 -1.184000 0.000000 0.000000 0.000000 1.000000</float_array><technique_common><accessor source="#Spine-Matrix-animation-output-transform-array" count="34" stride="16"><param type="float4x4"/></accessor></technique_common></source><source id="Spine-Interpolations"><Name_array id="Spine-Interpolations-array" count="34">
 LINEAR LINEAR LINEAR LINEAR LINEAR LINEAR LINEAR LINEAR LINEAR LINEAR LINEAR
LINEAR LINEAR LINEAR LINEAR LINEAR LINEAR LINEAR LINEAR LINEAR LINEAR LINEAR LINEAR
LINEAR LINEAR LINEAR LINEAR LINEAR LINEAR LINEAR LINEAR LINEAR LINEAR LINEAR</Name_array><technique_common><accessor source="#Spine-Interpolations-array" count="34"><param type="name"/></accessor></technique_common></source><sampler id="Spine-Matrix-animation-transform"><input semantic="INPUT" source="#Spine-Matrix-animation-input"/><input semantic="OUTPUT" source="#Spine-Matrix-animation-output-transform"/><input semantic="INTERPOLATION" source="#Spine-Interpolations"/></sampler><channel source="#Spine-Matrix-animation-transform" target="Spine/matrix"/></animation>
    <animation id="Spine1-anim" name="Spine1"><source id="Spine1-Matrix-animation-input"><float_array id="Spine1-Matrix-animation-input-array" count="34">

0.000000 0.033333 0.066667 0.100000 0.133333 0.166667 0.200000 0.233333 0.266667 0.300000 0.333333 0.366667 0.400000 0.433333 0.466667 0.500000
0.533333 0.566667 0.600000 0.633333 0.666667 0.700000 0.733333 0.766667 0.800000 0.833333 0.866667 0.900000 0.933333 0.966667 1.000000 1.033333
1.066667 1.100000</float_array><technique_common><accessor source="#Spine1-Matrix-animation-input-array" count="34"><param name="TIME" type="float"/></accessor></technique_common></source><source id="Spine1-Matrix-animation-output-transform"><float_array id="Spine1-Matrix-animation-output-transform-array" count="544">

0.999068 0.009264 -0.042170 0.000000 -0.010353 0.999617 -0.025674 15.941200 0.041916 0.026086 0.998781 -1.381300 0.000000 0.000000 0.000000 1.000000
0.999159 0.010192 -0.039708 0.000000 -0.011217 0.999607 -0.025681 15.941200 0.039431 0.026105 0.998881 -1.381300 0.000000 0.000000 0.000000 1.000000
0.999242 0.011390 -0.037219 -0.000000 -0.012351 0.999594 -0.025682 15.941200 0.036911 0.026122 0.998977 -1.381300 0.000000 0.000000 0.000000 1.000000
0.999312 0.012837 -0.034784 0.000000 -0.013734 0.999576 -0.025680 15.941200 0.034439 0.026140 0.999065 -1.381300 0.000000 0.000000 0.000000 1.000000
0.999378 0.014084 -0.032345 -0.000000 -0.014918 0.999559 -0.025690 15.941200 0.031969 0.026156 0.999147 -1.381300 0.000000 0.000000 0.000000 1.000000
0.999444 0.014725 -0.029931 0.000000 -0.015499 0.999547 -0.025784 15.941200 0.029537 0.026233 0.999219 -1.381300 0.000000 0.000000 0.000000 1.000000
0.999500 0.014533 -0.028077 0.000000 -0.015265 0.999545 -0.026028 15.941200 0.027686 0.026444 0.999267 -1.381300 0.000000 0.000000 0.000000 1.000000
0.999530 0.013463 -0.027545 0.000000 -0.014179 0.999561 -0.025995 15.941200 0.027183 0.026374 0.999283 -1.381300 0.000000 0.000000 0.000000 1.000000
0.999535 0.011740 -0.028147 0.000000 -0.012464 0.999592 -0.025689 15.941200 0.027833 0.026028 0.999274 -1.381300 0.000000 0.000000 0.000000 1.000000
0.999532 0.009719 -0.028997 -0.000000 -0.010461 0.999619 -0.025545 15.941200 0.028738 0.025837 0.999253 -1.381300 0.000000 0.000000 0.000000 1.000000
0.999514 0.007912 -0.030140 0.000000 -0.008695 0.999626 -0.025929 15.941200 0.029924 0.026179 0.999209 -1.381300 0.000000 0.000000 0.000000 1.000000
0.999466 0.006681 -0.031990 -0.000000 -0.007542 0.999611 -0.026869 15.941200 0.031798 0.027096 0.999127 -1.381300 0.000000 0.000000 0.000000 1.000000
0.999390 0.005837 -0.034433 0.000000 -0.006806 0.999583 -0.028064 15.941200 0.034255 0.028282 0.999013 -1.381300 0.000000 0.000000 0.000000 1.000000
0.999275 0.005215 -0.037721 0.000000 -0.006310 0.999560 -0.028965 15.941200 0.037553 0.029182 0.998868 -1.381300 0.000000 0.000000 0.000000 1.000000
0.999112 0.004713 -0.041865 0.000000 -0.005945 0.999552 -0.029345 15.941200 0.041708 0.029568 0.998692 -1.381300 0.000000 0.000000 0.000000 1.000000
0.998913 0.004209 -0.046416 -0.000000 -0.005577 0.999553 -0.029373 15.941200 0.046271 0.029600 0.998490 -1.381300 0.000000 0.000000 0.000000 1.000000
0.998696 0.003739 -0.050922 0.000000 -0.005228 0.999562 -0.029136 15.941200 0.050791 0.029364 0.998278 -1.381300 0.000000 0.000000 0.000000 1.000000
0.998478 0.003342 -0.055047 0.000000 -0.004922 0.999579 -0.028591 15.941200 0.054928 0.028818 0.998074 -1.381300 0.000000 0.000000 0.000000 1.000000
0.998267 0.003035 -0.058774 0.000000 -0.004685 0.999598 -0.027967 15.941200 0.058665 0.028194 0.997880 -1.381300 0.000000 0.000000 0.000000 1.000000
0.998072 0.002969 -0.061994 -0.000000 -0.004672 0.999616 -0.027332 15.941200 0.061889 0.027568 0.997702 -1.381300 0.000000 0.000000 0.000000 1.000000
0.997896 0.003283 -0.064747 0.000000 -0.005021 0.999631 -0.026705 15.941200 0.064635 0.026974 0.997544 -1.381300 0.000000 0.000000 0.000000 1.000000
0.997734 0.003977 -0.067160 0.000000 -0.005740 0.999643 -0.026082 15.941200 0.067032 0.026408 0.997401 -1.381300 0.000000 0.000000 0.000000 1.000000
0.997578 0.004947 -0.069378 0.000000 -0.006717 0.999657 -0.025299 15.941200 0.069229 0.025704 0.997270 -1.381300 0.000000 0.000000 0.000000 1.000000
0.997423 0.005591 -0.071528 0.000000 -0.007322 0.999686 -0.023952 15.941200 0.071371 0.024414 0.997151 -1.381300 0.000000 0.000000 0.000000 1.000000
0.997283 0.005492 -0.073463 0.000000 -0.007123 0.999734 -0.021956 15.941200 0.073323 0.022419 0.997056 -1.381300 0.000000 0.000000 0.000000 1.000000
0.997183 0.004493 -0.074877 0.000000 -0.005981 0.999789 -0.019664 15.941200 0.074773 0.020057 0.996999 -1.381300 0.000000 0.000000 0.000000 1.000000
0.997176 0.003185 -0.075039 0.000000 -0.004573 0.999822 -0.018329 15.941200 0.074967 0.018621 0.997012 -1.381300 0.000000 0.000000 0.000000 1.000000
0.997275 0.002216 -0.073746 0.000000 -0.003577 0.999826 -0.018331 15.941200 0.073692 0.018545 0.997109 -1.381300 0.000000 0.000000 0.000000 1.000000
0.997527 0.002152 -0.070251 -0.000000 -0.003565 0.999794 -0.019992 15.941200 0.070194 0.020193 0.997329 -1.381300 0.000000 0.000000 0.000000 1.000000
0.997897 0.003012 -0.064757 0.000000 -0.004468 0.999740 -0.022352 15.941200 0.064673 0.022594 0.997651 -1.381300 0.000000 0.000000 0.000000 1.000000
0.998275 0.004306 -0.058558 -0.000000 -0.005730 0.999691 -0.024180 15.941200 0.058436 0.024474 0.997991 -1.381300 0.000000 0.000000 0.000000 1.000000
0.998591 0.005753 -0.052744 0.000000 -0.007084 0.999660 -0.025083 15.941200 0.052582 0.025421 0.998293 -1.381300 0.000000 0.000000 0.000000 1.000000
0.998854 0.007406 -0.047279 0.000000 -0.008623 0.999635 -0.025590 15.941200 0.047072 0.025969 0.998554 -1.381300 0.000000 0.000000 0.000000 1.000000
0.999068 0.009263 -0.042170 0.000000 -0.010353 0.999616 -0.025689 15.941200 0.041916 0.026101 0.998780 -1.381300 0.000000 0.000000 0.000000 1.000000</float_array><technique_common><accessor source="#Spine1-Matrix-animation-output-transform-array" count="34" stride="16"><param type="float4x4"/></accessor></technique_common></source><source id="Spine1-Interpolations"><Name_array id="Spine1-Interpolations-array" count="34">
 LINEAR LINEAR LINEAR LINEAR LINEAR LINEAR LINEAR LINEAR LINEAR LINEAR LINEAR
LINEAR LINEAR LINEAR LINEAR LINEAR LINEAR LINEAR LINEAR LINEAR LINEAR LINEAR LINEAR
LINEAR LINEAR LINEAR LINEAR LINEAR LINEAR LINEAR LINEAR LINEAR LINEAR LINEAR</Name_array><technique_common><accessor source="#Spine1-Interpolations-array" count="34"><param type="name"/></accessor></technique_common></source><sampler id="Spine1-Matrix-animation-transform"><input semantic="INPUT" source="#Spine1-Matrix-animation-input"/><input semantic="OUTPUT" source="#Spine1-Matrix-animation-output-transform"/><input semantic="INTERPOLATION" source="#Spine1-Interpolations"/></sampler><channel source="#Spine1-Matrix-animation-transform" target="Spine1/matrix"/></animation>
    <animation id="Spine2-anim" name="Spine2"><source id="Spine2-Matrix-animation-input"><float_array id="Spine2-Matrix-animation-input-array" count="34">

0.000000 0.033333 0.066667 0.100000 0.133333 0.166667 0.200000 0.233333 0.266667 0.300000 0.333333 0.366667 0.400000 0.433333 0.466667 0.500000
0.533333 0.566667 0.600000 0.633333 0.666667 0.700000 0.733333 0.766667 0.800000 0.833333 0.866667 0.900000 0.933333 0.966667 1.000000 1.033333
1.066667 1.100000</float_array><technique_common><accessor source="#Spine2-Matrix-animation-input-array" count="34"><param name="TIME" type="float"/></accessor></technique_common></source><source id="Spine2-Matrix-animation-output-transform"><float_array id="Spine2-Matrix-animation-output-transform-array" count="544">

0.999100 0.008093 -0.041629 -0.000000 -0.009178 0.999621 -0.025946 11.776900 0.041404 0.026304 0.998796 -1.578600 0.000000 0.000000 0.000000 1.000000
0.999193 0.009107 -0.039133 -0.000000 -0.010127 0.999612 -0.025947 11.776900 0.038881 0.026323 0.998897 -1.578600 0.000000 0.000000 0.000000 1.000000
0.999276 0.010406 -0.036604 0.000000 -0.011360 0.999599 -0.025944 11.776900 0.036319 0.026341 0.998993 -1.578600 0.000000 0.000000 0.000000 1.000000
0.999346 0.011960 -0.034126 0.000000 -0.012849 0.999581 -0.025937 11.776900 0.033801 0.026358 0.999081 -1.578600 0.000000 0.000000 0.000000 1.000000
0.999410 0.013310 -0.031650 -0.000000 -0.014133 0.999564 -0.025943 11.776900 0.031291 0.026375 0.999162 -1.578600 0.000000 0.000000 0.000000 1.000000
0.999475 0.014038 -0.029214 0.000000 -0.014799 0.999552 -0.026027 11.776900 0.028836 0.026446 0.999234 -1.578600 0.000000 0.000000 0.000000 1.000000
0.999529 0.013901 -0.027364 -0.000000 -0.014620 0.999549 -0.026244 11.776900 0.026986 0.026632 0.999281 -1.578600 0.000000 0.000000 0.000000 1.000000
0.999557 0.012836 -0.026866 0.000000 -0.013540 0.999565 -0.026187 11.776900 0.026519 0.026539 0.999296 -1.578600 0.000000 0.000000 0.000000 1.000000
0.999559 0.011080 -0.027535 0.000000 -0.011792 0.999596 -0.025861 11.776900 0.027237 0.026174 0.999286 -1.578600 0.000000 0.000000 0.000000 1.000000
0.999554 0.009006 -0.028480 0.000000 -0.009738 0.999622 -0.025694 11.776900 0.028238 0.025960 0.999264 -1.578600 0.000000 0.000000 0.000000 1.000000
0.999533 0.007124 -0.029721 0.000000 -0.007900 0.999629 -0.026059 11.776900 0.029524 0.026281 0.999218 -1.578600 0.000000 0.000000 0.000000 1.000000
0.999482 0.005792 -0.031647 0.000000 -0.006648 0.999614 -0.026992 11.776900 0.031478 0.027189 0.999135 -1.578600 0.000000 0.000000 0.000000 1.000000
0.999405 0.004829 -0.034147 -0.000000 -0.005793 0.999586 -0.028190 11.776900 0.033997 0.028371 0.999019 -1.578600 0.000000 0.000000 0.000000 1.000000
0.999290 0.004085 -0.037464 -0.000000 -0.005177 0.999564 -0.029080 11.776900 0.037329 0.029254 0.998875 -1.578600 0.000000 0.000000 0.000000 1.000000
0.999128 0.003450 -0.041605 -0.000000 -0.004677 0.999556 -0.029432 11.776900 0.041485 0.029601 0.998701 -1.578600 0.000000 0.000000 0.000000 1.000000
0.998931 0.002818 -0.046135 0.000000 -0.004179 0.999558 -0.029428 11.776900 0.046032 0.029590 0.998502 -1.578600 0.000000 0.000000 0.000000 1.000000
0.998716 0.002233 -0.050612 0.000000 -0.003712 0.999568 -0.029155 11.776900 0.050525 0.029306 0.998293 -1.578600 0.000000 0.000000 0.000000 1.000000
0.998501 0.001742 -0.054704 0.000000 -0.003310 0.999586 -0.028584 11.776900 0.054631 0.028722 0.998093 -1.578600 0.000000 0.000000 0.000000 1.000000
0.998292 0.001342 -0.058400 0.000000 -0.002978 0.999605 -0.027945 11.776900 0.058339 0.028072 0.997902 -1.578600 0.000000 0.000000 0.000000 1.000000
0.998101 0.001188 -0.061594 0.000000 -0.002876 0.999623 -0.027315 11.776900 0.061538 0.027440 0.997727 -1.578600 0.000000 0.000000 0.000000 1.000000
0.997928 0.001458 -0.064327 -0.000000 -0.003183 0.999638 -0.026713 11.776900 0.064265 0.026863 0.997571 -1.578600 0.000000 0.000000 0.000000 1.000000
0.997769 0.002132 -0.066722 0.000000 -0.003884 0.999651 -0.026135 11.776900 0.066643 0.026336 0.997429 -1.578600 0.000000 0.000000 0.000000 1.000000
0.997617 0.003100 -0.068924 0.000000 -0.004862 0.999665 -0.025408 11.776900 0.068822 0.025682 0.997298 -1.578600 0.000000 0.000000 0.000000 1.000000
0.997464 0.003773 -0.071071 -0.000000 -0.005498 0.999695 -0.024089 11.776900 0.070958 0.024419 0.997180 -1.578600 0.000000 0.000000 0.000000 1.000000
0.997322 0.003731 -0.073035 0.000000 -0.005356 0.999742 -0.022066 11.776900 0.072934 0.022398 0.997085 -1.578600 0.000000 0.000000 0.000000 1.000000
0.997216 0.002800 -0.074517 0.000000 -0.004279 0.999797 -0.019685 11.776900 0.074447 0.019949 0.997025 -1.578600 0.000000 0.000000 0.000000 1.000000
0.997202 0.001525 -0.074732 0.000000 -0.002897 0.999829 -0.018243 11.776900 0.074691 0.018408 0.997037 -1.578600 0.000000 0.000000 0.000000 1.000000
0.997293 0.000543 -0.073524 0.000000 -0.001884 0.999833 -0.018166 11.776900 0.073501 0.018255 0.997128 -1.578600 0.000000 0.000000 0.000000 1.000000
0.997544 0.000444 -0.070044 0.000000 -0.001837 0.999802 -0.019819 11.776900 0.070021 0.019899 0.997347 -1.578600 0.000000 0.000000 0.000000 1.000000
0.997917 0.001307 -0.064502 -0.000000 -0.002748 0.999749 -0.022243 11.776900 0.064457 0.022374 0.997670 -1.578600 0.000000 0.000000 0.000000 1.000000
0.998299 0.002676 -0.058237 0.000000 -0.004089 0.999700 -0.024168 11.776900 0.058155 0.024365 0.998010 -1.578600 0.000000 0.000000 0.000000 1.000000
0.998620 0.004254 -0.052353 0.000000 -0.005577 0.999668 -0.025156 11.776900 0.052229 0.025413 0.998312 -1.578600 0.000000 0.000000 0.000000 1.000000
0.998885 0.006068 -0.046813 0.000000 -0.007276 0.999644 -0.025676 11.776900 0.046640 0.025988 0.998574 -1.578600 0.000000 0.000000 0.000000 1.000000
0.999100 0.008092 -0.041629 0.000000 -0.009177 0.999621 -0.025958 11.776900 0.041404 0.026316 0.998796 -1.578600 0.000000 0.000000 0.000000 1.000000</float_array><technique_common><accessor source="#Spine2-Matrix-animation-output-transform-array" count="34" stride="16"><param type="float4x4"/></accessor></technique_common></source><source id="Spine2-Interpolations"><Name_array id="Spine2-Interpolations-array" count="34">
 LINEAR LINEAR LINEAR LINEAR LINEAR LINEAR LINEAR LINEAR LINEAR LINEAR LINEAR
LINEAR LINEAR LINEAR LINEAR LINEAR LINEAR LINEAR LINEAR LINEAR LINEAR LINEAR LINEAR
LINEAR LINEAR LINEAR LINEAR LINEAR LINEAR LINEAR LINEAR LINEAR LINEAR LINEAR</Name_array><technique_common><accessor source="#Spine2-Interpolations-array" count="34"><param type="name"/></accessor></technique_common></source><sampler id="Spine2-Matrix-animation-transform"><input semantic="INPUT" source="#Spine2-Matrix-animation-input"/><input semantic="OUTPUT" source="#Spine2-Matrix-animation-output-transform"/><input semantic="INTERPOLATION" source="#Spine2-Interpolations"/></sampler><channel source="#Spine2-Matrix-animation-transform" target="Spine2/matrix"/></animation>
    <animation id="Neck-anim" name="Neck"><source id="Neck-Matrix-animation-input"><float_array id="Neck-Matrix-animation-input-array" count="34">

0.000000 0.033333 0.066667 0.100000 0.133333 0.166667 0.200000 0.233333 0.266667 0.300000 0.333333 0.366667 0.400000 0.433333 0.466667 0.500000
0.533333 0.566667 0.600000 0.633333 0.666667 0.700000 0.733333 0.766667 0.800000 0.833333 0.866667 0.900000 0.933333 0.966667 1.000000 1.033333
1.066667 1.100000</float_array><technique_common><accessor source="#Neck-Matrix-animation-input-array" count="34"><param name="TIME" type="float"/></accessor></technique_common></source><source id="Neck-Matrix-animation-output-transform"><float_array id="Neck-Matrix-animation-output-transform-array" count="544">

0.997691 0.065360 0.018444 0.000000 -0.061866 0.986723 -0.150170 29.734600 -0.028014 0.148683 0.988488 7.525900 0.000000 0.000000 0.000000 1.000000
0.997636 0.066294 0.018122 -0.000000 -0.062758 0.986236 -0.152972 29.734600 -0.028014 0.151473 0.988064 7.525900 0.000000 0.000000 0.000000 1.000000
0.997530 0.067887 0.018061 0.000000 -0.064236 0.985561 -0.156665 29.734600 -0.028436 0.155118 0.987487 7.525900 0.000000 0.000000 0.000000 1.000000
0.997383 0.069815 0.018783 0.000000 -0.065916 0.984842 -0.160443 29.734600 -0.029700 0.158785 0.986866 7.525900 0.000000 0.000000 0.000000 1.000000
0.997185 0.072084 0.020641 -0.000000 -0.067793 0.984370 -0.162544 29.734600 -0.032036 0.160688 0.986485 7.525900 0.000000 0.000000 0.000000 1.000000
0.996955 0.074471 0.023114 0.000000 -0.069757 0.984256 -0.162402 29.734600 -0.034844 0.160295 0.986454 7.525900 0.000000 0.000000 0.000000 1.000000
0.996752 0.076362 0.025571 0.000000 -0.071304 0.984465 -0.160450 29.734600 -0.037426 0.158106 0.986713 7.525900 0.000000 0.000000 0.000000 1.000000
0.996651 0.077021 0.027472 0.000000 -0.071723 0.984713 -0.158735 29.734600 -0.039278 0.156233 0.986939 7.525900 0.000000 0.000000 0.000000 1.000000
0.996663 0.076403 0.028722 0.000000 -0.070920 0.984784 -0.158655 29.734600 -0.040407 0.156088 0.986916 7.525900 0.000000 0.000000 0.000000 1.000000
0.996754 0.074892 0.029533 0.000000 -0.069257 0.984735 -0.159691 29.734600 -0.041041 0.157128 0.986725 7.525900 0.000000 0.000000 0.000000 1.000000
0.996808 0.073778 0.030513 -0.000000 -0.067984 0.984753 -0.160121 29.734600 -0.041861 0.157536 0.986626 7.525900 0.000000 0.000000 0.000000 1.000000
0.996713 0.074342 0.032194 -0.000000 -0.068339 0.984959 -0.158700 29.734600 -0.043508 0.155978 0.986802 7.525900 0.000000 0.000000 0.000000 1.000000
0.996510 0.076076 0.034359 -0.000000 -0.069837 0.985273 -0.156077 29.734600 -0.045726 0.153133 0.987147 7.525900 0.000000 0.000000 0.000000 1.000000
0.996276 0.078027 0.036683 -0.000000 -0.071561 0.985634 -0.152983 29.734600 -0.048093 0.149788 0.987548 7.525900 0.000000 0.000000 0.000000 1.000000
0.996055 0.079706 0.039016 -0.000000 -0.073034 0.986010 -0.149834 29.734600 -0.050413 0.146394 0.987941 7.525900 0.000000 0.000000 0.000000 1.000000
0.995847 0.081156 0.041253 -0.000000 -0.074313 0.986400 -0.146606 29.734600 -0.052590 0.142931 0.988334 7.525900 0.000000 0.000000 0.000000 1.000000
0.995663 0.082420 0.043154 0.000000 -0.075491 0.986838 -0.143008 29.734600 -0.054372 0.139130 0.988780 7.525900 0.000000 0.000000 0.000000 1.000000
0.995523 0.083475 0.044335 -0.000000 -0.076617 0.987373 -0.138655 29.734600 -0.055349 0.134638 0.989348 7.525900 0.000000 0.000000 0.000000 1.000000
0.995435 0.084216 0.044918 -0.000000 -0.077536 0.987944 -0.133997 29.734600 -0.055661 0.129902 0.989963 7.525900 0.000000 0.000000 0.000000 1.000000
0.995439 0.084164 0.044913 0.000000 -0.077743 0.988542 -0.129384 29.734600 -0.055288 0.125303 0.990577 7.525900 0.000000 0.000000 0.000000 1.000000
0.995556 0.083070 0.044357 0.000000 -0.076970 0.989173 -0.124947 29.734600 -0.054257 0.120978 0.991171 7.525900 0.000000 0.000000 0.000000 1.000000
0.995768 0.081065 0.043306 0.000000 -0.075330 0.989822 -0.120736 29.734600 -0.052653 0.116963 0.991740 7.525900 0.000000 0.000000 0.000000 1.000000
0.996026 0.078634 0.041817 0.000000 -0.073266 0.990395 -0.117260 29.734600 -0.050636 0.113730 0.992220 7.525900 0.000000 0.000000 0.000000 1.000000
0.996205 0.077063 0.040453 0.000000 -0.071962 0.990734 -0.115181 29.734600 -0.048955 0.111833 0.992520 7.525900 0.000000 0.000000 0.000000 1.000000
0.996295 0.076444 0.039398 0.000000 -0.071507 0.990869 -0.114304 29.734600 -0.047776 0.111063 0.992664 7.525900 0.000000 0.000000 0.000000 1.000000
0.996367 0.076041 0.038350 -0.000000 -0.071237 0.990922 -0.114012 29.734600 -0.046671 0.110865 0.992739 7.525900 0.000000 0.000000 0.000000 1.000000
0.996565 0.074411 0.036347 0.000000 -0.069860 0.991074 -0.113539 29.734600 -0.044471 0.110610 0.992869 7.525900 0.000000 0.000000 0.000000 1.000000
0.996864 0.071812 0.033245 0.000000 -0.067618 0.991227 -0.113561 29.734600 -0.041108 0.110957 0.992975 7.525900 0.000000 0.000000 0.000000 1.000000
0.997183 0.069170 0.029017 -0.000000 -0.065367 0.991080 -0.116137 29.734600 -0.036791 0.113913 0.992809 7.525900 0.000000 0.000000 0.000000 1.000000
0.997373 0.068058 0.024792 0.000000 -0.064528 0.990340 -0.122727 29.734600 -0.032905 0.120805 0.992131 7.525900 0.000000 0.000000 0.000000 1.000000
0.997411 0.068542 0.021764 -0.000000 -0.065110 0.989192 -0.131373 29.734600 -0.030534 0.129616 0.991094 7.525900 0.000000 0.000000 0.000000 1.000000
0.997398 0.069181 0.020275 0.000000 -0.065715 0.988126 -0.138881 29.734600 -0.029642 0.137187 0.990102 7.525900 0.000000 0.000000 0.000000 1.000000
0.997466 0.068417 0.019517 -0.000000 -0.064898 0.987377 -0.144480 29.734600 -0.029156 0.142847 0.989315 7.525900 0.000000 0.000000 0.000000 1.000000
0.997691 0.065360 0.018444 0.000000 -0.061866 0.986723 -0.150170 29.734600 -0.028014 0.148682 0.988488 7.525900 0.000000 0.000000 0.000000 1.000000</float_array><technique_common><accessor source="#Neck-Matrix-animation-output-transform-array" count="34" stride="16"><param type="float4x4"/></accessor></technique_common></source><source id="Neck-Interpolations"><Name_array id="Neck-Interpolations-array" count="34">
 LINEAR LINEAR LINEAR LINEAR LINEAR LINEAR LINEAR LINEAR LINEAR LINEAR LINEAR
LINEAR LINEAR LINEAR LINEAR LINEAR LINEAR LINEAR LINEAR LINEAR LINEAR LINEAR LINEAR
LINEAR LINEAR LINEAR LINEAR LINEAR LINEAR LINEAR LINEAR LINEAR LINEAR LINEAR</Name_array><technique_common><accessor source="#Neck-Interpolations-array" count="34"><param type="name"/></accessor></technique_common></source><sampler id="Neck-Matrix-animation-transform"><input semantic="INPUT" source="#Neck-Matrix-animation-input"/><input semantic="OUTPUT" source="#Neck-Matrix-animation-output-transform"/><input semantic="INTERPOLATION" source="#Neck-Interpolations"/></sampler><channel source="#Neck-Matrix-animation-transform" target="Neck/matrix"/></animation>
    <animation id="Head-anim" name="Head"><source id="Head-Matrix-animation-input"><float_array id="Head-Matrix-animation-input-array" count="34">

0.000000 0.033333 0.066667 0.100000 0.133333 0.166667 0.200000 0.233333 0.266667 0.300000 0.333333 0.366667 0.400000 0.433333 0.466667 0.500000
0.533333 0.566667 0.600000 0.633333 0.666667 0.700000 0.733333 0.766667 0.800000 0.833333 0.866667 0.900000 0.933333 0.966667 1.000000 1.033333
1.066667 1.100000</float_array><technique_common><accessor source="#Head-Matrix-animation-input-array" count="34"><param name="TIME" type="float"/></accessor></technique_common></source><source id="Head-Matrix-animation-output-transform"><float_array id="Head-Matrix-animation-output-transform-array" count="544">

0.979181 -0.053729 0.195749 0.000000 -0.007193 0.954544 0.297982 7.506500 -0.202862 -0.293187 0.934285 6.398500 0.000000 0.000000 0.000000 1.000000
0.978762 -0.056058 0.197185 -0.000000 -0.006495 0.952922 0.303147 7.506500 -0.204896 -0.297989 0.932320 6.398500 0.000000 0.000000 0.000000 1.000000
0.978190 -0.058698 0.199246 -0.000000 -0.005652 0.951363 0.308019 7.506500 -0.207635 -0.302428 0.930282 6.398500 0.000000 0.000000 0.000000 1.000000
0.977180 -0.060619 0.203579 0.000000 -0.006036 0.950102 0.311880 7.506500 -0.212327 -0.305992 0.928055 6.398500 0.000000 0.000000 0.000000 1.000000
0.975515 -0.060603 0.211420 0.000000 -0.008910 0.949608 0.313315 7.506500 -0.219754 -0.307527 0.925816 6.398500 0.000000 0.000000 0.000000 1.000000
0.973494 -0.059130 0.220938 0.000000 -0.013296 0.949738 0.312763 7.506500 -0.228327 -0.307410 0.923778 6.398500 0.000000 0.000000 0.000000 1.000000
0.971583 -0.057328 0.229653 0.000000 -0.017501 0.950172 0.311233 7.506500 -0.236053 -0.306408 0.922168 6.398500 0.000000 0.000000 0.000000 1.000000
0.970240 -0.056210 0.235532 0.000000 -0.019984 0.950778 0.309228 7.506500 -0.241321 -0.304732 0.921359 6.398500 0.000000 0.000000 0.000000 1.000000
0.969517 -0.055934 0.238556 0.000000 -0.020563 0.951587 0.306690 7.506500 -0.244161 -0.302247 0.921430 6.398500 0.000000 0.000000 0.000000 1.000000
0.969201 -0.056501 0.239700 0.000000 -0.019663 0.952463 0.304018 7.506500 -0.245483 -0.299368 0.922018 6.398500 0.000000 0.000000 0.000000 1.000000
0.968932 -0.057846 0.240467 -0.000000 -0.018222 0.952925 0.302657 7.506500 -0.246655 -0.297636 0.922266 6.398500 0.000000 0.000000 0.000000 1.000000
0.968393 -0.059304 0.242275 0.000000 -0.017504 0.952771 0.303185 7.506500 -0.248813 -0.297843 0.921619 6.398500 0.000000 0.000000 0.000000 1.000000
0.967646 -0.060585 0.244929 0.000000 -0.017499 0.952291 0.304690 7.506500 -0.251703 -0.299118 0.920421 6.398500 0.000000 0.000000 0.000000 1.000000
0.966807 -0.061417 0.248017 0.000000 -0.017953 0.951952 0.305720 7.506500 -0.254877 -0.300025 0.919251 6.398500 0.000000 0.000000 0.000000 1.000000
0.965920 -0.061749 0.251367 0.000000 -0.018681 0.951964 0.305639 7.506500 -0.258165 -0.299918 0.918368 6.398500 0.000000 0.000000 0.000000 1.000000
0.965076 -0.061926 0.254544 0.000000 -0.019343 0.952163 0.304979 7.506500 -0.261254 -0.299252 0.917712 6.398500 0.000000 0.000000 0.000000 1.000000
0.964494 -0.062474 0.256611 0.000000 -0.019310 0.952338 0.304432 7.506500 -0.263400 -0.298578 0.917318 6.398500 0.000000 0.000000 0.000000 1.000000
0.964512 -0.063890 0.256192 -0.000000 -0.017852 0.952283 0.304693 7.506500 -0.263434 -0.298454 0.917348 6.398500 0.000000 0.000000 0.000000 1.000000
0.965022 -0.066023 0.253720 -0.000000 -0.015259 0.951986 0.305761 7.506500 -0.261725 -0.298937 0.917680 6.398500 0.000000 0.000000 0.000000 1.000000
0.965954 -0.069122 0.249310 0.000000 -0.011232 0.951535 0.307337 7.506500 -0.258471 -0.299673 0.918362 6.398500 0.000000 0.000000 0.000000 1.000000
0.967209 -0.073102 0.243232 -0.000000 -0.005826 0.951045 0.308996 7.506500 -0.253913 -0.300281 0.919434 6.398500 0.000000 0.000000 0.000000 1.000000
0.968697 -0.077492 0.235840 0.000000 0.000469 0.950600 0.310419 7.506500 -0.248245 -0.300591 0.920880 6.398500 0.000000 0.000000 0.000000 1.000000
0.970314 -0.080823 0.227946 -0.000000 0.006212 0.950525 0.310585 7.506500 -0.241770 -0.299948 0.922810 6.398500 0.000000 0.000000 0.000000 1.000000
0.971729 -0.081357 0.221640 0.000000 0.009431 0.951380 0.307876 7.506500 -0.235912 -0.297081 0.925250 6.398500 0.000000 0.000000 0.000000 1.000000
0.972892 -0.079109 0.217306 -0.000000 0.010047 0.953242 0.302040 7.506500 -0.231040 -0.291669 0.928197 6.398500 0.000000 0.000000 0.000000 1.000000
0.973948 -0.074602 0.214150 0.000000 0.008478 0.955657 0.294359 7.506500 -0.226614 -0.284875 0.931393 6.398500 0.000000 0.000000 0.000000 1.000000
0.975253 -0.069701 0.209816 0.000000 0.006128 0.957162 0.289489 7.506500 -0.221005 -0.281039 0.933902 6.398500 0.000000 0.000000 0.000000 1.000000
0.976830 -0.065467 0.203760 -0.000000 0.003950 0.957418 0.288679 7.506500 -0.213982 -0.281185 0.935493 6.398500 0.000000 0.000000 0.000000 1.000000
0.978586 -0.062389 0.196154 0.000000 0.002443 0.956412 0.292011 7.506500 -0.205823 -0.285279 0.936084 6.398500 0.000000 0.000000 0.000000 1.000000
0.980049 -0.059905 0.189516 -0.000000 0.001202 0.955268 0.295740 7.506500 -0.198755 -0.289611 0.936281 6.398500 0.000000 0.000000 0.000000 1.000000
0.980813 -0.057265 0.186351 -0.000000 -0.000745 0.954778 0.297320 7.506500 -0.194950 -0.291754 0.936416 6.398500 0.000000 0.000000 0.000000 1.000000
