<?xml version="1.0" encoding="utf-8"?>
<COLLADA xmlns="http://www.collada.org/2005/11/COLLADASchema" version="1.4.1">
  <asset><contributor><author>Mixamo</author><authoring_tool>COLLADA Mixamo exporter</authoring_tool><comments></comments></contributor><created>2020-08-05T16:28:28Z</created><modified>2020-08-05T16:28:28Z</modified><revision></revision><title></title><unit meter="0.025400"/><up_axis>Y_UP</up_axis></asset>
  <library_animations>
    <animation id="Bip01-anim" name="Bip01"><source id="Bip01-Matrix-animation-input"><float_array id="Bip01-Matrix-animation-input-array" count="58">

0.000000 0.033333 0.066667 0.100000 0.133333 0.166667 0.200000 0.233333 0.266667 0.300000 0.333333 0.366667 0.400000 0.433333 0.466667 0.500000
0.533333 0.566667 0.600000 0.633333 0.666667 0.700000 0.733333 0.766667 0.800000 0.833333 0.866667 0.900000 0.933333 0.966667 1.000000 1.033333
1.066667 1.100000 1.133333 1.166667 1.200000 1.233333 1.266667 1.300000 1.333333 1.366667 1.400000 1.433333 1.466667 1.500000 1.533333 1.566667
1.600000 1.633333 1.666667 1.700000 1.733333 1.766667 1.800000 1.833333 1.866667 1.900000</float_array><technique_common><accessor source="#Bip01-Matrix-animation-input-array" count="58"><param name="TIME" type="float"/></accessor></technique_common></source><source id="Bip01-Matrix-animation-output-transform"><float_array id="Bip01-Matrix-animation-output-transform-array" count="928">

0.876694 0.005864 -0.481013 -0.210376 0.042445 0.995083 0.089490 34.666515 0.479172 -0.098872 0.872134 0.536089 0.000000 0.000000 0.000000 1.000000
0.883062 0.009055 -0.469168 -0.243927 0.039919 0.994740 0.094333 34.468361 0.467554 -0.102031 0.878056 0.670695 0.000000 0.000000 0.000000 1.000000
0.887853 0.013205 -0.459938 -0.258371 0.038629 0.993920 0.103104 34.255684 0.458503 -0.109308 0.881945 0.827558 0.000000 0.000000 0.000000 1.000000
0.888664 0.018972 -0.458167 -0.231085 0.038953 0.992409 0.116648 34.045845 0.456902 -0.121508 0.881179 1.041942 0.000000 0.000000 0.000000 1.000000
0.882120 0.025417 -0.470339 -0.145617 0.041861 0.990362 0.132028 33.881718 0.469161 -0.136154 0.872554 1.360697 0.000000 0.000000 0.000000 1.000000
0.858665 0.028150 -0.511764 0.039379 0.049905 0.989154 0.138143 33.911560 0.510102 -0.144158 0.847947 1.876213 0.000000 0.000000 0.000000 1.000000
0.814076 0.024838 -0.580227 0.346420 0.059923 0.990160 0.126459 34.161388 0.577658 -0.137716 0.804578 2.571694 0.000000 0.000000 0.000000 1.000000
0.750589 0.019665 -0.660476 0.758469 0.062129 0.993029 0.100171 34.574932 0.657842 -0.116222 0.744135 3.353257 0.000000 0.000000 0.000000 1.000000
0.674055 0.018677 -0.738445 1.245517 0.048662 0.996386 0.069619 35.033566 0.737077 -0.082861 0.670710 4.134337 0.000000 0.000000 0.000000 1.000000
0.594530 0.025024 -0.803684 1.788576 0.019324 0.998782 0.045394 35.379429 0.803841 -0.042519 0.593322 4.899597 0.000000 0.000000 0.000000 1.000000
0.524900 0.036704 -0.850372 2.378187 -0.017475 0.999324 0.032346 35.418732 0.850984 -0.002118 0.525187 5.736673 0.000000 0.000000 0.000000 1.000000
0.474149 0.048793 -0.879091 2.995231 -0.049927 0.998347 0.028484 35.052189 0.879028 0.030385 0.475802 6.726531 0.000000 0.000000 0.000000 1.000000
0.441464 0.056875 -0.895474 3.617292 -0.069886 0.997137 0.028879 34.333469 0.894553 0.049832 0.444175 7.804255 0.000000 0.000000 0.000000 1.000000
0.420035 0.059445 -0.905559 4.193922 -0.074499 0.996743 0.030875 33.456116 0.904445 0.054495 0.423095 8.788502 0.000000 0.000000 0.000000 1.000000
0.405510 0.059962 -0.912122 4.667227 -0.067583 0.997082 0.035501 32.620831 0.911589 0.047248 0.408379 9.605506 0.000000 0.000000 0.000000 1.000000
0.397776 0.062830 -0.915329 4.982632 -0.055424 0.997476 0.044383 31.971037 0.915807 0.033077 0.400255 10.259467 0.000000 0.000000 0.000000 1.000000
0.398932 0.070085 -0.914298 5.118592 -0.044152 0.997387 0.057189 31.538095 0.915917 0.017554 0.400984 10.742886 0.000000 0.000000 0.000000 1.000000
0.409656 0.079024 -0.908811 5.080489 -0.035093 0.996869 0.070863 31.331045 0.911565 0.002864 0.411146 10.997140 0.000000 0.000000 0.000000 1.000000
0.428633 0.085422 -0.899432 4.916105 -0.027045 0.996287 0.081732 31.320667 0.903074 -0.010708 0.429351 10.993983 0.000000 0.000000 0.000000 1.000000
0.454392 0.086882 -0.886555 4.674493 -0.018405 0.995936 0.088169 31.470104 0.890612 -0.023746 0.454144 10.742976 0.000000 0.000000 0.000000 1.000000
0.485778 0.083469 -0.870088 4.379018 -0.008403 0.995830 0.090840 31.749325 0.874042 -0.036817 0.484454 10.270366 0.000000 0.000000 0.000000 1.000000
0.521852 0.076498 -0.849599 4.046620 0.002320 0.995840 0.091091 32.125542 0.853033 -0.049507 0.519504 9.619873 0.000000 0.000000 0.000000 1.000000
0.561948 0.066858 -0.824466 3.703953 0.012820 0.995904 0.089498 32.558430 0.827073 -0.060863 0.558789 8.840306 0.000000 0.000000 0.000000 1.000000
0.604721 0.054685 -0.794558 3.383107 0.023108 0.996015 0.086137 32.986412 0.796102 -0.070450 0.601048 7.969390 0.000000 0.000000 0.000000 1.000000
0.647331 0.040513 -0.761132 3.109313 0.034179 0.996039 0.082086 33.364033 0.761442 -0.079152 0.643382 7.047061 0.000000 0.000000 0.000000 1.000000
0.686421 0.027281 -0.726692 2.908525 0.044895 0.995800 0.079791 33.652832 0.725817 -0.087394 0.682314 6.146722 0.000000 0.000000 0.000000 1.000000
0.719359 0.017514 -0.694418 2.779552 0.053796 0.995275 0.080830 33.873547 0.692552 -0.095502 0.715018 5.313931 0.000000 0.000000 0.000000 1.000000
0.744534 0.011711 -0.667482 2.709790 0.059417 0.994716 0.083729 34.059269 0.664936 -0.101999 0.739903 4.594708 0.000000 0.000000 0.000000 1.000000
0.761481 0.008347 -0.648134 2.683469 0.061662 0.994449 0.085252 34.244835 0.645248 -0.104884 0.756740 4.025317 0.000000 0.000000 0.000000 1.000000
0.770931 0.006107 -0.636889 2.690351 0.061229 0.994612 0.083654 34.460327 0.633968 -0.103488 0.766404 3.627353 0.000000 0.000000 0.000000 1.000000
0.774112 0.005301 -0.633027 2.721476 0.057975 0.995169 0.079230 34.705185 0.630389 -0.098032 0.770065 3.404444 0.000000 0.000000 0.000000 1.000000
0.771166 0.006395 -0.636602 2.766815 0.051613 0.996030 0.072528 34.951069 0.634539 -0.088788 0.767774 3.323120 0.000000 0.000000 0.000000 1.000000
0.762632 0.009937 -0.646757 2.825801 0.041748 0.997041 0.064547 35.152031 0.645484 -0.076226 0.759960 3.347716 0.000000 0.000000 0.000000 1.000000
0.750631 0.015721 -0.660535 2.910568 0.029080 0.997962 0.056799 35.268051 0.660082 -0.061844 0.748644 3.448562 0.000000 0.000000 0.000000 1.000000
0.738155 0.022349 -0.674261 3.035224 0.016040 0.998587 0.050658 35.279484 0.674440 -0.048209 0.736754 3.586977 0.000000 0.000000 0.000000 1.000000
0.727137 0.027976 -0.685922 3.195789 0.005516 0.998899 0.046589 35.222099 0.686470 -0.037660 0.726182 3.711306 0.000000 0.000000 0.000000 1.000000
0.718083 0.031613 -0.695239 3.360169 -0.001032 0.999015 0.044361 35.158077 0.695957 -0.031138 0.717408 3.777713 0.000000 0.000000 0.000000 1.000000
0.711878 0.034030 -0.701478 3.494020 -0.004891 0.999041 0.043502 35.130566 0.702286 -0.027537 0.711362 3.792052 0.000000 0.000000 0.000000 1.000000
0.711509 0.036897 -0.701707 3.545603 -0.008226 0.998989 0.044188 35.139011 0.702629 -0.025668 0.711094 3.750206 0.000000 0.000000 0.000000 1.000000
0.719312 0.040568 -0.693501 3.486147 -0.011648 0.998857 0.046349 35.179070 0.694589 -0.025262 0.718963 3.643265 0.000000 0.000000 0.000000 1.000000
0.733509 0.042963 -0.678321 3.306404 -0.013342 0.998718 0.048828 35.226131 0.679549 -0.026765 0.733142 3.449411 0.000000 0.000000 0.000000 1.000000
0.749858 0.041544 -0.660293 3.021499 -0.011155 0.998679 0.050166 35.253433 0.661504 -0.030252 0.749331 3.162019 0.000000 0.000000 0.000000 1.000000
0.765326 0.035756 -0.642649 2.662309 -0.004522 0.998730 0.050183 35.247044 0.643627 -0.035501 0.764515 2.793556 0.000000 0.000000 0.000000 1.000000
0.779337 0.027515 -0.626000 2.268489 0.005224 0.998715 0.050402 35.213779 0.626583 -0.042550 0.778192 2.361910 0.000000 0.000000 0.000000 1.000000
0.792562 0.019124 -0.609491 1.881441 0.016241 0.998492 0.052448 35.186359 0.609575 -0.051467 0.791056 1.887541 0.000000 0.000000 0.000000 1.000000
0.805436 0.011470 -0.592571 1.529923 0.027121 0.998052 0.056182 35.199036 0.592061 -0.061322 0.803556 1.405496 0.000000 0.000000 0.000000 1.000000
0.817645 0.003075 -0.575715 1.213929 0.038258 0.997485 0.059663 35.279167 0.574450 -0.070808 0.815471 0.949930 0.000000 0.000000 0.000000 1.000000
0.828668 -0.007142 -0.559695 0.933819 0.049989 0.996867 0.061292 35.414890 0.557504 -0.078770 0.826429 0.555368 0.000000 0.000000 0.000000 1.000000
0.838371 -0.017958 -0.544804 0.696604 0.061406 0.996207 0.061658 35.569275 0.541630 -0.085147 0.836294 0.247985 0.000000 0.000000 0.000000 1.000000
0.847127 -0.027054 -0.530702 0.498526 0.070655 0.995570 0.062030 35.707993 0.526673 -0.090044 0.845286 0.041667 0.000000 0.000000 0.000000 1.000000
0.853802 -0.033045 -0.519547 0.332864 0.076503 0.995113 0.062428 35.800724 0.514946 -0.093048 0.852158 -0.062196 0.000000 0.000000 0.000000 1.000000
0.856902 -0.035058 -0.514285 0.189160 0.078353 0.994950 0.062728 35.822506 0.509489 -0.094047 0.855322 -0.081177 0.000000 0.000000 0.000000 1.000000
0.856699 -0.032057 -0.514820 0.068436 0.075643 0.995085 0.063914 35.737804 0.510240 -0.093697 0.854913 -0.026085 0.000000 0.000000 0.000000 1.000000
0.856312 -0.024290 -0.515888 -0.025194 0.068956 0.995327 0.067596 35.549732 0.511835 -0.093457 0.853985 0.075210 0.000000 0.000000 0.000000 1.000000
0.858487 -0.014502 -0.512630 -0.090515 0.060707 0.995446 0.073504 35.316399 0.509229 -0.094222 0.855458 0.189042 0.000000 0.000000 0.000000 1.000000
0.863405 -0.005120 -0.504486 -0.134773 0.052704 0.995393 0.080098 35.078983 0.501751 -0.095745 0.859697 0.301388 0.000000 0.000000 0.000000 1.000000
0.869877 0.001729 -0.493266 -0.171764 0.046506 0.995252 0.085503 34.862556 0.491072 -0.097317 0.865666 0.413420 0.000000 0.000000 0.000000 1.000000
0.876694 0.005864 -0.481013 -0.210378 0.042445 0.995083 0.089490 34.666512 0.479172 -0.098872 0.872134 0.536087 0.000000 0.000000 0.000000 1.000000</float_array><technique_common><accessor source="#Bip01-Matrix-animation-output-transform-array" count="58" stride="16"><param type="float4x4"/></accessor></technique_common></source><source id="Bip01-Interpolations"><Name_array id="Bip01-Interpolations-array" count="58">
 LINEAR LINEAR LINEAR LINEAR LINEAR LINEAR LINEAR LINEAR LINEAR LINEAR LINEAR
LINEAR LINEAR LINEAR LINEAR LINEAR LINEAR LINEAR LINEAR LINEAR LINEAR LINEAR LINEAR
LINEAR LINEAR LINEAR LINEAR LINEAR LINEAR LINEAR LINEAR LINEAR LINEAR LINEAR LINEAR
LINEAR LINEAR LINEAR LINEAR LINEAR LINEAR LINEAR LINEAR LINEAR LINEAR LINEAR LINEAR
LINEAR LINEAR LINEAR LINEAR LINEAR LINEAR LINEAR LINEAR LINEAR LINEAR LINEAR</Name_array><technique_common><accessor source="#Bip01-Interpolations-array" count="58"><param type="name"/></accessor></technique_common></source><sampler id="Bip01-Matrix-animation-transform"><input semantic="INPUT" source="#Bip01-Matrix-animation-input"/><input semantic="OUTPUT" source="#Bip01-Matrix-animation-output-transform"/><input semantic="INTERPOLATION" source="#Bip01-Interpolations"/></sampler><channel source="#Bip01-Matrix-animation-transform" target="Bip01/matrix"/></animation>
    <animation id="Bip01_Pelvis-anim" name="Bip01_Pelvis"><source id="Bip01_Pelvis-Matrix-animation-input"><float_array id="Bip01_Pelvis-Matrix-animation-input-array" count="58">

0.000000 0.033333 0.066667 0.100000 0.133333 0.166667 0.200000 0.233333 0.266667 0.300000 0.333333 0.366667 0.400000 0.433333 0.466667 0.500000
0.533333 0.566667 0.600000 0.633333 0.666667 0.700000 0.733333 0.766667 0.800000 0.833333 0.866667 0.900000 0.933333 0.966667 1.000000 1.033333
1.066667 1.100000 1.133333 1.166667 1.200000 1.233333 1.266667 1.300000 1.333333 1.366667 1.400000 1.433333 1.466667 1.500000 1.533333 1.566667
1.600000 1.633333 1.666667 1.700000 1.733333 1.766667 1.800000 1.833333 1.866667 1.900000</float_array><technique_common><accessor source="#Bip01_Pelvis-Matrix-animation-input-array" count="58"><param name="TIME" type="float"/></accessor></technique_common></source><source id="Bip01_Pelvis-Matrix-animation-output-transform"><float_array id="Bip01_Pelvis-Matrix-animation-output-transform-array" count="928">

1.000000 -0.000000 0.000000 0.000000 0.000000 1.000000 0.000000 0.000000 -0.000000 0.000000 1.000000 0.000000 0.000000 0.000000 0.000000 1.000000
1.000000 0.000000 0.000000 0.000000 -0.000000 1.000000 -0.000000 0.000000 0.000000 0.000000 1.000000 0.000000 0.000000 0.000000 0.000000 1.000000
1.000000 -0.000000 0.000000 0.000000 -0.000000 1.000000 0.000000 0.000000 0.000000 -0.000000 1.000000 0.000000 0.000000 0.000000 0.000000 1.000000
1.000000 0.000000 -0.000000 0.000000 0.000000 1.000000 -0.000000 0.000000 -0.000000 -0.000000 1.000000 0.000000 0.000000 0.000000 0.000000 1.000000
1.000000 0.000000 0.000000 0.000000 0.000000 1.000000 0.000000 0.000000 0.000000 0.000000 1.000000 0.000000 0.000000 0.000000 0.000000 1.000000
1.000000 0.000000 -0.000000 0.000000 0.000000 1.000000 0.000000 0.000000 0.000000 -0.000000 1.000000 0.000000 0.000000 0.000000 0.000000 1.000000
1.000000 0.000000 -0.000000 0.000000 0.000000 1.000000 -0.000000 0.000000 0.000000 0.000000 1.000000 0.000000 0.000000 0.000000 0.000000 1.000000
1.000000 0.000000 -0.000000 0.000000 0.000000 1.000000 0.000000 0.000000 0.000000 0.000000 1.000000 0.000000 0.000000 0.000000 0.000000 1.000000
1.000000 0.000000 0.000000 0.000000 0.000000 1.000000 0.000000 0.000000 0.000000 -0.000000 1.000000 0.000000 0.000000 0.000000 0.000000 1.000000
1.000000 0.000000 0.000000 0.000000 0.000000 1.000000 0.000000 0.000000 -0.000000 -0.000000 1.000000 0.000000 0.000000 0.000000 0.000000 1.000000
1.000000 -0.000000 0.000000 0.000000 0.000000 1.000000 0.000000 0.000000 -0.000000 0.000000 1.000000 0.000000 0.000000 0.000000 0.000000 1.000000
1.000000 -0.000000 -0.000000 0.000000 0.000000 1.000000 0.000000 0.000000 -0.000000 0.000000 1.000000 0.000000 0.000000 0.000000 0.000000 1.000000
1.000000 0.000000 0.000000 0.000000 -0.000000 1.000000 0.000000 0.000000 0.000000 0.000000 1.000000 0.000000 0.000000 0.000000 0.000000 1.000000
1.000000 0.000000 0.000000 0.000000 0.000000 1.000000 0.000000 0.000000 0.000000 -0.000000 1.000000 0.000000 0.000000 0.000000 0.000000 1.000000
1.000000 0.000000 0.000000 0.000000 0.000000 1.000000 0.000000 0.000000 0.000000 0.000000 1.000000 0.000000 0.000000 0.000000 0.000000 1.000000
1.000000 -0.000000 0.000000 0.000000 0.000000 1.000000 -0.000000 0.000000 -0.000000 -0.000000 1.000000 0.000000 0.000000 0.000000 0.000000 1.000000
1.000000 0.000000 0.000000 0.000000 -0.000000 1.000000 0.000000 0.000000 0.000000 -0.000000 1.000000 0.000000 0.000000 0.000000 0.000000 1.000000
1.000000 -0.000000 -0.000000 0.000000 -0.000000 1.000000 -0.000000 0.000000 -0.000000 -0.000000 1.000000 0.000000 0.000000 0.000000 0.000000 1.000000
1.000000 -0.000000 0.000000 0.000000 -0.000000 1.000000 -0.000000 0.000000 -0.000000 -0.000000 1.000000 0.000000 0.000000 0.000000 0.000000 1.000000
1.000000 0.000000 0.000000 0.000000 0.000000 1.000000 -0.000000 0.000000 0.000000 -0.000000 1.000000 0.000000 0.000000 0.000000 0.000000 1.000000
1.000000 -0.000000 0.000000 0.000000 -0.000000 1.000000 0.000000 0.000000 -0.000000 -0.000000 1.000000 0.000000 0.000000 0.000000 0.000000 1.000000
1.000000 0.000000 0.000000 0.000000 -0.000000 1.000000 0.000000 0.000000 0.000000 -0.000000 1.000000 0.000000 0.000000 0.000000 0.000000 1.000000
1.000000 -0.000000 -0.000000 0.000000 0.000000 1.000000 -0.000000 0.000000 0.000000 -0.000000 1.000000 0.000000 0.000000 0.000000 0.000000 1.000000
1.000000 0.000000 0.000000 0.000000 0.000000 1.000000 -0.000000 0.000000 0.000000 0.000000 1.000000 0.000000 0.000000 0.000000 0.000000 1.000000
1.000000 0.000000 -0.000000 0.000000 -0.000000 1.000000 -0.000000 0.000000 0.000000 0.000000 1.000000 0.000000 0.000000 0.000000 0.000000 1.000000
1.000000 -0.000000 -0.000000 0.000000 0.000000 1.000000 0.000000 0.000000 0.000000 -0.000000 1.000000 0.000000 0.000000 0.000000 0.000000 1.000000
1.000000 0.000000 -0.000000 0.000000 0.000000 1.000000 -0.000000 0.000000 -0.000000 0.000000 1.000000 0.000000 0.000000 0.000000 0.000000 1.000000
1.000000 0.000000 -0.000000 0.000000 0.000000 1.000000 0.000000 0.000000 0.000000 0.000000 1.000000 0.000000 0.000000 0.000000 0.000000 1.000000
1.000000 0.000000 0.000000 0.000000 -0.000000 1.000000 -0.000000 0.000000 -0.000000 0.000000 1.000000 0.000000 0.000000 0.000000 0.000000 1.000000
1.000000 -0.000000 0.000000 0.000000 -0.000000 1.000000 -0.000000 0.000000 0.000000 -0.000000 1.000000 0.000000 0.000000 0.000000 0.000000 1.000000
1.000000 0.000000 -0.000000 0.000000 0.000000 1.000000 0.000000 0.000000 0.000000 0.000000 1.000000 0.000000 0.000000 0.000000 0.000000 1.000000
1.000000 0.000000 -0.000000 0.000000 0.000000 1.000000 0.000000 0.000000 -0.000000 0.000000 1.000000 0.000000 0.000000 0.000000 0.000000 1.000000
1.000000 0.000000 0.000000 0.000000 0.000000 1.000000 -0.000000 0.000000 0.000000 -0.000000 1.000000 0.000000 0.000000 0.000000 0.000000 1.000000
1.000000 -0.000000 0.000000 0.000000 0.000000 1.000000 0.000000 0.000000 0.000000 -0.000000 1.000000 0.000000 0.000000 0.000000 0.000000 1.000000
1.000000 0.000000 0.000000 0.000000 0.000000 1.000000 -0.000000 0.000000 0.000000 0.000000 1.000000 0.000000 0.000000 0.000000 0.000000 1.000000
1.000000 0.000000 0.000000 0.000000 0.000000 1.000000 0.000000 0.000000 0.000000 0.000000 1.000000 0.000000 0.000000 0.000000 0.000000 1.000000
1.000000 0.000000 -0.000000 0.000000 -0.000000 1.000000 0.000000 0.000000 0.000000 0.000000 1.000000 0.000000 0.000000 0.000000 0.000000 1.000000
1.000000 -0.000000 -0.000000 0.000000 0.000000 1.000000 -0.000000 0.000000 -0.000000 0.000000 1.000000 0.000000 0.000000 0.000000 0.000000 1.000000
1.000000 0.000000 0.000000 0.000000 -0.000000 1.000000 -0.000000 0.000000 0.000000 -0.000000 1.000000 0.000000 0.000000 0.000000 0.000000 1.000000
1.000000 -0.000000 0.000000 0.000000 0.000000 1.000000 -0.000000 0.000000 0.000000 -0.000000 1.000000 0.000000 0.000000 0.000000 0.000000 1.000000
1.000000 -0.000000 0.000000 0.000000 -0.000000 1.000000 -0.000000 0.000000 0.000000 0.000000 1.000000 0.000000 0.000000 0.000000 0.000000 1.000000
1.000000 0.000000 0.000000 0.000000 -0.000000 1.000000 0.000000 0.000000 0.000000 0.000000 1.000000 0.000000 0.000000 0.000000 0.000000 1.000000
1.000000 0.000000 0.000000 0.000000 0.000000 1.000000 0.000000 0.000000 0.000000 0.000000 1.000000 0.000000 0.000000 0.000000 0.000000 1.000000
1.000000 0.000000 0.000000 0.000000 -0.000000 1.000000 -0.000000 0.000000 -0.000000 -0.000000 1.000000 0.000000 0.000000 0.000000 0.000000 1.000000
1.000000 0.000000 -0.000000 0.000000 -0.000000 1.000000 -0.000000 0.000000 0.000000 0.000000 1.000000 0.000000 0.000000 0.000000 0.000000 1.000000
1.000000 0.000000 0.000000 0.000000 0.000000 1.000000 0.000000 0.000000 0.000000 0.000000 1.000000 0.000000 0.000000 0.000000 0.000000 1.000000
1.000000 0.000000 -0.000000 0.000000 0.000000 1.000000 -0.000000 0.000000 0.000000 0.000000 1.000000 0.000000 0.000000 0.000000 0.000000 1.000000
1.000000 0.000000 -0.000000 0.000000 0.000000 1.000000 0.000000 0.000000 0.000000 0.000000 1.000000 0.000000 0.000000 0.000000 0.000000 1.000000
1.000000 0.000000 -0.000000 0.000000 0.000000 1.000000 0.000000 0.000000 -0.000000 -0.000000 1.000000 0.000000 0.000000 0.000000 0.000000 1.000000
1.000000 0.000000 -0.000000 0.000000 -0.000000 1.000000 0.000000 0.000000 0.000000 0.000000 1.000000 0.000000 0.000000 0.000000 0.000000 1.000000
1.000000 0.000000 0.000000 0.000000 -0.000000 1.000000 0.000000 0.000000 -0.000000 0.000000 1.000000 0.000000 0.000000 0.000000 0.000000 1.000000
1.000000 -0.000000 0.000000 0.000000 -0.000000 1.000000 0.000000 0.000000 -0.000000 0.000000 1.000000 0.000000 0.000000 0.000000 0.000000 1.000000
1.000000 0.000000 0.000000 0.000000 -0.000000 1.000000 -0.000000 0.000000 -0.000000 0.000000 1.000000 0.000000 0.000000 0.000000 0.000000 1.000000
1.000000 0.000000 0.000000 0.000000 0.000000 1.000000 -0.000000 0.000000 0.000000 -0.000000 1.000000 0.000000 0.000000 0.000000 0.000000 1.000000
1.000000 0.000000 -0.000000 0.000000 -0.000000 1.000000 -0.000000 0.000000 -0.000000 0.000000 1.000000 0.000000 0.000000 0.000000 0.000000 1.000000
1.000000 -0.000000 0.000000 0.000000 -0.000000 1.000000 -0.000000 0.000000 -0.000000 0.000000 1.000000 0.000000 0.000000 0.000000 0.000000 1.000000
1.000000 -0.000000 -0.000000 0.000000 0.000000 1.000000 0.000000 0.000000 0.000000 -0.000000 1.000000 0.000000 0.000000 0.000000 0.000000 1.000000
1.000000 -0.000000 0.000000 0.000000 0.000000 1.000000 0.000000 0.000000 0.000000 -0.000000 1.000000 0.000000 0.000000 0.000000 0.000000 1.000000</float_array><technique_common><accessor source="#Bip01_Pelvis-Matrix-animation-output-transform-array" count="58" stride="16"><param type="float4x4"/></accessor></technique_common></source><source id="Bip01_Pelvis-Interpolations"><Name_array id="Bip01_Pelvis-Interpolations-array" count="58">
 LINEAR LINEAR LINEAR LINEAR LINEAR LINEAR LINEAR LINEAR LINEAR LINEAR LINEAR
LINEAR LINEAR LINEAR LINEAR LINEAR LINEAR LINEAR LINEAR LINEAR LINEAR LINEAR LINEAR
LINEAR LINEAR LINEAR LINEAR LINEAR LINEAR LINEAR LINEAR LINEAR LINEAR LINEAR LINEAR
LINEAR LINEAR LINEAR LINEAR LINEAR LINEAR LINEAR LINEAR LINEAR LINEAR LINEAR LINEAR
LINEAR LINEAR LINEAR LINEAR LINEAR LINEAR LINEAR LINEAR LINEAR LINEAR LINEAR</Name_array><technique_common><accessor source="#Bip01_Pelvis-Interpolations-array" count="58"><param type="name"/></accessor></technique_common></source><sampler id="Bip01_Pelvis-Matrix-animation-transform"><input semantic="INPUT" source="#Bip01_Pelvis-Matrix-animation-input"/><input semantic="OUTPUT" source="#Bip01_Pelvis-Matrix-animation-output-transform"/><input semantic="INTERPOLATION" source="#Bip01_Pelvis-Interpolations"/></sampler><channel source="#Bip01_Pelvis-Matrix-animation-transform" target="Bip01_Pelvis/matrix"/></animation>
    <animation id="Bip01_L_Thigh-anim" name="Bip01_L_Thigh"><source id="Bip01_L_Thigh-Matrix-animation-input"><float_array id="Bip01_L_Thigh-Matrix-animation-input-array" count="58">

0.000000 0.033333 0.066667 0.100000 0.133333 0.166667 0.200000 0.233333 0.266667 0.300000 0.333333 0.366667 0.400000 0.433333 0.466667 0.500000
0.533333 0.566667 0.600000 0.633333 0.666667 0.700000 0.733333 0.766667 0.800000 0.833333 0.866667 0.900000 0.933333 0.966667 1.000000 1.033333
1.066667 1.100000 1.133333 1.166667 1.200000 1.233333 1.266667 1.300000 1.333333 1.366667 1.400000 1.433333 1.466667 1.500000 1.533333 1.566667
1.600000 1.633333 1.666667 1.700000 1.733333 1.766667 1.800000 1.833333 1.866667 1.900000</float_array><technique_common><accessor source="#Bip01_L_Thigh-Matrix-animation-input-array" count="58"><param name="TIME" type="float"/></accessor></technique_common></source><source id="Bip01_L_Thigh-Matrix-animation-output-transform"><float_array id="Bip01_L_Thigh-Matrix-animation-output-transform-array" count="928">

0.254574 -0.142448 0.956504 3.890400 -0.898709 -0.400078 0.179609 -0.000000 0.357092 -0.905343 -0.229869 -0.000000 0.000000 0.000000 0.000000 1.000000
0.255890 -0.126653 0.958373 3.890400 -0.890748 -0.416096 0.182845 0.000000 0.375617 -0.900457 -0.219290 0.000000 0.000000 0.000000 0.000000 1.000000
0.255522 -0.100991 0.961514 3.890400 -0.877123 -0.442528 0.186615 0.000000 0.406650 -0.891050 -0.201657 0.000000 0.000000 0.000000 0.000000 1.000000
0.257613 -0.067434 0.963892 3.890400 -0.854575 -0.481443 0.194715 0.000000 0.450928 -0.873880 -0.181654 0.000000 0.000000 0.000000 0.000000 1.000000
0.262253 -0.037158 0.964284 3.890400 -0.826859 -0.523838 0.204692 0.000000 0.497522 -0.851007 -0.168103 0.000000 0.000000 0.000000 0.000000 1.000000
0.276797 -0.017594 0.960767 3.890400 -0.800315 -0.557618 0.220359 0.000000 0.531865 -0.829911 -0.168428 0.000000 0.000000 0.000000 0.000000 1.000000
0.300229 -0.010122 0.953813 3.890400 -0.779520 -0.578896 0.239224 -0.000000 0.549738 -0.815338 -0.181692 -0.000000 0.000000 0.000000 0.000000 1.000000
0.334144 -0.013310 0.942428 3.890400 -0.765841 -0.586675 0.263248 0.000000 0.549395 -0.809713 -0.206227 0.000000 0.000000 0.000000 0.000000 1.000000
0.379672 -0.029175 0.924661 3.890400 -0.759849 -0.579974 0.293699 0.000000 0.527711 -0.814112 -0.242368 0.000000 0.000000 0.000000 0.000000 1.000000
0.429639 -0.057821 0.901148 3.890400 -0.762066 -0.558575 0.327489 0.000000 0.484423 -0.827436 -0.284049 0.000000 0.000000 0.000000 0.000000 1.000000
0.475335 -0.089757 0.875214 3.890400 -0.770832 -0.522029 0.365108 -0.000000 0.424116 -0.848192 -0.317326 -0.000000 0.000000 0.000000 0.000000 1.000000
0.510077 -0.115902 0.852284 3.890400 -0.782285 -0.474429 0.403666 0.000000 0.357563 -0.872630 -0.332664 -0.000000 0.000000 0.000000 0.000000 1.000000
0.532951 -0.129267 0.836213 3.890400 -0.788307 -0.434961 0.435180 0.000000 0.307466 -0.891123 -0.333715 0.000000 0.000000 0.000000 0.000000 1.000000
0.540349 -0.128681 0.831543 3.890400 -0.788343 -0.422915 0.446831 0.000000 0.294173 -0.896986 -0.329967 0.000000 0.000000 0.000000 0.000000 1.000000
0.535005 -0.122004 0.835993 3.890400 -0.786537 -0.433171 0.440138 -0.000000 0.308430 -0.893016 -0.327710 -0.000000 0.000000 0.000000 0.000000 1.000000
0.523531 -0.115340 0.844164 3.890400 -0.785195 -0.449923 0.425486 0.000000 0.330733 -0.885588 -0.326113 0.000000 0.000000 0.000000 0.000000 1.000000
0.511678 -0.108727 0.852270 3.890400 -0.784516 -0.463579 0.411860 0.000000 0.350314 -0.879360 -0.322501 0.000000 0.000000 0.000000 0.000000 1.000000
0.503059 -0.106386 0.857679 3.890400 -0.787523 -0.465217 0.404204 -0.000000 0.356005 -0.878781 -0.317812 -0.000000 0.000000 0.000000 0.000000 1.000000
0.498134 -0.105823 0.860618 3.890400 -0.790438 -0.463450 0.400527 0.000000 0.356469 -0.879782 -0.314507 0.000000 0.000000 0.000000 0.000000 1.000000
0.494424 -0.109790 0.862259 3.890400 -0.794874 -0.458529 0.397401 0.000000 0.351740 -0.881872 -0.313977 -0.000000 0.000000 0.000000 0.000000 1.000000
0.489398 -0.115420 0.864389 3.890400 -0.801061 -0.451249 0.393289 0.000000 0.344661 -0.884903 -0.313298 0.000000 0.000000 0.000000 0.000000 1.000000
0.481278 -0.119472 0.868388 3.890400 -0.808816 -0.442428 0.387393 -0.000000 0.337917 -0.888810 -0.309562 -0.000000 0.000000 0.000000 0.000000 1.000000
0.469007 -0.122074 0.874718 3.890400 -0.817650 -0.434431 0.377780 0.000000 0.333887 -0.892395 -0.303564 0.000000 0.000000 0.000000 0.000000 1.000000
0.452250 -0.125492 0.883019 3.890400 -0.827034 -0.429645 0.362517 -0.000000 0.333892 -0.894235 -0.298093 0.000000 0.000000 0.000000 0.000000 1.000000
0.430096 -0.128079 0.893652 3.890400 -0.835210 -0.432214 0.340024 0.000000 0.342699 -0.892629 -0.292866 0.000000 0.000000 0.000000 0.000000 1.000000
0.403555 -0.125329 0.906331 3.890400 -0.839645 -0.444280 0.312427 0.000000 0.363509 -0.887078 -0.284523 0.000000 0.000000 0.000000 0.000000 1.000000
0.376209 -0.118191 0.918966 3.890400 -0.840386 -0.461175 0.284727 0.000000 0.390152 -0.879402 -0.272824 -0.000000 0.000000 0.000000 0.000000 1.000000
0.351629 -0.111211 0.929510 3.890400 -0.839422 -0.476992 0.260480 -0.000000 0.414401 -0.871843 -0.261077 0.000000 0.000000 0.000000 0.000000 1.000000
0.330146 -0.107622 0.937774 3.890400 -0.839474 -0.487742 0.239565 0.000000 0.431609 -0.866329 -0.251372 0.000000 0.000000 0.000000 0.000000 1.000000
0.312625 -0.105649 0.943983 3.890400 -0.841958 -0.490895 0.223897 0.000000 0.439741 -0.864789 -0.242418 0.000000 0.000000 0.000000 0.000000 1.000000
0.298008 -0.104504 0.948826 3.890400 -0.847875 -0.485610 0.212817 0.000000 0.438519 -0.867907 -0.233322 -0.000000 0.000000 0.000000 0.000000 1.000000
0.285348 -0.109342 0.952167 3.890400 -0.858527 -0.470778 0.203223 0.000000 0.426038 -0.875450 -0.228209 0.000000 0.000000 0.000000 0.000000 1.000000
0.277720 -0.122601 0.952807 3.890400 -0.872577 -0.447075 0.196809 0.000000 0.401847 -0.886055 -0.231140 0.000000 0.000000 0.000000 0.000000 1.000000
0.272520 -0.140837 0.951787 3.890400 -0.887011 -0.420018 0.191822 -0.000000 0.372752 -0.896521 -0.239387 0.000000 0.000000 0.000000 0.000000 1.000000
0.265074 -0.156648 0.951419 3.890400 -0.899076 -0.396703 0.185175 0.000000 0.348424 -0.904482 -0.245994 0.000000 0.000000 0.000000 0.000000 1.000000
0.260293 -0.159191 0.952316 3.890400 -0.900689 -0.395383 0.180090 0.000000 0.347860 -0.904616 -0.246297 -0.000000 0.000000 0.000000 0.000000 1.000000
0.259550 -0.154835 0.953237 3.890400 -0.896494 -0.405634 0.178212 0.000000 0.359072 -0.900826 -0.244091 0.000000 0.000000 0.000000 0.000000 1.000000
0.262001 -0.153751 0.952741 3.890400 -0.893520 -0.411681 0.179280 -0.000000 0.364661 -0.898265 -0.245240 -0.000000 0.000000 0.000000 0.000000 1.000000
0.265994 -0.154296 0.951546 3.890400 -0.891782 -0.414192 0.182125 0.000000 0.366022 -0.897016 -0.247771 -0.000000 0.000000 0.000000 0.000000 1.000000
0.269364 -0.153062 0.950797 3.890400 -0.891455 -0.413154 0.186042 -0.000000 0.364349 -0.897706 -0.247736 0.000000 0.000000 0.000000 0.000000 1.000000
0.271320 -0.149022 0.950883 3.890400 -0.892277 -0.409357 0.190443 0.000000 0.360870 -0.900122 -0.244036 -0.000000 0.000000 0.000000 0.000000 1.000000
0.271449 -0.144062 0.951610 3.890400 -0.894002 -0.403953 0.193862 0.000000 0.356478 -0.903365 -0.238444 0.000000 0.000000 0.000000 0.000000 1.000000
0.270312 -0.139962 0.952545 3.890400 -0.896413 -0.397542 0.195970 -0.000000 0.351248 -0.906847 -0.232924 0.000000 0.000000 0.000000 0.000000 1.000000
0.268028 -0.137478 0.953552 3.890400 -0.899902 -0.389138 0.196845 0.000000 0.344001 -0.910863 -0.228016 0.000000 0.000000 0.000000 0.000000 1.000000
0.264035 -0.137430 0.954672 3.890400 -0.905192 -0.377074 0.196069 0.000000 0.333036 -0.915930 -0.223961 -0.000000 0.000000 0.000000 0.000000 1.000000
0.260786 -0.140062 0.955182 3.890400 -0.911140 -0.362733 0.195573 0.000000 0.319084 -0.921308 -0.222211 0.000000 0.000000 0.000000 0.000000 1.000000
0.257843 -0.145184 0.955216 3.890400 -0.915769 -0.351917 0.193707 0.000000 0.308033 -0.924703 -0.223695 0.000000 0.000000 0.000000 0.000000 1.000000
0.255088 -0.146335 0.955780 3.890400 -0.913344 -0.360928 0.188502 0.000000 0.317384 -0.921041 -0.225723 0.000000 0.000000 0.000000 0.000000 1.000000
0.253704 -0.145250 0.956314 3.890400 -0.909123 -0.373455 0.184462 0.000000 0.330347 -0.916206 -0.226797 -0.000000 0.000000 0.000000 0.000000 1.000000
0.246157 -0.142546 0.958690 3.890400 -0.905535 -0.386478 0.175044 0.000000 0.345561 -0.911216 -0.224215 -0.000000 0.000000 0.000000 0.000000 1.000000
0.238024 -0.143379 0.960618 3.890400 -0.906624 -0.387571 0.166798 0.000000 0.348392 -0.910622 -0.222242 0.000000 0.000000 0.000000 0.000000 1.000000
0.231768 -0.150344 0.961083 3.890400 -0.912908 -0.374851 0.161512 0.000000 0.335981 -0.914813 -0.224128 -0.000000 0.000000 0.000000 0.000000 1.000000
0.228576 -0.161413 0.960051 3.890400 -0.922367 -0.351384 0.160526 0.000000 0.311436 -0.922212 -0.229200 0.000000 0.000000 0.000000 0.000000 1.000000
0.228134 -0.169261 0.958804 3.890400 -0.929217 -0.331885 0.162505 0.000000 0.290707 -0.928010 -0.232995 0.000000 0.000000 0.000000 0.000000 1.000000
0.230200 -0.168753 0.958400 3.890400 -0.929562 -0.329556 0.165246 0.000000 0.287961 -0.928932 -0.232730 -0.000000 0.000000 0.000000 0.000000 1.000000
0.238514 -0.158500 0.958117 3.890400 -0.920614 -0.350985 0.171115 -0.000000 0.309163 -0.922869 -0.229632 -0.000000 0.000000 0.000000 0.000000 1.000000
0.246670 -0.148472 0.957659 3.890400 -0.909353 -0.377072 0.175767 0.000000 0.335010 -0.914206 -0.228026 0.000000 0.000000 0.000000 0.000000 1.000000
0.254574 -0.142448 0.956504 3.890400 -0.898709 -0.400078 0.179610 -0.000000 0.357091 -0.905343 -0.229869 0.000000 0.000000 0.000000 0.000000 1.000000</float_array><technique_common><accessor source="#Bip01_L_Thigh-Matrix-animation-output-transform-array" count="58" stride="16"><param type="float4x4"/></accessor></technique_common></source><source id="Bip01_L_Thigh-Interpolations"><Name_array id="Bip01_L_Thigh-Interpolations-array" count="58">
 LINEAR LINEAR LINEAR LINEAR LINEAR LINEAR LINEAR LINEAR LINEAR LINEAR LINEAR
LINEAR LINEAR LINEAR LINEAR LINEAR LINEAR LINEAR LINEAR LINEAR LINEAR LINEAR LINEAR
LINEAR LINEAR LINEAR LINEAR LINEAR LINEAR LINEAR LINEAR LINEAR LINEAR LINEAR LINEAR
LINEAR LINEAR LINEAR LINEAR LINEAR LINEAR LINEAR LINEAR LINEAR LINEAR LINEAR LINEAR
LINEAR LINEAR LINEAR LINEAR LINEAR LINEAR LINEAR LINEAR LINEAR LINEAR LINEAR</Name_array><technique_common><accessor source="#Bip01_L_Thigh-Interpolations-array" count="58"><param type="name"/></accessor></technique_common></source><sampler id="Bip01_L_Thigh-Matrix-animation-transform"><input semantic="INPUT" source="#Bip01_L_Thigh-Matrix-animation-input"/><input semantic="OUTPUT" source="#Bip01_L_Thigh-Matrix-animation-output-transform"/><input semantic="INTERPOLATION" source="#Bip01_L_Thigh-Interpolations"/></sampler><channel source="#Bip01_L_Thigh-Matrix-animation-transform" target="Bip01_L_Thigh/matrix"/></animation>
    <animation id="Bip01_L_Calf-anim" name="Bip01_L_Calf"><source id="Bip01_L_Calf-Matrix-animation-input"><float_array id="Bip01_L_Calf-Matrix-animation-input-array" count="58">

0.000000 0.033333 0.066667 0.100000 0.133333 0.166667 0.200000 0.233333 0.266667 0.300000 0.333333 0.366667 0.400000 0.433333 0.466667 0.500000
0.533333 0.566667 0.600000 0.633333 0.666667 0.700000 0.733333 0.766667 0.800000 0.833333 0.866667 0.900000 0.933333 0.966667 1.000000 1.033333
1.066667 1.100000 1.133333 1.166667 1.200000 1.233333 1.266667 1.300000 1.333333 1.366667 1.400000 1.433333 1.466667 1.500000 1.533333 1.566667
1.600000 1.633333 1.666667 1.700000 1.733333 1.766667 1.800000 1.833333 1.866667 1.900000</float_array><technique_common><accessor source="#Bip01_L_Calf-Matrix-animation-input-array" count="58"><param name="TIME" type="float"/></accessor></technique_common></source><source id="Bip01_L_Calf-Matrix-animation-output-transform"><float_array id="Bip01_L_Calf-Matrix-animation-output-transform-array" count="928">

0.834057 -0.544039 -0.091490 17.896601 0.516924 0.828623 -0.214881 0.000000 0.192715 0.131930 0.972345 0.000000 0.000000 0.000000 0.000000 1.000000
0.809224 -0.582023 -0.080030 17.896601 0.555938 0.802661 -0.216026 -0.000000 0.189970 0.130322 0.973102 -0.000000 0.000000 0.000000 0.000000 1.000000
0.766773 -0.639168 -0.059368 17.896601 0.613968 0.757235 -0.222797 0.000000 0.187360 0.134384 0.973056 0.000000 0.000000 0.000000 0.000000 1.000000
0.703512 -0.710221 -0.025630 17.896601 0.687083 0.688925 -0.230865 0.000000 0.181622 0.144806 0.972648 0.000000 0.000000 0.000000 0.000000 1.000000
0.621969 -0.782972 0.010442 17.896601 0.763672 0.603582 -0.229117 -0.000000 0.173089 0.150478 0.973343 0.000000 0.000000 0.000000 0.000000 1.000000
0.539530 -0.840788 0.044540 17.896601 0.827747 0.519994 -0.210811 0.000000 0.154087 0.150606 0.976512 0.000000 0.000000 0.000000 0.000000 1.000000
0.473738 -0.878023 0.068178 17.896601 0.870111 0.454706 -0.190128 0.000000 0.135936 0.149394 0.979389 0.000000 0.000000 0.000000 0.000000 1.000000
0.435861 -0.896495 0.079514 17.896601 0.891240 0.417618 -0.176877 0.000000 0.125363 0.147960 0.981016 0.000000 0.000000 0.000000 0.000000 1.000000
0.443522 -0.892989 0.076546 17.896601 0.887268 0.425397 -0.178306 0.000000 0.126663 0.146999 0.980993 -0.000000 0.000000 0.000000 0.000000 1.000000
0.509615 -0.858740 0.053465 17.896601 0.848244 0.491032 -0.198418 -0.000000 0.144136 0.146468 0.978658 0.000000 0.000000 0.000000 0.000000 1.000000
0.617842 -0.786209 0.012117 17.896601 0.768348 0.600389 -0.221751 0.000000 0.167068 0.146318 0.975028 0.000000 0.000000 0.000000 0.000000 1.000000
0.720696 -0.692490 -0.032471 17.896601 0.668663 0.706735 -0.231117 0.000000 0.182994 0.144853 0.972384 -0.000000 0.000000 0.000000 0.000000 1.000000
0.775331 -0.629244 -0.053981 17.896601 0.604033 0.763787 -0.227540 0.000000 0.184408 0.143813 0.972271 0.000000 0.000000 0.000000 0.000000 1.000000
0.764094 -0.642817 -0.054284 17.896601 0.617701 0.753305 -0.225781 -0.000000 0.186028 0.138986 0.972665 0.000000 0.000000 0.000000 0.000000 1.000000
0.701268 -0.711463 -0.045208 17.896601 0.687716 0.691841 -0.220006 -0.000000 0.187803 0.123192 0.974450 -0.000000 0.000000 0.000000 0.000000 1.000000
0.629790 -0.776357 -0.025177 17.896601 0.754043 0.618828 -0.220162 0.000000 0.186504 0.119671 0.975138 0.000000 0.000000 0.000000 0.000000 1.000000
0.569769 -0.821721 -0.011725 17.896601 0.800476 0.558154 -0.218410 0.000000 0.186016 0.115058 0.975787 0.000000 0.000000 0.000000 0.000000 1.000000
0.542515 -0.840005 -0.008304 17.896601 0.819329 0.531291 -0.215476 0.000000 0.185413 0.110096 0.976474 0.000000 0.000000 0.000000 0.000000 1.000000
0.542150 -0.840242 -0.008136 17.896601 0.819488 0.530849 -0.215960 0.000000 0.185778 0.110416 0.976368 -0.000000 0.000000 0.000000 0.000000 1.000000
0.568687 -0.822446 -0.013353 17.896601 0.801132 0.557484 -0.217714 0.000000 0.186501 0.113114 0.975921 -0.000000 0.000000 0.000000 0.000000 1.000000
0.616503 -0.787025 -0.022680 17.896601 0.764836 0.605464 -0.220087 0.000000 0.186946 0.118338 0.975217 0.000000 0.000000 0.000000 0.000000 1.000000
0.677931 -0.734236 -0.036156 17.896601 0.710907 0.667324 -0.222014 0.000000 0.187138 0.124807 0.974373 0.000000 0.000000 0.000000 0.000000 1.000000
0.744623 -0.665412 -0.052571 17.896601 0.640834 0.734704 -0.222579 0.000000 0.186731 0.132049 0.973496 0.000000 0.000000 0.000000 0.000000 1.000000
0.808368 -0.584766 -0.067742 17.896601 0.559067 0.798645 -0.222736 0.000000 0.184350 0.142180 0.972522 0.000000 0.000000 0.000000 0.000000 1.000000
0.851378 -0.518259 -0.081018 17.896601 0.491930 0.842466 -0.219671 -0.000000 0.182102 0.147168 0.972204 0.000000 0.000000 0.000000 0.000000 1.000000
0.866639 -0.491274 -0.087096 17.896601 0.464751 0.858370 -0.217270 0.000000 0.181500 0.147817 0.972218 0.000000 0.000000 0.000000 0.000000 1.000000
0.860677 -0.502145 -0.084171 17.896601 0.475819 0.852098 -0.218003 0.000000 0.181191 0.147580 0.972312 0.000000 0.000000 0.000000 0.000000 1.000000
0.841936 -0.534744 -0.072056 17.896601 0.509804 0.832101 -0.218420 -0.000000 0.176757 0.147161 0.973191 0.000000 0.000000 0.000000 0.000000 1.000000
0.816479 -0.574484 -0.057704 17.896601 0.551032 0.805170 -0.219240 0.000000 0.172412 0.147208 0.973963 0.000000 0.000000 0.000000 0.000000 1.000000
0.788420 -0.613609 -0.043337 17.896601 0.591578 0.775652 -0.220000 0.000000 0.168608 0.147815 0.974537 0.000000 0.000000 0.000000 0.000000 1.000000
0.762955 -0.645782 -0.029417 17.896601 0.625420 0.748882 -0.219147 0.000000 0.163551 0.148801 0.975248 0.000000 0.000000 0.000000 0.000000 1.000000
0.749401 -0.661762 -0.021646 17.896601 0.642553 0.734758 -0.217385 0.000000 0.159762 0.149000 0.975846 -0.000000 0.000000 0.000000 0.000000 1.000000
0.753049 -0.657611 -0.021566 17.896601 0.638854 0.738627 -0.215165 -0.000000 0.157424 0.148252 0.976340 0.000000 0.000000 0.000000 0.000000 1.000000
0.765663 -0.642534 -0.030167 17.896601 0.623323 0.752717 -0.211862 -0.000000 0.158836 0.143411 0.976834 0.000000 0.000000 0.000000 0.000000 1.000000
0.776114 -0.628780 -0.047780 17.896601 0.608510 0.766658 -0.204821 0.000000 0.165418 0.129889 0.977633 0.000000 0.000000 0.000000 0.000000 1.000000
0.770157 -0.635237 -0.057724 17.896601 0.612900 0.762056 -0.208865 -0.000000 0.176667 0.125480 0.976239 0.000000 0.000000 0.000000 0.000000 1.000000
0.755746 -0.652172 -0.059325 17.896601 0.628302 0.747649 -0.215076 0.000000 0.184621 0.125268 0.974794 0.000000 0.000000 0.000000 0.000000 1.000000
0.747989 -0.661264 -0.056947 17.896601 0.637719 0.739822 -0.214423 0.000000 0.183921 0.124070 0.975079 0.000000 0.000000 0.000000 0.000000 1.000000
0.747322 -0.662125 -0.055691 17.896601 0.638893 0.739062 -0.213546 -0.000000 0.182553 0.124007 0.975344 0.000000 0.000000 0.000000 0.000000 1.000000
0.754377 -0.653810 -0.058711 17.896601 0.629927 0.746169 -0.215462 -0.000000 0.184679 0.125556 0.974746 0.000000 0.000000 0.000000 0.000000 1.000000
0.768200 -0.636866 -0.065351 17.896601 0.611628 0.760231 -0.218998 0.000000 0.189154 0.128264 0.973534 0.000000 0.000000 0.000000 0.000000 1.000000
