<?xml version="1.0" encoding="utf-8"?>
<COLLADA xmlns="http://www.collada.org/2005/11/COLLADASchema" version="1.4.1">
  <asset><contributor><author>Mixamo</author><authoring_tool>COLLADA Mixamo exporter</authoring_tool><comments></comments></contributor><created>2020-08-05T16:29:49Z</created><modified>2020-08-05T16:29:49Z</modified><revision></revision><title></title><unit meter="0.025400"/><up_axis>Y_UP</up_axis></asset>
  <library_animations>
    <animation id="Bip01-anim" name="Bip01"><source id="Bip01-Matrix-animation-input"><float_array id="Bip01-Matrix-animation-input-array" count="94">

0.000000 0.033333 0.066667 0.100000 0.133333 0.166667 0.200000 0.233333 0.266667 0.300000 0.333333 0.366667 0.400000 0.433333 0.466667 0.500000
0.533333 0.566667 0.600000 0.633333 0.666667 0.700000 0.733333 0.766667 0.800000 0.833333 0.866667 0.900000 0.933333 0.966667 1.000000 1.033333
1.066667 1.100000 1.133333 1.166667 1.200000 1.233333 1.266667 1.300000 1.333333 1.366667 1.400000 1.433333 1.466667 1.500000 1.533333 1.566667
1.600000 1.633333 1.666667 1.700000 1.733333 1.766667 1.800000 1.833333 1.866667 1.900000 1.933333 1.966667 2.000000 2.033333 2.066667 2.100000
2.133333 2.166667 2.200000 2.233333 2.266667 2.300000 2.333333 2.366667 2.400000 2.433333 2.466667 2.500000 2.533333 2.566667 2.600000 2.633333
2.666667 2.700000 2.733333 2.766667 2.800000 2.833333 2.866667 2.900000 2.933333 2.966667 3.000000 3.033333 3.066667 3.100000</float_array><technique_common><accessor source="#Bip01-Matrix-animation-input-array" count="94"><param name="TIME" type="float"/></accessor></technique_common></source><source id="Bip01-Matrix-animation-output-transform"><float_array id="Bip01-Matrix-animation-output-transform-array" count="1504">

0.468026 -0.083250 -0.879785 0.786680 0.030606 0.996483 -0.078011 34.770699 0.883185 0.009585 0.468928 -0.333762 0.000000 0.000000 0.000000 1.000000
0.476345 -0.041347 -0.878286 0.235656 0.022275 0.999141 -0.034956 34.553150 0.878976 -0.002913 0.476856 -0.214047 0.000000 0.000000 0.000000 1.000000
0.516168 0.085185 -0.852241 -0.916759 0.007571 0.994549 0.103995 34.139694 0.856454 -0.060131 0.512709 0.319179 0.000000 0.000000 0.000000 1.000000
0.592598 0.237116 -0.769807 -2.428993 -0.018404 0.959427 0.281355 33.898594 0.805288 -0.152563 0.572919 1.369161 0.000000 0.000000 0.000000 1.000000
0.616888 0.306203 -0.725044 -3.875286 -0.031103 0.929981 0.366290 34.189968 0.786436 -0.203409 0.583218 2.591950 0.000000 0.000000 0.000000 1.000000
0.603281 0.306650 -0.736219 -5.041170 -0.009343 0.925779 0.377950 35.040745 0.797474 -0.221131 0.561370 3.751633 0.000000 0.000000 0.000000 1.000000
0.608943 0.302632 -0.733214 -5.820667 -0.006042 0.926101 0.377227 36.070980 0.793191 -0.225280 0.565772 4.714435 0.000000 0.000000 0.000000 1.000000
0.623683 0.307207 -0.718779 -6.217258 0.000695 0.919316 0.393520 36.974777 0.781677 -0.245932 0.573148 5.489360 0.000000 0.000000 0.000000 1.000000
0.642824 0.295169 -0.706861 -6.328486 0.013309 0.918335 0.395579 37.606010 0.765898 -0.263695 0.586400 5.833908 0.000000 0.000000 0.000000 1.000000
0.671054 0.297044 -0.679302 -6.391827 0.008401 0.913127 0.407589 37.916317 0.741361 -0.279221 0.610262 5.828351 0.000000 0.000000 0.000000 1.000000
0.686554 0.288234 -0.667506 -6.174457 0.016319 0.911726 0.410474 37.975872 0.726895 -0.292705 0.621246 5.774822 0.000000 0.000000 0.000000 1.000000
0.684426 0.267848 -0.678099 -5.777694 0.042475 0.913844 0.403838 37.781017 0.727844 -0.305199 0.614082 5.674562 0.000000 0.000000 0.000000 1.000000
0.681589 0.224862 -0.696329 -5.224670 0.061634 0.930589 0.360840 37.494152 0.729135 -0.288862 0.620420 5.344826 0.000000 0.000000 0.000000 1.000000
0.681096 0.178448 -0.710116 -4.684933 0.073860 0.948155 0.309108 37.222454 0.728459 -0.262981 0.632604 4.748013 0.000000 0.000000 0.000000 1.000000
0.685933 0.135452 -0.714946 -4.159923 0.083456 0.961394 0.262213 37.047184 0.722863 -0.239528 0.648148 3.883976 0.000000 0.000000 0.000000 1.000000
0.693495 0.112197 -0.711671 -3.653683 0.081527 0.969234 0.232246 36.929066 0.715833 -0.219082 0.663013 2.874126 0.000000 0.000000 0.000000 1.000000
0.714470 0.107854 -0.691303 -3.415760 0.064800 0.973600 0.218868 36.942661 0.696658 -0.201171 0.688620 1.881294 0.000000 0.000000 0.000000 1.000000
0.727834 0.095037 -0.679136 -3.227791 0.058125 0.978236 0.199186 37.007534 0.683286 -0.184449 0.706470 0.949513 0.000000 0.000000 0.000000 1.000000
0.714691 0.081277 -0.694702 -3.082130 0.062332 0.981872 0.179001 37.096352 0.696657 -0.171233 0.696669 0.078629 0.000000 0.000000 0.000000 1.000000
0.688174 0.076916 -0.721457 -2.984322 0.070597 0.982548 0.172092 37.104839 0.722103 -0.169362 0.670734 -0.634770 0.000000 0.000000 0.000000 1.000000
0.661988 0.070138 -0.746226 -2.917859 0.082414 0.982763 0.165481 37.135818 0.744970 -0.171046 0.644797 -1.237124 0.000000 0.000000 0.000000 1.000000
0.633693 0.068101 -0.770581 -2.999811 0.090624 0.982723 0.161375 37.258057 0.768258 -0.172095 0.616573 -1.715860 0.000000 0.000000 0.000000 1.000000
0.602104 0.078656 -0.794534 -3.192515 0.087059 0.982734 0.163261 37.237907 0.793657 -0.167471 0.584861 -2.124865 0.000000 0.000000 0.000000 1.000000
0.575221 0.081477 -0.813930 -3.386046 0.089899 0.982703 0.161904 37.121552 0.813043 -0.166302 0.557947 -2.540131 0.000000 0.000000 0.000000 1.000000
0.559244 0.078718 -0.825257 -3.591883 0.091471 0.983544 0.155803 36.964622 0.823941 -0.162619 0.542840 -2.978182 0.000000 0.000000 0.000000 1.000000
0.545738 0.093825 -0.832687 -3.872001 0.089583 0.981484 0.169303 36.845486 0.833154 -0.166989 0.527228 -3.462182 0.000000 0.000000 0.000000 1.000000
0.539673 0.107925 -0.834928 -4.140703 0.092699 0.978101 0.186349 36.764057 0.836755 -0.177965 0.517850 -3.997665 0.000000 0.000000 0.000000 1.000000
0.549740 0.111405 -0.827874 -4.354251 0.100858 0.974964 0.198173 36.726337 0.829225 -0.192441 0.524741 -4.594469 0.000000 0.000000 0.000000 1.000000
0.554301 0.114342 -0.824424 -4.486249 0.111695 0.971340 0.209816 36.689709 0.824787 -0.208386 0.525644 -5.173655 0.000000 0.000000 0.000000 1.000000
0.534207 0.126843 -0.835783 -4.627703 0.124863 0.965995 0.226414 36.579201 0.836081 -0.225310 0.500203 -5.736111 0.000000 0.000000 0.000000 1.000000
0.497407 0.133025 -0.857258 -4.758687 0.143385 0.961976 0.232471 36.438141 0.855586 -0.238550 0.459420 -6.374596 0.000000 0.000000 0.000000 1.000000
0.459318 0.127121 -0.879129 -4.834514 0.161786 0.961180 0.223514 36.279182 0.873414 -0.244894 0.420921 -7.103178 0.000000 0.000000 0.000000 1.000000
0.424093 0.118183 -0.897874 -4.844516 0.181072 0.960363 0.211934 36.036770 0.887332 -0.252460 0.385883 -7.924569 0.000000 0.000000 0.000000 1.000000
0.395422 0.111689 -0.911684 -4.880943 0.197488 0.959026 0.203145 35.704937 0.897017 -0.260375 0.357162 -8.865791 0.000000 0.000000 0.000000 1.000000
0.370492 0.102493 -0.923163 -4.919072 0.211188 0.958567 0.191180 35.315052 0.904508 -0.265792 0.333496 -9.883931 0.000000 0.000000 0.000000 1.000000
0.343427 0.095371 -0.934325 -4.932868 0.233491 0.954926 0.183298 34.812740 0.909692 -0.281105 0.305679 -10.979972 0.000000 0.000000 0.000000 1.000000
0.319556 0.092133 -0.943078 -4.919638 0.257151 0.949480 0.179892 34.178276 0.912007 -0.299999 0.279720 -12.178030 0.000000 0.000000 0.000000 1.000000
0.295012 0.081008 -0.952053 -4.816087 0.279502 0.945500 0.167060 33.330528 0.913700 -0.315385 0.256292 -13.376454 0.000000 0.000000 0.000000 1.000000
0.268099 0.068975 -0.960919 -4.668519 0.301545 0.941306 0.151699 32.302959 0.914983 -0.330431 0.231565 -14.639393 0.000000 0.000000 0.000000 1.000000
0.237535 0.053343 -0.969913 -4.498662 0.320915 0.938118 0.130188 31.091902 0.916837 -0.342184 0.205717 -15.962417 0.000000 0.000000 0.000000 1.000000
0.207553 0.031424 -0.977719 -4.278785 0.341694 0.934198 0.102561 29.744265 0.916606 -0.355367 0.183158 -17.324238 0.000000 0.000000 0.000000 1.000000
0.178099 0.011103 -0.983950 -3.997941 0.361916 0.929108 0.075992 28.186878 0.915040 -0.369642 0.161455 -18.815660 0.000000 0.000000 0.000000 1.000000
0.154197 -0.004133 -0.988031 -3.705935 0.378125 0.924111 0.055146 26.367874 0.912822 -0.382103 0.144058 -20.412956 0.000000 0.000000 0.000000 1.000000
0.130575 -0.027676 -0.991052 -3.357102 0.404705 0.914025 0.027797 24.399923 0.905077 -0.404714 0.130550 -21.968084 0.000000 0.000000 0.000000 1.000000
0.109658 -0.042111 -0.993077 -2.981918 0.439741 0.898064 0.010476 22.152658 0.891405 -0.437845 0.116998 -23.554422 0.000000 0.000000 0.000000 1.000000
0.083888 -0.061300 -0.994588 -2.620093 0.486763 0.873440 -0.012778 19.525969 0.869497 -0.483057 0.103110 -25.083624 0.000000 0.000000 0.000000 1.000000
0.067528 -0.075863 -0.994829 -2.293196 0.537393 0.842874 -0.027798 16.554749 0.840624 -0.532737 0.097686 -26.432644 0.000000 0.000000 0.000000 1.000000
0.047903 -0.072456 -0.996221 -1.903017 0.593982 0.803922 -0.029909 13.132110 0.803051 -0.590304 0.081548 -27.482071 0.000000 0.000000 0.000000 1.000000
0.074988 -0.049358 -0.995962 -0.830164 0.684153 0.729177 0.015374 9.688859 0.725473 -0.682543 0.088448 -28.663429 0.000000 0.000000 0.000000 1.000000
0.232294 0.003158 -0.972640 -0.019738 0.768883 0.611854 0.185618 6.909298 0.595700 -0.790964 0.139702 -30.063656 0.000000 0.000000 0.000000 1.000000
0.374773 0.072149 -0.924305 0.677153 0.850164 0.370939 0.373666 6.531783 0.369821 -0.925850 0.077679 -30.927362 0.000000 0.000000 0.000000 1.000000
0.453123 0.243687 -0.857494 0.937291 0.880176 0.030183 0.473687 7.197405 0.141313 -0.969384 -0.200811 -32.271088 0.000000 0.000000 0.000000 1.000000
0.480916 0.139295 -0.865631 0.915433 0.869115 0.054418 0.491608 7.035789 0.115585 -0.988755 -0.094893 -34.339436 0.000000 0.000000 0.000000 1.000000
0.547441 0.110159 -0.829562 1.435114 0.836224 -0.110176 0.537207 7.890669 -0.032219 -0.987789 -0.152433 -35.962692 0.000000 0.000000 0.000000 1.000000
0.560329 0.065941 -0.825641 2.499304 0.810471 -0.249191 0.530132 8.959049 -0.170785 -0.966207 -0.193072 -37.030941 0.000000 0.000000 0.000000 1.000000
0.571383 -0.020810 -0.820420 2.884162 0.811952 -0.131103 0.568811 9.205000 -0.119397 -0.991150 -0.058013 -38.772476 0.000000 0.000000 0.000000 1.000000
0.588392 -0.008569 -0.808530 3.118523 0.804601 -0.092822 0.586516 9.539596 -0.080075 -0.995646 -0.047721 -40.320866 0.000000 0.000000 0.000000 1.000000
0.612209 0.018657 -0.790476 3.433107 0.783635 -0.147622 0.603426 9.798304 -0.105433 -0.988868 -0.104996 -41.530552 0.000000 0.000000 0.000000 1.000000
0.634462 0.011145 -0.772873 3.967110 0.757710 -0.206568 0.619036 9.992130 -0.152752 -0.978369 -0.139504 -42.400848 0.000000 0.000000 0.000000 1.000000
0.662935 -0.022303 -0.748345 4.614409 0.728282 -0.212509 0.651495 9.958313 -0.173560 -0.976905 -0.124637 -43.109779 0.000000 0.000000 0.000000 1.000000
0.705171 -0.032963 -0.708271 5.124535 0.684444 -0.229161 0.692114 9.906077 -0.185123 -0.972830 -0.139037 -43.633930 0.000000 0.000000 0.000000 1.000000
0.744716 -0.014505 -0.667224 5.435045 0.640344 -0.266154 0.720501 10.007019 -0.188035 -0.963821 -0.188921 -43.959629 0.000000 0.000000 0.000000 1.000000
0.773041 0.007277 -0.634315 5.630389 0.611150 -0.276529 0.741638 10.104488 -0.170010 -0.960978 -0.218216 -44.171211 0.000000 0.000000 0.000000 1.000000
0.797120 0.023885 -0.603349 5.845406 0.581713 -0.298289 0.756726 10.138411 -0.161898 -0.954177 -0.251667 -44.402061 0.000000 0.000000 0.000000 1.000000
0.821140 0.027016 -0.570088 6.088634 0.550876 -0.298674 0.779313 9.882164 -0.149217 -0.953973 -0.260135 -44.521629 0.000000 0.000000 0.000000 1.000000
0.842583 0.025138 -0.537980 6.314264 0.522315 -0.281683 0.804886 9.488657 -0.131306 -0.959178 -0.250471 -44.447357 0.000000 0.000000 0.000000 1.000000
0.860604 0.015260 -0.509046 6.519719 0.494178 -0.266594 0.827476 9.143680 -0.123081 -0.963688 -0.236973 -44.256527 0.000000 0.000000 0.000000 1.000000
0.871820 -0.002952 -0.489818 6.691741 0.473935 -0.247563 0.845043 8.829970 -0.123756 -0.968867 -0.214431 -44.000580 0.000000 0.000000 0.000000 1.000000
0.879177 -0.017309 -0.476181 6.859376 0.460405 -0.226651 0.858287 8.544487 -0.122783 -0.973822 -0.191297 -43.715515 0.000000 0.000000 0.000000 1.000000
0.887670 -0.023788 -0.459866 7.014143 0.445265 -0.210260 0.870362 8.358368 -0.117396 -0.977356 -0.176049 -43.416622 0.000000 0.000000 0.000000 1.000000
0.903134 -0.031183 -0.428225 7.226918 0.412593 -0.212957 0.885673 8.191983 -0.118812 -0.976564 -0.179463 -43.109840 0.000000 0.000000 0.000000 1.000000
0.921537 -0.041820 -0.386032 7.474621 0.372088 -0.189086 0.908734 7.706161 -0.110996 -0.981070 -0.158689 -42.845985 0.000000 0.000000 0.000000 1.000000
0.937829 -0.053324 -0.342977 7.736059 0.332467 -0.145862 0.931767 7.019010 -0.099713 -0.987867 -0.119065 -42.591888 0.000000 0.000000 0.000000 1.000000
0.951647 -0.061465 -0.300980 7.991050 0.294467 -0.096556 0.950771 6.372982 -0.087501 -0.993428 -0.073788 -42.356339 0.000000 0.000000 0.000000 1.000000
0.965460 -0.065913 -0.252078 8.225399 0.249317 -0.047341 0.967264 5.702489 -0.075689 -0.996702 -0.029272 -42.137848 0.000000 0.000000 0.000000 1.000000
0.977337 -0.071343 -0.199306 8.420277 0.199885 0.000991 0.979819 5.222920 -0.069705 -0.997451 0.015229 -41.944794 0.000000 0.000000 0.000000 1.000000
0.987435 -0.079900 -0.136339 8.624105 0.140111 0.043648 0.989173 5.167926 -0.073084 -0.995847 0.054294 -41.730621 0.000000 0.000000 0.000000 1.000000
0.991309 -0.091636 -0.094393 8.802562 0.097931 0.034904 0.994581 5.297624 -0.087844 -0.995181 0.043575 -41.600956 0.000000 0.000000 0.000000 1.000000
0.990222 -0.099798 -0.097467 8.917982 0.098995 0.010461 0.995033 5.453829 -0.098283 -0.994953 0.020239 -41.562405 0.000000 0.000000 0.000000 1.000000
0.987804 -0.118100 -0.101463 8.944913 0.103724 0.013141 0.994519 5.445881 -0.116119 -0.992915 0.025231 -41.559704 0.000000 0.000000 0.000000 1.000000
0.986877 -0.129317 -0.096702 8.960624 0.099875 0.018267 0.994832 5.408175 -0.126883 -0.991435 0.030943 -41.547195 0.000000 0.000000 0.000000 1.000000
0.986558 -0.133159 -0.094716 8.989361 0.097306 0.013063 0.995169 5.346717 -0.131278 -0.991009 0.025845 -41.505878 0.000000 0.000000 0.000000 1.000000
0.986096 -0.135724 -0.095878 9.010124 0.098435 0.012236 0.995068 5.253011 -0.133882 -0.990671 0.025426 -41.482506 0.000000 0.000000 0.000000 1.000000
0.985122 -0.139119 -0.100898 9.007066 0.102716 0.005933 0.994693 5.165354 -0.137782 -0.990258 0.020135 -41.505463 0.000000 0.000000 0.000000 1.000000
0.984713 -0.139503 -0.104308 9.025816 0.105512 0.001246 0.994417 5.072023 -0.138594 -0.990221 0.015947 -41.487827 0.000000 0.000000 0.000000 1.000000
0.984525 -0.140805 -0.104331 9.017818 0.105467 0.000613 0.994423 4.975587 -0.139956 -0.990037 0.015454 -41.514702 0.000000 0.000000 0.000000 1.000000
0.984350 -0.142001 -0.104357 9.018129 0.105445 0.000136 0.994425 4.951298 -0.141195 -0.989867 0.015107 -41.524086 0.000000 0.000000 0.000000 1.000000
0.984312 -0.142262 -0.104359 9.026792 0.105413 -0.000130 0.994428 4.947266 -0.141483 -0.989829 0.014869 -41.519279 0.000000 0.000000 0.000000 1.000000
0.984270 -0.142537 -0.104382 9.033536 0.105414 -0.000314 0.994428 4.943386 -0.141775 -0.989789 0.014716 -41.517086 0.000000 0.000000 0.000000 1.000000
0.984220 -0.142870 -0.104401 9.038171 0.105419 -0.000449 0.994428 4.939949 -0.142120 -0.989741 0.014620 -41.517647 0.000000 0.000000 0.000000 1.000000
0.984169 -0.143205 -0.104423 9.041916 0.105430 -0.000563 0.994427 4.937017 -0.142466 -0.989693 0.014544 -41.519188 0.000000 0.000000 0.000000 1.000000
0.984149 -0.143327 -0.104442 9.045609 0.105437 -0.000656 0.994426 4.934616 -0.142596 -0.989675 0.014466 -41.518719 0.000000 0.000000 0.000000 1.000000
0.984144 -0.143348 -0.104461 9.048329 0.105441 -0.000769 0.994425 4.932971 -0.142630 -0.989672 0.014358 -41.517319 0.000000 0.000000 0.000000 1.000000
0.984151 -0.143280 -0.104487 9.049158 0.105441 -0.000942 0.994425 4.932351 -0.142580 -0.989682 0.014180 -41.516296 0.000000 0.000000 0.000000 1.000000</float_array><technique_common><accessor source="#Bip01-Matrix-animation-output-transform-array" count="94" stride="16"><param type="float4x4"/></accessor></technique_common></source><source id="Bip01-Interpolations"><Name_array id="Bip01-Interpolations-array" count="94">
 LINEAR LINEAR LINEAR LINEAR LINEAR LINEAR LINEAR LINEAR LINEAR LINEAR LINEAR
LINEAR LINEAR LINEAR LINEAR LINEAR LINEAR LINEAR LINEAR LINEAR LINEAR LINEAR LINEAR
LINEAR LINEAR LINEAR LINEAR LINEAR LINEAR LINEAR LINEAR LINEAR LINEAR LINEAR LINEAR
LINEAR LINEAR LINEAR LINEAR LINEAR LINEAR LINEAR LINEAR LINEAR LINEAR LINEAR LINEAR
LINEAR LINEAR LINEAR LINEAR LINEAR LINEAR LINEAR LINEAR LINEAR LINEAR LINEAR LINEAR
LINEAR LINEAR LINEAR LINEAR LINEAR LINEAR LINEAR LINEAR LINEAR LINEAR LINEAR LINEAR
LINEAR LINEAR LINEAR LINEAR LINEAR LINEAR LINEAR LINEAR LINEAR LINEAR LINEAR LINEAR
LINEAR LINEAR LINEAR LINEAR LINEAR LINEAR LINEAR LINEAR LINEAR LINEAR LINEAR</Name_array><technique_common><accessor source="#Bip01-Interpolations-array" count="94"><param type="name"/></accessor></technique_common></source><sampler id="Bip01-Matrix-animation-transform"><input semantic="INPUT" source="#Bip01-Matrix-animation-input"/><input semantic="OUTPUT" source="#Bip01-Matrix-animation-output-transform"/><input semantic="INTERPOLATION" source="#Bip01-Interpolations"/></sampler><channel source="#Bip01-Matrix-animation-transform" target="Bip01/matrix"/></animation>
    <animation id="Bip01_Pelvis-anim" name="Bip01_Pelvis"><source id="Bip01_Pelvis-Matrix-animation-input"><float_array id="Bip01_Pelvis-Matrix-animation-input-array" count="94">

0.000000 0.033333 0.066667 0.100000 0.133333 0.166667 0.200000 0.233333 0.266667 0.300000 0.333333 0.366667 0.400000 0.433333 0.466667 0.500000
0.533333 0.566667 0.600000 0.633333 0.666667 0.700000 0.733333 0.766667 0.800000 0.833333 0.866667 0.900000 0.933333 0.966667 1.000000 1.033333
1.066667 1.100000 1.133333 1.166667 1.200000 1.233333 1.266667 1.300000 1.333333 1.366667 1.400000 1.433333 1.466667 1.500000 1.533333 1.566667
1.600000 1.633333 1.666667 1.700000 1.733333 1.766667 1.800000 1.833333 1.866667 1.900000 1.933333 1.966667 2.000000 2.033333 2.066667 2.100000
2.133333 2.166667 2.200000 2.233333 2.266667 2.300000 2.333333 2.366667 2.400000 2.433333 2.466667 2.500000 2.533333 2.566667 2.600000 2.633333
2.666667 2.700000 2.733333 2.766667 2.800000 2.833333 2.866667 2.900000 2.933333 2.966667 3.000000 3.033333 3.066667 3.100000</float_array><technique_common><accessor source="#Bip01_Pelvis-Matrix-animation-input-array" count="94"><param name="TIME" type="float"/></accessor></technique_common></source><source id="Bip01_Pelvis-Matrix-animation-output-transform"><float_array id="Bip01_Pelvis-Matrix-animation-output-transform-array" count="1504">

1.000000 0.000000 -0.000000 0.000000 0.000000 1.000000 -0.000000 0.000000 -0.000000 0.000000 1.000000 0.000000 0.000000 0.000000 0.000000 1.000000
1.000000 0.000000 -0.000000 0.000000 -0.000000 1.000000 0.000000 0.000000 -0.000000 0.000000 1.000000 0.000000 0.000000 0.000000 0.000000 1.000000
1.000000 0.000000 0.000000 0.000000 0.000000 1.000000 0.000000 0.000000 0.000000 0.000000 1.000000 0.000000 0.000000 0.000000 0.000000 1.000000
1.000000 0.000000 -0.000000 0.000000 0.000000 1.000000 -0.000000 0.000000 0.000000 -0.000000 1.000000 0.000000 0.000000 0.000000 0.000000 1.000000
1.000000 -0.000000 0.000000 0.000000 0.000000 1.000000 -0.000000 0.000000 0.000000 0.000000 1.000000 0.000000 0.000000 0.000000 0.000000 1.000000
1.000000 0.000000 0.000000 0.000000 -0.000000 1.000000 0.000000 0.000000 0.000000 -0.000000 1.000000 0.000000 0.000000 0.000000 0.000000 1.000000
1.000000 0.000000 0.000000 0.000000 -0.000000 1.000000 0.000000 0.000000 -0.000000 -0.000000 1.000000 0.000000 0.000000 0.000000 0.000000 1.000000
1.000000 0.000000 0.000000 0.000000 -0.000000 1.000000 0.000000 0.000000 -0.000000 0.000000 1.000000 0.000000 0.000000 0.000000 0.000000 1.000000
1.000000 -0.000000 0.000000 0.000000 0.000000 1.000000 -0.000000 0.000000 0.000000 0.000000 1.000000 0.000000 0.000000 0.000000 0.000000 1.000000
1.000000 0.000000 0.000000 0.000000 0.000000 1.000000 0.000000 0.000000 0.000000 -0.000000 1.000000 0.000000 0.000000 0.000000 0.000000 1.000000
1.000000 0.000000 0.000000 0.000000 0.000000 1.000000 0.000000 0.000000 0.000000 0.000000 1.000000 0.000000 0.000000 0.000000 0.000000 1.000000
1.000000 0.000000 -0.000000 0.000000 0.000000 1.000000 0.000000 0.000000 -0.000000 0.000000 1.000000 0.000000 0.000000 0.000000 0.000000 1.000000
1.000000 0.000000 -0.000000 0.000000 0.000000 1.000000 0.000000 0.000000 0.000000 -0.000000 1.000000 0.000000 0.000000 0.000000 0.000000 1.000000
1.000000 0.000000 0.000000 0.000000 -0.000000 1.000000 0.000000 0.000000 0.000000 0.000000 1.000000 0.000000 0.000000 0.000000 0.000000 1.000000
1.000000 0.000000 -0.000000 0.000000 0.000000 1.000000 0.000000 0.000000 0.000000 0.000000 1.000000 0.000000 0.000000 0.000000 0.000000 1.000000
1.000000 0.000000 -0.000000 0.000000 0.000000 1.000000 0.000000 0.000000 -0.000000 0.000000 1.000000 0.000000 0.000000 0.000000 0.000000 1.000000
1.000000 -0.000000 0.000000 0.000000 0.000000 1.000000 0.000000 0.000000 0.000000 0.000000 1.000000 0.000000 0.000000 0.000000 0.000000 1.000000
1.000000 0.000000 -0.000000 0.000000 0.000000 1.000000 0.000000 0.000000 0.000000 -0.000000 1.000000 0.000000 0.000000 0.000000 0.000000 1.000000
1.000000 0.000000 -0.000000 0.000000 0.000000 1.000000 0.000000 0.000000 0.000000 0.000000 1.000000 0.000000 0.000000 0.000000 0.000000 1.000000
1.000000 0.000000 0.000000 0.000000 0.000000 1.000000 0.000000 0.000000 0.000000 0.000000 1.000000 0.000000 0.000000 0.000000 0.000000 1.000000
1.000000 -0.000000 0.000000 0.000000 0.000000 1.000000 -0.000000 0.000000 0.000000 0.000000 1.000000 0.000000 0.000000 0.000000 0.000000 1.000000
1.000000 0.000000 0.000000 0.000000 -0.000000 1.000000 -0.000000 0.000000 -0.000000 0.000000 1.000000 0.000000 0.000000 0.000000 0.000000 1.000000
1.000000 0.000000 -0.000000 0.000000 0.000000 1.000000 0.000000 0.000000 0.000000 0.000000 1.000000 0.000000 0.000000 0.000000 0.000000 1.000000
1.000000 0.000000 -0.000000 0.000000 -0.000000 1.000000 0.000000 0.000000 -0.000000 -0.000000 1.000000 0.000000 0.000000 0.000000 0.000000 1.000000
1.000000 0.000000 -0.000000 0.000000 0.000000 1.000000 -0.000000 0.000000 -0.000000 0.000000 1.000000 0.000000 0.000000 0.000000 0.000000 1.000000
1.000000 0.000000 -0.000000 0.000000 -0.000000 1.000000 0.000000 0.000000 -0.000000 0.000000 1.000000 0.000000 0.000000 0.000000 0.000000 1.000000
1.000000 0.000000 -0.000000 0.000000 -0.000000 1.000000 0.000000 0.000000 -0.000000 -0.000000 1.000000 0.000000 0.000000 0.000000 0.000000 1.000000
1.000000 0.000000 -0.000000 0.000000 0.000000 1.000000 -0.000000 0.000000 0.000000 0.000000 1.000000 0.000000 0.000000 0.000000 0.000000 1.000000
1.000000 0.000000 0.000000 0.000000 0.000000 1.000000 -0.000000 0.000000 0.000000 -0.000000 1.000000 0.000000 0.000000 0.000000 0.000000 1.000000
1.000000 0.000000 -0.000000 0.000000 0.000000 1.000000 0.000000 0.000000 -0.000000 0.000000 1.000000 0.000000 0.000000 0.000000 0.000000 1.000000
1.000000 -0.000000 0.000000 0.000000 0.000000 1.000000 0.000000 0.000000 0.000000 -0.000000 1.000000 0.000000 0.000000 0.000000 0.000000 1.000000
1.000000 0.000000 0.000000 0.000000 0.000000 1.000000 -0.000000 0.000000 0.000000 -0.000000 1.000000 0.000000 0.000000 0.000000 0.000000 1.000000
1.000000 0.000000 -0.000000 0.000000 0.000000 1.000000 0.000000 0.000000 0.000000 -0.000000 1.000000 0.000000 0.000000 0.000000 0.000000 1.000000
1.000000 0.000000 0.000000 0.000000 -0.000000 1.000000 -0.000000 0.000000 -0.000000 -0.000000 1.000000 0.000000 0.000000 0.000000 0.000000 1.000000
1.000000 0.000000 -0.000000 0.000000 -0.000000 1.000000 0.000000 0.000000 -0.000000 -0.000000 1.000000 0.000000 0.000000 0.000000 0.000000 1.000000
1.000000 -0.000000 0.000000 0.000000 0.000000 1.000000 0.000000 0.000000 -0.000000 0.000000 1.000000 0.000000 0.000000 0.000000 0.000000 1.000000
1.000000 -0.000000 -0.000000 0.000000 -0.000000 1.000000 0.000000 0.000000 0.000000 0.000000 1.000000 0.000000 0.000000 0.000000 0.000000 1.000000
1.000000 -0.000000 0.000000 0.000000 0.000000 1.000000 -0.000000 0.000000 0.000000 -0.000000 1.000000 0.000000 0.000000 0.000000 0.000000 1.000000
1.000000 -0.000000 0.000000 0.000000 0.000000 1.000000 0.000000 0.000000 0.000000 -0.000000 1.000000 0.000000 0.000000 0.000000 0.000000 1.000000
1.000000 0.000000 0.000000 0.000000 0.000000 1.000000 -0.000000 0.000000 0.000000 0.000000 1.000000 0.000000 0.000000 0.000000 0.000000 1.000000
1.000000 0.000000 -0.000000 0.000000 0.000000 1.000000 0.000000 0.000000 -0.000000 0.000000 1.000000 0.000000 0.000000 0.000000 0.000000 1.000000
1.000000 0.000000 0.000000 0.000000 0.000000 1.000000 0.000000 0.000000 -0.000000 0.000000 1.000000 0.000000 0.000000 0.000000 0.000000 1.000000
1.000000 -0.000000 0.000000 0.000000 -0.000000 1.000000 -0.000000 0.000000 0.000000 0.000000 1.000000 0.000000 0.000000 0.000000 0.000000 1.000000
1.000000 -0.000000 0.000000 0.000000 0.000000 1.000000 0.000000 0.000000 0.000000 -0.000000 1.000000 0.000000 0.000000 0.000000 0.000000 1.000000
1.000000 0.000000 -0.000000 0.000000 -0.000000 1.000000 0.000000 0.000000 0.000000 0.000000 1.000000 0.000000 0.000000 0.000000 0.000000 1.000000
1.000000 0.000000 0.000000 0.000000 -0.000000 1.000000 0.000000 0.000000 0.000000 0.000000 1.000000 0.000000 0.000000 0.000000 0.000000 1.000000
1.000000 0.000000 0.000000 0.000000 -0.000000 1.000000 -0.000000 0.000000 -0.000000 -0.000000 1.000000 0.000000 0.000000 0.000000 0.000000 1.000000
1.000000 0.000000 0.000000 0.000000 0.000000 1.000000 -0.000000 0.000000 0.000000 -0.000000 1.000000 0.000000 0.000000 0.000000 0.000000 1.000000
1.000000 0.000000 0.000000 0.000000 0.000000 1.000000 0.000000 0.000000 0.000000 0.000000 1.000000 0.000000 0.000000 0.000000 0.000000 1.000000
1.000000 -0.000000 0.000000 0.000000 0.000000 1.000000 0.000000 0.000000 0.000000 0.000000 1.000000 0.000000 0.000000 0.000000 0.000000 1.000000
1.000000 -0.000000 -0.000000 0.000000 0.000000 1.000000 0.000000 0.000000 0.000000 0.000000 1.000000 0.000000 0.000000 0.000000 0.000000 1.000000
1.000000 -0.000000 -0.000000 0.000000 0.000000 1.000000 0.000000 0.000000 -0.000000 0.000000 1.000000 0.000000 0.000000 0.000000 0.000000 1.000000
1.000000 -0.000000 0.000000 0.000000 -0.000000 1.000000 0.000000 0.000000 0.000000 -0.000000 1.000000 0.000000 0.000000 0.000000 0.000000 1.000000
1.000000 0.000000 -0.000000 0.000000 0.000000 1.000000 0.000000 0.000000 0.000000 0.000000 1.000000 0.000000 0.000000 0.000000 0.000000 1.000000
1.000000 -0.000000 0.000000 0.000000 -0.000000 1.000000 -0.000000 0.000000 -0.000000 0.000000 1.000000 0.000000 0.000000 0.000000 0.000000 1.000000
1.000000 0.000000 -0.000000 0.000000 -0.000000 1.000000 0.000000 0.000000 0.000000 -0.000000 1.000000 0.000000 0.000000 0.000000 0.000000 1.000000
1.000000 0.000000 -0.000000 0.000000 -0.000000 1.000000 0.000000 0.000000 0.000000 0.000000 1.000000 0.000000 0.000000 0.000000 0.000000 1.000000
1.000000 0.000000 -0.000000 0.000000 0.000000 1.000000 -0.000000 0.000000 -0.000000 -0.000000 1.000000 0.000000 0.000000 0.000000 0.000000 1.000000
1.000000 0.000000 -0.000000 0.000000 -0.000000 1.000000 0.000000 0.000000 -0.000000 0.000000 1.000000 0.000000 0.000000 0.000000 0.000000 1.000000
1.000000 -0.000000 0.000000 0.000000 0.000000 1.000000 -0.000000 0.000000 -0.000000 0.000000 1.000000 0.000000 0.000000 0.000000 0.000000 1.000000
1.000000 0.000000 0.000000 0.000000 0.000000 1.000000 -0.000000 0.000000 0.000000 0.000000 1.000000 0.000000 0.000000 0.000000 0.000000 1.000000
1.000000 0.000000 0.000000 0.000000 0.000000 1.000000 0.000000 0.000000 -0.000000 0.000000 1.000000 0.000000 0.000000 0.000000 0.000000 1.000000
1.000000 -0.000000 0.000000 0.000000 -0.000000 1.000000 -0.000000 0.000000 0.000000 0.000000 1.000000 0.000000 0.000000 0.000000 0.000000 1.000000
1.000000 -0.000000 0.000000 0.000000 -0.000000 1.000000 -0.000000 0.000000 -0.000000 -0.000000 1.000000 0.000000 0.000000 0.000000 0.000000 1.000000
1.000000 0.000000 -0.000000 0.000000 0.000000 1.000000 -0.000000 0.000000 -0.000000 0.000000 1.000000 0.000000 0.000000 0.000000 0.000000 1.000000
1.000000 0.000000 0.000000 0.000000 0.000000 1.000000 0.000000 0.000000 0.000000 0.000000 1.000000 0.000000 0.000000 0.000000 0.000000 1.000000
1.000000 -0.000000 -0.000000 0.000000 0.000000 1.000000 0.000000 0.000000 -0.000000 0.000000 1.000000 0.000000 0.000000 0.000000 0.000000 1.000000
1.000000 0.000000 0.000000 0.000000 0.000000 1.000000 0.000000 0.000000 -0.000000 -0.000000 1.000000 0.000000 0.000000 0.000000 0.000000 1.000000
1.000000 -0.000000 0.000000 0.000000 0.000000 1.000000 0.000000 0.000000 0.000000 -0.000000 1.000000 0.000000 0.000000 0.000000 0.000000 1.000000
1.000000 0.000000 -0.000000 0.000000 0.000000 1.000000 0.000000 0.000000 -0.000000 0.000000 1.000000 0.000000 0.000000 0.000000 0.000000 1.000000
1.000000 0.000000 0.000000 0.000000 0.000000 1.000000 0.000000 0.000000 -0.000000 0.000000 1.000000 0.000000 0.000000 0.000000 0.000000 1.000000
1.000000 0.000000 -0.000000 0.000000 0.000000 1.000000 0.000000 0.000000 -0.000000 0.000000 1.000000 0.000000 0.000000 0.000000 0.000000 1.000000
1.000000 -0.000000 -0.000000 0.000000 0.000000 1.000000 -0.000000 0.000000 -0.000000 0.000000 1.000000 0.000000 0.000000 0.000000 0.000000 1.000000
1.000000 0.000000 0.000000 0.000000 -0.000000 1.000000 0.000000 0.000000 -0.000000 0.000000 1.000000 0.000000 0.000000 0.000000 0.000000 1.000000
1.000000 -0.000000 -0.000000 0.000000 0.000000 1.000000 -0.000000 0.000000 -0.000000 0.000000 1.000000 0.000000 0.000000 0.000000 0.000000 1.000000
1.000000 0.000000 0.000000 0.000000 0.000000 1.000000 0.000000 0.000000 0.000000 -0.000000 1.000000 0.000000 0.000000 0.000000 0.000000 1.000000
1.000000 0.000000 -0.000000 0.000000 0.000000 1.000000 -0.000000 0.000000 0.000000 -0.000000 1.000000 0.000000 0.000000 0.000000 0.000000 1.000000
1.000000 0.000000 -0.000000 0.000000 0.000000 1.000000 0.000000 0.000000 0.000000 -0.000000 1.000000 0.000000 0.000000 0.000000 0.000000 1.000000
1.000000 0.000000 -0.000000 0.000000 0.000000 1.000000 0.000000 0.000000 -0.000000 -0.000000 1.000000 0.000000 0.000000 0.000000 0.000000 1.000000
1.000000 0.000000 0.000000 0.000000 0.000000 1.000000 0.000000 0.000000 0.000000 0.000000 1.000000 0.000000 0.000000 0.000000 0.000000 1.000000
1.000000 -0.000000 -0.000000 0.000000 -0.000000 1.000000 0.000000 0.000000 0.000000 -0.000000 1.000000 0.000000 0.000000 0.000000 0.000000 1.000000
1.000000 0.000000 0.000000 0.000000 0.000000 1.000000 0.000000 0.000000 -0.000000 0.000000 1.000000 0.000000 0.000000 0.000000 0.000000 1.000000
1.000000 -0.000000 -0.000000 0.000000 0.000000 1.000000 0.000000 0.000000 0.000000 0.000000 1.000000 0.000000 0.000000 0.000000 0.000000 1.000000
1.000000 0.000000 -0.000000 0.000000 0.000000 1.000000 0.000000 0.000000 -0.000000 0.000000 1.000000 0.000000 0.000000 0.000000 0.000000 1.000000
1.000000 0.000000 0.000000 0.000000 0.000000 1.000000 0.000000 0.000000 0.000000 -0.000000 1.000000 0.000000 0.000000 0.000000 0.000000 1.000000
1.000000 -0.000000 -0.000000 0.000000 0.000000 1.000000 -0.000000 0.000000 -0.000000 -0.000000 1.000000 0.000000 0.000000 0.000000 0.000000 1.000000
1.000000 0.000000 -0.000000 0.000000 -0.000000 1.000000 0.000000 0.000000 -0.000000 0.000000 1.000000 0.000000 0.000000 0.000000 0.000000 1.000000
1.000000 0.000000 0.000000 0.000000 0.000000 1.000000 0.000000 0.000000 -0.000000 0.000000 1.000000 0.000000 0.000000 0.000000 0.000000 1.000000
1.000000 0.000000 -0.000000 0.000000 0.000000 1.000000 0.000000 0.000000 0.000000 -0.000000 1.000000 0.000000 0.000000 0.000000 0.000000 1.000000
1.000000 0.000000 -0.000000 0.000000 0.000000 1.000000 -0.000000 0.000000 -0.000000 0.000000 1.000000 0.000000 0.000000 0.000000 0.000000 1.000000
1.000000 -0.000000 -0.000000 0.000000 -0.000000 1.000000 -0.000000 0.000000 -0.000000 0.000000 1.000000 0.000000 0.000000 0.000000 0.000000 1.000000
1.000000 -0.000000 -0.000000 0.000000 0.000000 1.000000 0.000000 0.000000 -0.000000 -0.000000 1.000000 0.000000 0.000000 0.000000 0.000000 1.000000
1.000000 0.000000 0.000000 0.000000 0.000000 1.000000 -0.000000 0.000000 0.000000 0.000000 1.000000 0.000000 0.000000 0.000000 0.000000 1.000000
1.000000 -0.000000 0.000000 0.000000 -0.000000 1.000000 0.000000 0.000000 -0.000000 0.000000 1.000000 0.000000 0.000000 0.000000 0.000000 1.000000</float_array><technique_common><accessor source="#Bip01_Pelvis-Matrix-animation-output-transform-array" count="94" stride="16"><param type="float4x4"/></accessor></technique_common></source><source id="Bip01_Pelvis-Interpolations"><Name_array id="Bip01_Pelvis-Interpolations-array" count="94">
 LINEAR LINEAR LINEAR LINEAR LINEAR LINEAR LINEAR LINEAR LINEAR LINEAR LINEAR
LINEAR LINEAR LINEAR LINEAR LINEAR LINEAR LINEAR LINEAR LINEAR LINEAR LINEAR LINEAR
LINEAR LINEAR LINEAR LINEAR LINEAR LINEAR LINEAR LINEAR LINEAR LINEAR LINEAR LINEAR
LINEAR LINEAR LINEAR LINEAR LINEAR LINEAR LINEAR LINEAR LINEAR LINEAR LINEAR LINEAR
LINEAR LINEAR LINEAR LINEAR LINEAR LINEAR LINEAR LINEAR LINEAR LINEAR LINEAR LINEAR
LINEAR LINEAR LINEAR LINEAR LINEAR LINEAR LINEAR LINEAR LINEAR LINEAR LINEAR LINEAR
LINEAR LINEAR LINEAR LINEAR LINEAR LINEAR LINEAR LINEAR LINEAR LINEAR LINEAR LINEAR
LINEAR LINEAR LINEAR LINEAR LINEAR LINEAR LINEAR LINEAR LINEAR LINEAR LINEAR</Name_array><technique_common><accessor source="#Bip01_Pelvis-Interpolations-array" count="94"><param type="name"/></accessor></technique_common></source><sampler id="Bip01_Pelvis-Matrix-animation-transform"><input semantic="INPUT" source="#Bip01_Pelvis-Matrix-animation-input"/><input semantic="OUTPUT" source="#Bip01_Pelvis-Matrix-animation-output-transform"/><input semantic="INTERPOLATION" source="#Bip01_Pelvis-Interpolations"/></sampler><channel source="#Bip01_Pelvis-Matrix-animation-transform" target="Bip01_Pelvis/matrix"/></animation>
    <animation id="Bip01_L_Thigh-anim" name="Bip01_L_Thigh"><source id="Bip01_L_Thigh-Matrix-animation-input"><float_array id="Bip01_L_Thigh-Matrix-animation-input-array" count="94">

0.000000 0.033333 0.066667 0.100000 0.133333 0.166667 0.200000 0.233333 0.266667 0.300000 0.333333 0.366667 0.400000 0.433333 0.466667 0.500000
0.533333 0.566667 0.600000 0.633333 0.666667 0.700000 0.733333 0.766667 0.800000 0.833333 0.866667 0.900000 0.933333 0.966667 1.000000 1.033333
1.066667 1.100000 1.133333 1.166667 1.200000 1.233333 1.266667 1.300000 1.333333 1.366667 1.400000 1.433333 1.466667 1.500000 1.533333 1.566667
1.600000 1.633333 1.666667 1.700000 1.733333 1.766667 1.800000 1.833333 1.866667 1.900000 1.933333 1.966667 2.000000 2.033333 2.066667 2.100000
2.133333 2.166667 2.200000 2.233333 2.266667 2.300000 2.333333 2.366667 2.400000 2.433333 2.466667 2.500000 2.533333 2.566667 2.600000 2.633333
2.666667 2.700000 2.733333 2.766667 2.800000 2.833333 2.866667 2.900000 2.933333 2.966667 3.000000 3.033333 3.066667 3.100000</float_array><technique_common><accessor source="#Bip01_L_Thigh-Matrix-animation-input-array" count="94"><param name="TIME" type="float"/></accessor></technique_common></source><source id="Bip01_L_Thigh-Matrix-animation-output-transform"><float_array id="Bip01_L_Thigh-Matrix-animation-output-transform-array" count="1504">

0.372048 -0.225030 0.900523 3.890400 -0.810766 -0.551140 0.197241 0.000000 0.451929 -0.803496 -0.387497 0.000000 0.000000 0.000000 0.000000 1.000000
0.385400 -0.227067 0.894375 3.890400 -0.820212 -0.528354 0.219301 0.000000 0.422751 -0.818097 -0.389871 -0.000000 0.000000 0.000000 0.000000 1.000000
0.405355 -0.244664 0.880811 3.890400 -0.854197 -0.444585 0.269614 -0.000000 0.325631 -0.861675 -0.389206 0.000000 0.000000 0.000000 0.000000 1.000000
0.417020 -0.269722 0.867954 3.890400 -0.886052 -0.333402 0.322109 0.000000 0.202498 -0.903379 -0.378023 0.000000 0.000000 0.000000 0.000000 1.000000
0.418556 -0.292105 0.859933 3.890400 -0.903072 -0.234250 0.359982 0.000000 0.096287 -0.927255 -0.361839 0.000000 0.000000 0.000000 0.000000 1.000000
0.369484 -0.338861 0.865248 3.890400 -0.929184 -0.124822 0.347902 0.000000 -0.009888 -0.932519 -0.360984 0.000000 0.000000 0.000000 0.000000 1.000000
0.328642 -0.358081 0.873941 3.890400 -0.940155 -0.035838 0.338857 0.000000 -0.090018 -0.933003 -0.348429 -0.000000 0.000000 0.000000 0.000000 1.000000
0.289885 -0.360474 0.886581 3.890400 -0.944237 0.043423 0.326392 0.000000 -0.156154 -0.931758 -0.327785 0.000000 0.000000 0.000000 0.000000 1.000000
0.252290 -0.347875 0.902958 3.890400 -0.950363 0.086526 0.298870 0.000000 -0.182098 -0.933540 -0.308778 -0.000000 0.000000 0.000000 0.000000 1.000000
0.243958 -0.323993 0.914064 3.890400 -0.951761 0.100892 0.289780 0.000000 -0.186108 -0.940664 -0.283750 0.000000 0.000000 0.000000 0.000000 1.000000
0.220249 -0.305115 0.926496 3.890400 -0.956953 0.116473 0.265846 0.000000 -0.189025 -0.945166 -0.266328 0.000000 0.000000 0.000000 0.000000 1.000000
0.195423 -0.292519 0.936078 3.890400 -0.963371 0.121478 0.239082 -0.000000 -0.183649 -0.948512 -0.258065 0.000000 0.000000 0.000000 0.000000 1.000000
0.196642 -0.282510 0.938893 3.890400 -0.971600 0.072407 0.225280 0.000000 -0.131627 -0.956528 -0.260249 -0.000000 0.000000 0.000000 0.000000 1.000000
0.208868 -0.277447 0.937762 3.890400 -0.975072 0.014348 0.221423 0.000000 -0.074888 -0.960634 -0.267534 0.000000 0.000000 0.000000 0.000000 1.000000
0.210959 -0.264098 0.941142 3.890400 -0.977418 -0.044896 0.206491 0.000000 -0.012280 -0.963451 -0.267605 0.000000 0.000000 0.000000 0.000000 1.000000
0.208247 -0.236913 0.948950 3.890400 -0.976636 -0.103004 0.188607 0.000000 0.053062 -0.966055 -0.252828 0.000000 0.000000 0.000000 0.000000 1.000000
0.230436 -0.227690 0.946074 3.890400 -0.968647 -0.146445 0.200690 0.000000 0.092853 -0.962658 -0.254297 0.000000 0.000000 0.000000 0.000000 1.000000
0.251191 -0.214738 0.943817 3.890400 -0.958912 -0.188054 0.212423 0.000000 0.131874 -0.958396 -0.253152 -0.000000 0.000000 0.000000 0.000000 1.000000
0.269870 -0.197208 0.942485 3.890400 -0.947432 -0.229101 0.223349 -0.000000 0.171878 -0.953216 -0.248669 0.000000 0.000000 0.000000 0.000000 1.000000
0.265755 -0.187546 0.945622 3.890400 -0.944635 -0.246480 0.216593 0.000000 0.192456 -0.950828 -0.242666 0.000000 0.000000 0.000000 0.000000 1.000000
0.247888 -0.171501 0.953488 3.890400 -0.949132 -0.240249 0.203542 -0.000000 0.194167 -0.955441 -0.222331 0.000000 0.000000 0.000000 0.000000 1.000000
0.241465 -0.181328 0.953318 3.890400 -0.956490 -0.210268 0.202274 0.000000 0.163774 -0.960681 -0.224211 0.000000 0.000000 0.000000 0.000000 1.000000
0.262233 -0.207554 0.942420 3.890400 -0.956451 -0.185642 0.225253 -0.000000 0.128201 -0.960447 -0.247197 0.000000 0.000000 0.000000 0.000000 1.000000
0.277543 -0.231826 0.932323 3.890400 -0.955466 -0.167896 0.242684 -0.000000 0.100273 -0.958158 -0.268100 0.000000 0.000000 0.000000 0.000000 1.000000
0.284460 -0.236381 0.929089 3.890400 -0.954472 -0.160617 0.251366 0.000000 0.089810 -0.958293 -0.271308 -0.000000 0.000000 0.000000 0.000000 1.000000
0.294931 -0.243228 0.924043 3.890400 -0.953117 -0.143411 0.266462 0.000000 0.067707 -0.959309 -0.274121 -0.000000 0.000000 0.000000 0.000000 1.000000
0.302872 -0.247479 0.920338 3.890400 -0.951294 -0.136780 0.276279 -0.000000 0.057510 -0.959190 -0.276852 -0.000000 0.000000 0.000000 0.000000 1.000000
0.295158 -0.236388 0.925744 3.890400 -0.952991 -0.142289 0.267512 0.000000 0.068486 -0.961184 -0.267273 0.000000 0.000000 0.000000 0.000000 1.000000
0.273049 -0.211922 0.938367 3.890400 -0.958416 -0.144047 0.246351 0.000000 0.082962 -0.966612 -0.242441 0.000000 0.000000 0.000000 0.000000 1.000000
0.259819 -0.199670 0.944789 3.890400 -0.962449 -0.133232 0.236519 -0.000000 0.078650 -0.970763 -0.226789 -0.000000 0.000000 0.000000 0.000000 1.000000
0.251566 -0.197120 0.947554 3.890400 -0.965437 -0.120056 0.231338 0.000000 0.068159 -0.973001 -0.220509 0.000000 0.000000 0.000000 0.000000 1.000000
