<?xml version="1.0" encoding="utf-8"?>
<COLLADA xmlns="http://www.collada.org/2005/11/COLLADASchema" version="1.4.1">
  <asset><contributor><author>Mixamo</author><authoring_tool>COLLADA Mixamo exporter</authoring_tool><comments></comments></contributor><created>2020-08-05T16:29:11Z</created><modified>2020-08-05T16:29:11Z</modified><revision></revision><title></title><unit meter="0.025400"/><up_axis>Y_UP</up_axis></asset>
  <library_animations>
    <animation id="Bip01-anim" name="Bip01"><source id="Bip01-Matrix-animation-input"><float_array id="Bip01-Matrix-animation-input-array" count="107">

0.000000 0.033333 0.066667 0.100000 0.133333 0.166667 0.200000 0.233333 0.266667 0.300000 0.333333 0.366667 0.400000 0.433333 0.466667 0.500000
0.533333 0.566667 0.600000 0.633333 0.666667 0.700000 0.733333 0.766667 0.800000 0.833333 0.866667 0.900000 0.933333 0.966667 1.000000 1.033333
1.066667 1.100000 1.133333 1.166667 1.200000 1.233333 1.266667 1.300000 1.333333 1.366667 1.400000 1.433333 1.466667 1.500000 1.533333 1.566667
1.600000 1.633333 1.666667 1.700000 1.733333 1.766667 1.800000 1.833333 1.866667 1.900000 1.933333 1.966667 2.000000 2.033333 2.066667 2.100000
2.133333 2.166667 2.200000 2.233333 2.266667 2.300000 2.333333 2.366667 2.400000 2.433333 2.466667 2.500000 2.533333 2.566667 2.600000 2.633333
2.666667 2.700000 2.733333 2.766667 2.800000 2.833333 2.866667 2.900000 2.933333 2.966667 3.000000 3.033333 3.066667 3.100000 3.133333 3.166667
3.200000 3.233333 3.266667 3.300000 3.333333 3.366667 3.400000 3.433333 3.466667 3.500000 3.533333</float_array><technique_common><accessor source="#Bip01-Matrix-animation-input-array" count="107"><param name="TIME" type="float"/></accessor></technique_common></source><source id="Bip01-Matrix-animation-output-transform"><float_array id="Bip01-Matrix-animation-output-transform-array" count="1712">

0.397242 0.172949 -0.901270 -1.405141 -0.001407 0.982195 0.187858 37.784966 0.917713 -0.073357 0.390413 0.406720 0.000000 0.000000 0.000000 1.000000
0.396102 0.144997 -0.906686 -1.038629 0.018708 0.985974 0.165850 37.785858 0.918016 -0.082656 0.387833 1.070360 0.000000 0.000000 0.000000 1.000000
0.390516 0.137953 -0.910201 -0.827569 0.029104 0.986364 0.161983 37.645565 0.920136 -0.089747 0.381176 1.664142 0.000000 0.000000 0.000000 1.000000
0.385790 0.139361 -0.912000 -0.716826 0.033051 0.985803 0.164620 37.390385 0.921995 -0.093651 0.375706 2.170878 0.000000 0.000000 0.000000 1.000000
0.387008 0.133497 -0.912361 -0.576340 0.037306 0.986387 0.160153 37.059158 0.921321 -0.096017 0.376760 2.568442 0.000000 0.000000 0.000000 1.000000
0.391742 0.129622 -0.910898 -0.451733 0.040022 0.986689 0.157619 36.749695 0.919204 -0.098202 0.381340 2.854514 0.000000 0.000000 0.000000 1.000000
0.395324 0.125688 -0.909902 -0.347940 0.043563 0.986914 0.155253 36.530437 0.917508 -0.101014 0.384675 3.043414 0.000000 0.000000 0.000000 1.000000
0.396726 0.122713 -0.909698 -0.284895 0.047134 0.986993 0.153695 36.442127 0.916726 -0.103853 0.385782 3.107587 0.000000 0.000000 0.000000 1.000000
0.397119 0.119482 -0.909956 -0.232826 0.050722 0.987117 0.151749 36.469578 0.916364 -0.106417 0.385942 3.091930 0.000000 0.000000 0.000000 1.000000
0.399078 0.117770 -0.909322 -0.230285 0.051704 0.987249 0.150554 36.636322 0.915458 -0.107099 0.387900 2.908412 0.000000 0.000000 0.000000 1.000000
0.401361 0.116168 -0.908523 -0.289108 0.050096 0.987655 0.148417 36.865871 0.914549 -0.105082 0.390587 2.583552 0.000000 0.000000 0.000000 1.000000
0.402401 0.114107 -0.908324 -0.372756 0.046659 0.988356 0.144832 37.105137 0.914274 -0.100662 0.392391 2.140372 0.000000 0.000000 0.000000 1.000000
0.407195 0.114083 -0.906189 -0.484109 0.041387 0.988845 0.143086 37.306610 0.912403 -0.095768 0.397931 1.602294 0.000000 0.000000 0.000000 1.000000
0.413854 0.109056 -0.903787 -0.562553 0.032724 0.990375 0.134489 37.443676 0.909755 -0.085234 0.406302 0.984965 0.000000 0.000000 0.000000 1.000000
0.417834 0.106655 -0.902241 -0.629489 0.022620 0.991556 0.127689 37.472218 0.908242 -0.073762 0.411894 0.333533 0.000000 0.000000 0.000000 1.000000
0.417977 0.108905 -0.901906 -0.672792 0.011513 0.992074 0.125128 37.367908 0.908385 -0.062684 0.413410 -0.346860 0.000000 0.000000 0.000000 1.000000
0.419279 0.113568 -0.900726 -0.664553 -0.001501 0.992230 0.124406 37.177822 0.907856 -0.050809 0.416192 -1.003552 0.000000 0.000000 0.000000 1.000000
0.419641 0.123765 -0.899213 -0.653339 -0.012644 0.991361 0.130547 36.940739 0.907602 -0.043414 0.417581 -1.586903 0.000000 0.000000 0.000000 1.000000
0.423346 0.134937 -0.895863 -0.664860 -0.021648 0.990070 0.138897 36.714794 0.905709 -0.039408 0.422064 -2.025014 0.000000 0.000000 0.000000 1.000000
0.429229 0.144354 -0.891585 -0.720059 -0.030089 0.988883 0.145621 36.562565 0.902694 -0.035678 0.428801 -2.330017 0.000000 0.000000 0.000000 1.000000
0.432773 0.152911 -0.888440 -0.805114 -0.034337 0.987591 0.153250 36.535675 0.900849 -0.035816 0.432653 -2.465839 0.000000 0.000000 0.000000 1.000000
0.436112 0.162149 -0.885163 -0.929048 -0.034705 0.985931 0.163509 36.642281 0.899223 -0.040588 0.435603 -2.435972 0.000000 0.000000 0.000000 1.000000
0.434144 0.163374 -0.885905 -1.016885 -0.030220 0.985505 0.166932 36.845387 0.900337 -0.045700 0.432788 -2.215999 0.000000 0.000000 0.000000 1.000000
0.427571 0.160583 -0.889605 -1.057296 -0.021995 0.985652 0.167350 37.077614 0.903714 -0.051987 0.424968 -1.833461 0.000000 0.000000 0.000000 1.000000
0.419004 0.158030 -0.894126 -1.056075 -0.013198 0.985694 0.168029 37.310455 0.907888 -0.058604 0.415095 -1.332502 0.000000 0.000000 0.000000 1.000000
0.408855 0.151487 -0.899938 -0.993050 -0.004650 0.986459 0.163939 37.487709 0.912587 -0.062843 0.404024 -0.783774 0.000000 0.000000 0.000000 1.000000
0.396002 0.139689 -0.907563 -0.809491 0.002389 0.988201 0.153143 37.582680 0.918247 -0.062813 0.390996 -0.240737 0.000000 0.000000 0.000000 1.000000
0.385514 0.125490 -0.914129 -0.613629 0.010263 0.990064 0.140242 37.551960 0.922645 -0.063447 0.380396 0.353630 0.000000 0.000000 0.000000 1.000000
0.378236 0.122082 -0.917624 -0.462005 0.015151 0.990317 0.137998 37.421898 0.925585 -0.066099 0.372724 0.948543 0.000000 0.000000 0.000000 1.000000
0.376677 0.123718 -0.918046 -0.351666 0.021930 0.989573 0.142355 37.197083 0.926085 -0.073755 0.370036 1.517045 0.000000 0.000000 0.000000 1.000000
0.381692 0.124218 -0.915904 -0.238136 0.027965 0.988922 0.145775 36.923660 0.923866 -0.081254 0.373991 1.985175 0.000000 0.000000 0.000000 1.000000
0.388660 0.121482 -0.913337 -0.102446 0.033236 0.988776 0.145659 36.668804 0.920781 -0.086968 0.380261 2.334156 0.000000 0.000000 0.000000 1.000000
0.389612 0.124857 -0.912476 -0.018137 0.036586 0.987888 0.150797 36.470348 0.920252 -0.092136 0.380325 2.591749 0.000000 0.000000 0.000000 1.000000
0.389984 0.127826 -0.911906 0.015301 0.038698 0.987168 0.154925 36.368858 0.920008 -0.095708 0.380033 2.741681 0.000000 0.000000 0.000000 1.000000
0.392056 0.130745 -0.910603 -0.000309 0.039070 0.986589 0.158477 36.383404 0.919111 -0.097709 0.381690 2.794533 0.000000 0.000000 0.000000 1.000000
0.393234 0.135838 -0.909349 -0.083638 0.039672 0.985598 0.164384 36.522907 0.918582 -0.100717 0.382181 2.749018 0.000000 0.000000 0.000000 1.000000
0.393322 0.134465 -0.909515 -0.187999 0.037835 0.986042 0.162141 36.764290 0.918622 -0.098185 0.382744 2.536425 0.000000 0.000000 0.000000 1.000000
0.390883 0.131313 -0.911026 -0.298381 0.035284 0.986906 0.157389 37.028713 0.919764 -0.093665 0.381131 2.211374 0.000000 0.000000 0.000000 1.000000
0.389817 0.129124 -0.911795 -0.427196 0.031868 0.987636 0.153489 37.266964 0.920341 -0.088890 0.380882 1.782909 0.000000 0.000000 0.000000 1.000000
0.388557 0.130195 -0.912180 -0.555957 0.028451 0.987800 0.153107 37.436047 0.920985 -0.085443 0.380112 1.282774 0.000000 0.000000 0.000000 1.000000
0.384208 0.125632 -0.914659 -0.633677 0.018900 0.989421 0.143839 37.507023 0.923053 -0.072551 0.377769 0.686366 0.000000 0.000000 0.000000 1.000000
0.380558 0.124294 -0.916366 -0.666047 0.007727 0.990464 0.137553 37.442322 0.924725 -0.059427 0.375969 0.048508 0.000000 0.000000 0.000000 1.000000
0.379644 0.125075 -0.916639 -0.675302 -0.004024 0.991033 0.133559 37.262882 0.925124 -0.047017 0.376743 -0.585264 0.000000 0.000000 0.000000 1.000000
0.381260 0.130837 -0.915163 -0.647078 -0.015779 0.990711 0.135064 37.016388 0.924333 -0.037054 0.379783 -1.149189 0.000000 0.000000 0.000000 1.000000
0.382104 0.136774 -0.913942 -0.582675 -0.027809 0.990241 0.136566 36.740993 0.923701 -0.026767 0.382178 -1.613516 0.000000 0.000000 0.000000 1.000000
0.384823 0.144077 -0.911676 -0.531059 -0.036818 0.989352 0.140811 36.534435 0.922256 -0.020622 0.386030 -1.932974 0.000000 0.000000 0.000000 1.000000
0.389176 0.149883 -0.908888 -0.530153 -0.041867 0.988532 0.145090 36.453644 0.920212 -0.018413 0.390988 -2.086846 0.000000 0.000000 0.000000 1.000000
0.390649 0.157328 -0.906996 -0.596122 -0.044377 0.987360 0.152154 36.492191 0.919469 -0.019189 0.392693 -2.092608 0.000000 0.000000 0.000000 1.000000
0.393029 0.167338 -0.904172 -0.721449 -0.045354 0.985633 0.162700 36.673817 0.918407 -0.022938 0.394971 -1.939946 0.000000 0.000000 0.000000 1.000000
0.389598 0.168328 -0.905472 -0.782367 -0.040877 0.985347 0.165589 36.919907 0.920077 -0.027501 0.390770 -1.621540 0.000000 0.000000 0.000000 1.000000
0.383706 0.168093 -0.908028 -0.790205 -0.034305 0.985210 0.167884 37.168079 0.922818 -0.033268 0.383797 -1.183701 0.000000 0.000000 0.000000 1.000000
0.376139 0.171652 -0.910525 -0.758496 -0.025856 0.984252 0.174870 37.373051 0.926202 -0.042233 0.374654 -0.648174 0.000000 0.000000 0.000000 1.000000
0.360910 0.196368 -0.911693 -0.854356 -0.023067 0.979162 0.201768 37.484936 0.932315 -0.051790 0.357918 -0.097222 0.000000 0.000000 0.000000 1.000000
0.329301 0.236539 -0.914117 -1.079038 -0.019742 0.969627 0.243791 37.487572 0.944019 -0.062234 0.323969 0.487267 0.000000 0.000000 0.000000 1.000000
0.291078 0.274306 -0.916531 -1.258573 -0.009385 0.958787 0.283972 37.377102 0.956653 -0.074056 0.281656 1.149434 0.000000 0.000000 0.000000 1.000000
0.261858 0.300461 -0.917144 -1.306866 0.002384 0.950100 0.311938 37.181816 0.965103 -0.083870 0.248075 1.790643 0.000000 0.000000 0.000000 1.000000
0.256840 0.305612 -0.916861 -1.209535 0.011361 0.947666 0.319062 36.929337 0.966387 -0.092365 0.239926 2.289121 0.000000 0.000000 0.000000 1.000000
0.262336 0.307562 -0.914650 -1.092574 0.015909 0.946340 0.322781 36.679104 0.964845 -0.099228 0.243366 2.642028 0.000000 0.000000 0.000000 1.000000
0.265160 0.309011 -0.913347 -0.990441 0.018649 0.945433 0.325281 36.471828 0.964024 -0.103285 0.244928 2.865577 0.000000 0.000000 0.000000 1.000000
0.264378 0.309104 -0.913542 -0.913274 0.020258 0.945257 0.325697 36.346607 0.964206 -0.104614 0.243644 2.977470 0.000000 0.000000 0.000000 1.000000
0.265544 0.309708 -0.912999 -0.888564 0.020594 0.944959 0.326539 36.332844 0.963879 -0.105513 0.244550 2.990103 0.000000 0.000000 0.000000 1.000000
0.267941 0.308885 -0.912577 -0.867971 0.024830 0.944683 0.327043 36.408806 0.963115 -0.110287 0.245450 2.942281 0.000000 0.000000 0.000000 1.000000
0.273266 0.313063 -0.909570 -0.944928 0.023769 0.943073 0.331735 36.606415 0.961645 -0.112271 0.250268 2.717260 0.000000 0.000000 0.000000 1.000000
0.273971 0.309691 -0.910512 -1.022868 0.023368 0.944313 0.328219 36.844723 0.961454 -0.111199 0.251477 2.375657 0.000000 0.000000 0.000000 1.000000
0.273257 0.303990 -0.912645 -1.111660 0.021092 0.946632 0.321625 37.061138 0.961710 -0.107136 0.252262 1.916898 0.000000 0.000000 0.000000 1.000000
0.276238 0.310890 -0.909417 -1.281745 0.013954 0.944839 0.327238 37.216331 0.960988 -0.103086 0.256662 1.356868 0.000000 0.000000 0.000000 1.000000
0.279081 0.306386 -0.910078 -1.372700 0.010440 0.946709 0.321920 37.292366 0.960211 -0.099343 0.261010 0.771783 0.000000 0.000000 0.000000 1.000000
0.280043 0.296426 -0.913076 -1.398483 0.003258 0.950834 0.309683 37.244781 0.959982 -0.089699 0.265308 0.108488 0.000000 0.000000 0.000000 1.000000
0.279605 0.301416 -0.911575 -1.468351 -0.009949 0.950302 0.311169 37.077869 0.960064 -0.077935 0.268708 -0.547316 0.000000 0.000000 0.000000 1.000000
0.277916 0.297322 -0.913434 -1.433061 -0.019849 0.952469 0.303988 36.851524 0.960400 -0.066352 0.270608 -1.149353 0.000000 0.000000 0.000000 1.000000
0.277274 0.297593 -0.913541 -1.402069 -0.028810 0.952970 0.301693 36.598808 0.960359 -0.057333 0.272808 -1.650737 0.000000 0.000000 0.000000 1.000000
0.284154 0.296996 -0.911619 -1.411904 -0.035445 0.953417 0.299565 36.413338 0.958123 -0.052810 0.281444 -2.003172 0.000000 0.000000 0.000000 1.000000
0.292665 0.299697 -0.908036 -1.505935 -0.040860 0.952667 0.301258 36.352802 0.955342 -0.051066 0.291058 -2.192519 0.000000 0.000000 0.000000 1.000000
0.299973 0.304790 -0.903947 -1.653233 -0.045548 0.951080 0.305567 36.452976 0.952860 -0.050489 0.299181 -2.226677 0.000000 0.000000 0.000000 1.000000
0.301937 0.306857 -0.902592 -1.793253 -0.043094 0.950206 0.308628 36.702110 0.952353 -0.054290 0.300126 -2.068802 0.000000 0.000000 0.000000 1.000000
0.299866 0.306283 -0.903477 -1.906822 -0.037523 0.950114 0.309639 36.991325 0.953243 -0.058949 0.296399 -1.738248 0.000000 0.000000 0.000000 1.000000
0.292930 0.305095 -0.906151 -1.977165 -0.031698 0.950302 0.309713 37.252621 0.955608 -0.062001 0.288043 -1.273338 0.000000 0.000000 0.000000 1.000000
0.286727 0.303374 -0.908709 -2.001240 -0.026086 0.950656 0.309147 37.457947 0.957657 -0.064936 0.280493 -0.710610 0.000000 0.000000 0.000000 1.000000
0.281724 0.299508 -0.911552 -1.981621 -0.019166 0.951599 0.306743 37.572853 0.959304 -0.068947 0.273829 -0.119709 0.000000 0.000000 0.000000 1.000000
0.275104 0.295271 -0.914950 -1.913018 -0.010948 0.952571 0.304120 37.576530 0.961352 -0.073648 0.265289 0.459989 0.000000 0.000000 0.000000 1.000000
0.272399 0.296814 -0.915260 -1.819682 -0.003953 0.951568 0.307412 37.436058 0.962176 -0.080121 0.260379 1.080987 0.000000 0.000000 0.000000 1.000000
0.271576 0.295592 -0.915900 -1.717155 0.004484 0.951267 0.308336 37.180435 0.962406 -0.087844 0.257016 1.654288 0.000000 0.000000 0.000000 1.000000
0.272580 0.289117 -0.917666 -1.588020 0.012856 0.952604 0.303943 36.860802 0.962047 -0.094647 0.255944 2.140417 0.000000 0.000000 0.000000 1.000000
0.295516 0.239778 -0.924758 -1.176805 0.021250 0.966101 0.257288 36.552387 0.955102 -0.095684 0.280403 2.455045 0.000000 0.000000 0.000000 1.000000
0.321748 0.211174 -0.922976 -0.905422 0.026303 0.972441 0.231660 36.301800 0.946460 -0.098814 0.307327 2.709378 0.000000 0.000000 0.000000 1.000000
0.335601 0.199645 -0.920605 -0.784571 0.032233 0.974277 0.223035 36.169426 0.941452 -0.104525 0.320534 2.917969 0.000000 0.000000 0.000000 1.000000
0.347324 0.201413 -0.915860 -0.775525 0.035937 0.973085 0.227627 36.166206 0.937056 -0.111974 0.330738 3.021881 0.000000 0.000000 0.000000 1.000000
0.356905 0.201497 -0.912150 -0.809175 0.037110 0.972630 0.229377 36.322964 0.933403 -0.115715 0.339659 2.985051 0.000000 0.000000 0.000000 1.000000
0.364074 0.197857 -0.910111 -0.868846 0.035315 0.973540 0.225773 36.603710 0.930700 -0.114339 0.347453 2.766351 0.000000 0.000000 0.000000 1.000000
0.368405 0.193767 -0.909248 -0.953952 0.032031 0.974812 0.220717 36.928497 0.929114 -0.110437 0.352919 2.414186 0.000000 0.000000 0.000000 1.000000
0.372936 0.187930 -0.908626 -1.044933 0.029427 0.976385 0.214022 37.220051 0.927390 -0.106554 0.358599 1.960223 0.000000 0.000000 0.000000 1.000000
0.374080 0.198391 -0.905928 -1.269883 0.021195 0.974767 0.222218 37.435703 0.927154 -0.102328 0.360435 1.432171 0.000000 0.000000 0.000000 1.000000
0.379124 0.194793 -0.904611 -1.389018 0.013199 0.976354 0.215774 37.565014 0.925252 -0.093745 0.367588 0.854126 0.000000 0.000000 0.000000 1.000000
0.385633 0.189446 -0.902994 -1.480658 0.005497 0.978204 0.207573 37.547615 0.922636 -0.085011 0.376186 0.234919 0.000000 0.000000 0.000000 1.000000
0.390134 0.188930 -0.901166 -1.569945 -0.005238 0.979162 0.203014 37.412785 0.920743 -0.074482 0.382994 -0.381632 0.000000 0.000000 0.000000 1.000000
0.391276 0.194098 -0.899572 -1.646693 -0.018178 0.978944 0.203317 37.198189 0.920094 -0.063201 0.386566 -0.985675 0.000000 0.000000 0.000000 1.000000
0.395993 0.199978 -0.896213 -1.704500 -0.031362 0.978374 0.204453 36.939087 0.917718 -0.052856 0.393701 -1.533801 0.000000 0.000000 0.000000 1.000000
0.404292 0.208182 -0.890622 -1.762579 -0.042971 0.977000 0.208866 36.692516 0.913620 -0.046172 0.403939 -1.970815 0.000000 0.000000 0.000000 1.000000
0.416670 0.221905 -0.881558 -1.875614 -0.054050 0.974081 0.219648 36.526146 0.907450 -0.043873 0.417864 -2.240564 0.000000 0.000000 0.000000 1.000000
0.424115 0.232318 -0.875303 -1.989253 -0.060723 0.971656 0.228469 36.486759 0.903570 -0.043746 0.426201 -2.368746 0.000000 0.000000 0.000000 1.000000
0.426632 0.242734 -0.871244 -2.098768 -0.062478 0.968920 0.239353 36.569332 0.902265 -0.047682 0.428538 -2.378313 0.000000 0.000000 0.000000 1.000000
0.424959 0.245602 -0.871257 -2.167214 -0.060818 0.968061 0.243226 36.790993 0.903167 -0.050373 0.426323 -2.219033 0.000000 0.000000 0.000000 1.000000
0.418608 0.242035 -0.875321 -2.166799 -0.052262 0.968655 0.242850 37.069923 0.906662 -0.055913 0.418136 -1.869467 0.000000 0.000000 0.000000 1.000000
0.409379 0.233274 -0.882039 -2.094805 -0.043838 0.970674 0.236369 37.340485 0.911311 -0.058098 0.407600 -1.412706 0.000000 0.000000 0.000000 1.000000
0.400499 0.225992 -0.887991 -2.011270 -0.035884 0.972233 0.231247 37.556183 0.915594 -0.060750 0.397488 -0.867298 0.000000 0.000000 0.000000 1.000000
0.396228 0.208669 -0.894126 -1.810762 -0.023685 0.975831 0.217241 37.701599 0.917847 -0.064899 0.391593 -0.268238 0.000000 0.000000 0.000000 1.000000
0.397242 0.172949 -0.901270 -1.405141 -0.001407 0.982195 0.187858 37.784966 0.917713 -0.073357 0.390413 0.406720 0.000000 0.000000 0.000000 1.000000</float_array><technique_common><accessor source="#Bip01-Matrix-animation-output-transform-array" count="107" stride="16"><param type="float4x4"/></accessor></technique_common></source><source id="Bip01-Interpolations"><Name_array id="Bip01-Interpolations-array" count="107">
 LINEAR LINEAR LINEAR LINEAR LINEAR LINEAR LINEAR LINEAR LINEAR LINEAR LINEAR
LINEAR LINEAR LINEAR LINEAR LINEAR LINEAR LINEAR LINEAR LINEAR LINEAR LINEAR LINEAR
LINEAR LINEAR LINEAR LINEAR LINEAR LINEAR LINEAR LINEAR LINEAR LINEAR LINEAR LINEAR
LINEAR LINEAR LINEAR LINEAR LINEAR LINEAR LINEAR LINEAR LINEAR LINEAR LINEAR LINEAR
LINEAR LINEAR LINEAR LINEAR LINEAR LINEAR LINEAR LINEAR LINEAR LINEAR LINEAR LINEAR
LINEAR LINEAR LINEAR LINEAR LINEAR LINEAR LINEAR LINEAR LINEAR LINEAR LINEAR LINEAR
LINEAR LINEAR LINEAR LINEAR LINEAR LINEAR LINEAR LINEAR LINEAR LINEAR LINEAR LINEAR
LINEAR LINEAR LINEAR LINEAR LINEAR LINEAR LINEAR LINEAR LINEAR LINEAR LINEAR LINEAR
LINEAR LINEAR LINEAR LINEAR LINEAR LINEAR LINEAR LINEAR LINEAR LINEAR LINEAR LINEAR</Name_array><technique_common><accessor source="#Bip01-Interpolations-array" count="107"><param type="name"/></accessor></technique_common></source><sampler id="Bip01-Matrix-animation-transform"><input semantic="INPUT" source="#Bip01-Matrix-animation-input"/><input semantic="OUTPUT" source="#Bip01-Matrix-animation-output-transform"/><input semantic="INTERPOLATION" source="#Bip01-Interpolations"/></sampler><channel source="#Bip01-Matrix-animation-transform" target="Bip01/matrix"/></animation>
    <animation id="Bip01_Pelvis-anim" name="Bip01_Pelvis"><source id="Bip01_Pelvis-Matrix-animation-input"><float_array id="Bip01_Pelvis-Matrix-animation-input-array" count="107">

0.000000 0.033333 0.066667 0.100000 0.133333 0.166667 0.200000 0.233333 0.266667 0.300000 0.333333 0.366667 0.400000 0.433333 0.466667 0.500000
0.533333 0.566667 0.600000 0.633333 0.666667 0.700000 0.733333 0.766667 0.800000 0.833333 0.866667 0.900000 0.933333 0.966667 1.000000 1.033333
1.066667 1.100000 1.133333 1.166667 1.200000 1.233333 1.266667 1.300000 1.333333 1.366667 1.400000 1.433333 1.466667 1.500000 1.533333 1.566667
1.600000 1.633333 1.666667 1.700000 1.733333 1.766667 1.800000 1.833333 1.866667 1.900000 1.933333 1.966667 2.000000 2.033333 2.066667 2.100000
2.133333 2.166667 2.200000 2.233333 2.266667 2.300000 2.333333 2.366667 2.400000 2.433333 2.466667 2.500000 2.533333 2.566667 2.600000 2.633333
2.666667 2.700000 2.733333 2.766667 2.800000 2.833333 2.866667 2.900000 2.933333 2.966667 3.000000 3.033333 3.066667 3.100000 3.133333 3.166667
3.200000 3.233333 3.266667 3.300000 3.333333 3.366667 3.400000 3.433333 3.466667 3.500000 3.533333</float_array><technique_common><accessor source="#Bip01_Pelvis-Matrix-animation-input-array" count="107"><param name="TIME" type="float"/></accessor></technique_common></source><source id="Bip01_Pelvis-Matrix-animation-output-transform"><float_array id="Bip01_Pelvis-Matrix-animation-output-transform-array" count="1712">

1.000000 0.000000 -0.000000 0.000000 -0.000000 1.000000 0.000000 0.000000 -0.000000 0.000000 1.000000 0.000000 0.000000 0.000000 0.000000 1.000000
1.000000 -0.000000 0.000000 0.000000 -0.000000 1.000000 -0.000000 0.000000 -0.000000 0.000000 1.000000 0.000000 0.000000 0.000000 0.000000 1.000000
1.000000 -0.000000 0.000000 0.000000 -0.000000 1.000000 -0.000000 0.000000 -0.000000 -0.000000 1.000000 0.000000 0.000000 0.000000 0.000000 1.000000
1.000000 0.000000 0.000000 0.000000 0.000000 1.000000 -0.000000 0.000000 0.000000 0.000000 1.000000 0.000000 0.000000 0.000000 0.000000 1.000000
1.000000 -0.000000 0.000000 0.000000 -0.000000 1.000000 -0.000000 0.000000 -0.000000 0.000000 1.000000 0.000000 0.000000 0.000000 0.000000 1.000000
1.000000 0.000000 -0.000000 0.000000 0.000000 1.000000 0.000000 0.000000 -0.000000 -0.000000 1.000000 0.000000 0.000000 0.000000 0.000000 1.000000
1.000000 0.000000 0.000000 0.000000 0.000000 1.000000 -0.000000 0.000000 0.000000 0.000000 1.000000 0.000000 0.000000 0.000000 0.000000 1.000000
1.000000 0.000000 -0.000000 0.000000 -0.000000 1.000000 -0.000000 0.000000 0.000000 0.000000 1.000000 0.000000 0.000000 0.000000 0.000000 1.000000
1.000000 -0.000000 0.000000 0.000000 0.000000 1.000000 0.000000 0.000000 0.000000 0.000000 1.000000 0.000000 0.000000 0.000000 0.000000 1.000000
1.000000 0.000000 0.000000 0.000000 -0.000000 1.000000 -0.000000 0.000000 -0.000000 -0.000000 1.000000 0.000000 0.000000 0.000000 0.000000 1.000000
1.000000 0.000000 0.000000 0.000000 0.000000 1.000000 0.000000 0.000000 0.000000 -0.000000 1.000000 0.000000 0.000000 0.000000 0.000000 1.000000
1.000000 0.000000 -0.000000 0.000000 0.000000 1.000000 -0.000000 0.000000 -0.000000 0.000000 1.000000 0.000000 0.000000 0.000000 0.000000 1.000000
1.000000 -0.000000 0.000000 0.000000 0.000000 1.000000 -0.000000 0.000000 -0.000000 0.000000 1.000000 0.000000 0.000000 0.000000 0.000000 1.000000
1.000000 0.000000 0.000000 0.000000 0.000000 1.000000 -0.000000 0.000000 0.000000 0.000000 1.000000 0.000000 0.000000 0.000000 0.000000 1.000000
1.000000 0.000000 -0.000000 0.000000 0.000000 1.000000 0.000000 0.000000 -0.000000 -0.000000 1.000000 0.000000 0.000000 0.000000 0.000000 1.000000
1.000000 -0.000000 0.000000 0.000000 -0.000000 1.000000 0.000000 0.000000 0.000000 0.000000 1.000000 0.000000 0.000000 0.000000 0.000000 1.000000
1.000000 0.000000 -0.000000 0.000000 0.000000 1.000000 0.000000 0.000000 -0.000000 0.000000 1.000000 0.000000 0.000000 0.000000 0.000000 1.000000
1.000000 0.000000 0.000000 0.000000 -0.000000 1.000000 0.000000 0.000000 0.000000 0.000000 1.000000 0.000000 0.000000 0.000000 0.000000 1.000000
1.000000 0.000000 0.000000 0.000000 -0.000000 1.000000 0.000000 0.000000 0.000000 -0.000000 1.000000 0.000000 0.000000 0.000000 0.000000 1.000000
1.000000 -0.000000 0.000000 0.000000 -0.000000 1.000000 0.000000 0.000000 0.000000 0.000000 1.000000 0.000000 0.000000 0.000000 0.000000 1.000000
1.000000 -0.000000 0.000000 0.000000 0.000000 1.000000 -0.000000 0.000000 0.000000 -0.000000 1.000000 0.000000 0.000000 0.000000 0.000000 1.000000
1.000000 0.000000 0.000000 0.000000 -0.000000 1.000000 0.000000 0.000000 -0.000000 0.000000 1.000000 0.000000 0.000000 0.000000 0.000000 1.000000
1.000000 0.000000 0.000000 0.000000 -0.000000 1.000000 0.000000 0.000000 0.000000 -0.000000 1.000000 0.000000 0.000000 0.000000 0.000000 1.000000
1.000000 -0.000000 0.000000 0.000000 0.000000 1.000000 -0.000000 0.000000 0.000000 0.000000 1.000000 0.000000 0.000000 0.000000 0.000000 1.000000
1.000000 -0.000000 0.000000 0.000000 0.000000 1.000000 -0.000000 0.000000 0.000000 0.000000 1.000000 0.000000 0.000000 0.000000 0.000000 1.000000
1.000000 -0.000000 0.000000 0.000000 0.000000 1.000000 -0.000000 0.000000 0.000000 0.000000 1.000000 0.000000 0.000000 0.000000 0.000000 1.000000
1.000000 0.000000 0.000000 0.000000 0.000000 1.000000 0.000000 0.000000 0.000000 -0.000000 1.000000 0.000000 0.000000 0.000000 0.000000 1.000000
1.000000 0.000000 -0.000000 0.000000 0.000000 1.000000 -0.000000 0.000000 0.000000 0.000000 1.000000 0.000000 0.000000 0.000000 0.000000 1.000000
1.000000 -0.000000 0.000000 0.000000 0.000000 1.000000 -0.000000 0.000000 0.000000 -0.000000 1.000000 0.000000 0.000000 0.000000 0.000000 1.000000
1.000000 0.000000 0.000000 0.000000 0.000000 1.000000 -0.000000 0.000000 0.000000 -0.000000 1.000000 0.000000 0.000000 0.000000 0.000000 1.000000
1.000000 0.000000 0.000000 0.000000 0.000000 1.000000 0.000000 0.000000 0.000000 0.000000 1.000000 0.000000 0.000000 0.000000 0.000000 1.000000
1.000000 -0.000000 0.000000 0.000000 0.000000 1.000000 -0.000000 0.000000 0.000000 -0.000000 1.000000 0.000000 0.000000 0.000000 0.000000 1.000000
1.000000 0.000000 0.000000 0.000000 0.000000 1.000000 -0.000000 0.000000 0.000000 0.000000 1.000000 0.000000 0.000000 0.000000 0.000000 1.000000
1.000000 0.000000 0.000000 0.000000 -0.000000 1.000000 0.000000 0.000000 0.000000 -0.000000 1.000000 0.000000 0.000000 0.000000 0.000000 1.000000
1.000000 -0.000000 -0.000000 0.000000 0.000000 1.000000 -0.000000 0.000000 -0.000000 -0.000000 1.000000 0.000000 0.000000 0.000000 0.000000 1.000000
1.000000 -0.000000 -0.000000 0.000000 0.000000 1.000000 0.000000 0.000000 0.000000 -0.000000 1.000000 0.000000 0.000000 0.000000 0.000000 1.000000
1.000000 0.000000 0.000000 0.000000 0.000000 1.000000 -0.000000 0.000000 -0.000000 0.000000 1.000000 0.000000 0.000000 0.000000 0.000000 1.000000
1.000000 -0.000000 0.000000 0.000000 0.000000 1.000000 0.000000 0.000000 0.000000 -0.000000 1.000000 0.000000 0.000000 0.000000 0.000000 1.000000
1.000000 0.000000 -0.000000 0.000000 -0.000000 1.000000 0.000000 0.000000 -0.000000 0.000000 1.000000 0.000000 0.000000 0.000000 0.000000 1.000000
1.000000 0.000000 0.000000 0.000000 0.000000 1.000000 0.000000 0.000000 -0.000000 -0.000000 1.000000 0.000000 0.000000 0.000000 0.000000 1.000000
1.000000 0.000000 -0.000000 0.000000 0.000000 1.000000 -0.000000 0.000000 0.000000 -0.000000 1.000000 0.000000 0.000000 0.000000 0.000000 1.000000
1.000000 -0.000000 0.000000 0.000000 0.000000 1.000000 -0.000000 0.000000 0.000000 -0.000000 1.000000 0.000000 0.000000 0.000000 0.000000 1.000000
1.000000 -0.000000 0.000000 0.000000 0.000000 1.000000 0.000000 0.000000 0.000000 0.000000 1.000000 0.000000 0.000000 0.000000 0.000000 1.000000
1.000000 0.000000 0.000000 0.000000 0.000000 1.000000 0.000000 0.000000 0.000000 0.000000 1.000000 0.000000 0.000000 0.000000 0.000000 1.000000
1.000000 0.000000 0.000000 0.000000 0.000000 1.000000 -0.000000 0.000000 0.000000 -0.000000 1.000000 0.000000 0.000000 0.000000 0.000000 1.000000
1.000000 0.000000 -0.000000 0.000000 0.000000 1.000000 -0.000000 0.000000 0.000000 -0.000000 1.000000 0.000000 0.000000 0.000000 0.000000 1.000000
1.000000 0.000000 0.000000 0.000000 0.000000 1.000000 -0.000000 0.000000 0.000000 0.000000 1.000000 0.000000 0.000000 0.000000 0.000000 1.000000
1.000000 -0.000000 0.000000 0.000000 0.000000 1.000000 0.000000 0.000000 -0.000000 -0.000000 1.000000 0.000000 0.000000 0.000000 0.000000 1.000000
1.000000 0.000000 0.000000 0.000000 0.000000 1.000000 -0.000000 0.000000 0.000000 -0.000000 1.000000 0.000000 0.000000 0.000000 0.000000 1.000000
1.000000 0.000000 0.000000 0.000000 0.000000 1.000000 -0.000000 0.000000 -0.000000 -0.000000 1.000000 0.000000 0.000000 0.000000 0.000000 1.000000
1.000000 -0.000000 0.000000 0.000000 -0.000000 1.000000 -0.000000 0.000000 0.000000 0.000000 1.000000 0.000000 0.000000 0.000000 0.000000 1.000000
1.000000 -0.000000 0.000000 0.000000 0.000000 1.000000 -0.000000 0.000000 -0.000000 -0.000000 1.000000 0.000000 0.000000 0.000000 0.000000 1.000000
1.000000 -0.000000 0.000000 0.000000 0.000000 1.000000 -0.000000 0.000000 0.000000 -0.000000 1.000000 0.000000 0.000000 0.000000 0.000000 1.000000
1.000000 0.000000 -0.000000 0.000000 0.000000 1.000000 0.000000 0.000000 -0.000000 0.000000 1.000000 0.000000 0.000000 0.000000 0.000000 1.000000
1.000000 0.000000 0.000000 0.000000 0.000000 1.000000 -0.000000 0.000000 0.000000 0.000000 1.000000 0.000000 0.000000 0.000000 0.000000 1.000000
1.000000 0.000000 -0.000000 0.000000 0.000000 1.000000 0.000000 0.000000 0.000000 0.000000 1.000000 0.000000 0.000000 0.000000 0.000000 1.000000
1.000000 0.000000 0.000000 0.000000 0.000000 1.000000 0.000000 0.000000 0.000000 -0.000000 1.000000 0.000000 0.000000 0.000000 0.000000 1.000000
1.000000 -0.000000 0.000000 0.000000 0.000000 1.000000 -0.000000 0.000000 0.000000 -0.000000 1.000000 0.000000 0.000000 0.000000 0.000000 1.000000
1.000000 0.000000 0.000000 0.000000 0.000000 1.000000 0.000000 0.000000 0.000000 -0.000000 1.000000 0.000000 0.000000 0.000000 0.000000 1.000000
1.000000 0.000000 -0.000000 0.000000 -0.000000 1.000000 -0.000000 0.000000 0.000000 -0.000000 1.000000 0.000000 0.000000 0.000000 0.000000 1.000000
1.000000 0.000000 -0.000000 0.000000 0.000000 1.000000 0.000000 0.000000 0.000000 -0.000000 1.000000 0.000000 0.000000 0.000000 0.000000 1.000000
1.000000 0.000000 -0.000000 0.000000 -0.000000 1.000000 0.000000 0.000000 0.000000 0.000000 1.000000 0.000000 0.000000 0.000000 0.000000 1.000000
1.000000 -0.000000 0.000000 0.000000 -0.000000 1.000000 0.000000 0.000000 0.000000 -0.000000 1.000000 0.000000 0.000000 0.000000 0.000000 1.000000
1.000000 0.000000 0.000000 0.000000 0.000000 1.000000 -0.000000 0.000000 0.000000 -0.000000 1.000000 0.000000 0.000000 0.000000 0.000000 1.000000
1.000000 0.000000 -0.000000 0.000000 0.000000 1.000000 0.000000 0.000000 0.000000 -0.000000 1.000000 0.000000 0.000000 0.000000 0.000000 1.000000
1.000000 0.000000 -0.000000 0.000000 0.000000 1.000000 -0.000000 0.000000 0.000000 -0.000000 1.000000 0.000000 0.000000 0.000000 0.000000 1.000000
1.000000 0.000000 -0.000000 0.000000 -0.000000 1.000000 -0.000000 0.000000 -0.000000 -0.000000 1.000000 0.000000 0.000000 0.000000 0.000000 1.000000
1.000000 0.000000 -0.000000 0.000000 0.000000 1.000000 -0.000000 0.000000 0.000000 0.000000 1.000000 0.000000 0.000000 0.000000 0.000000 1.000000
1.000000 -0.000000 -0.000000 0.000000 0.000000 1.000000 0.000000 0.000000 0.000000 0.000000 1.000000 0.000000 0.000000 0.000000 0.000000 1.000000
1.000000 -0.000000 0.000000 0.000000 -0.000000 1.000000 0.000000 0.000000 0.000000 0.000000 1.000000 0.000000 0.000000 0.000000 0.000000 1.000000
1.000000 0.000000 -0.000000 0.000000 0.000000 1.000000 -0.000000 0.000000 -0.000000 -0.000000 1.000000 0.000000 0.000000 0.000000 0.000000 1.000000
1.000000 -0.000000 0.000000 0.000000 -0.000000 1.000000 0.000000 0.000000 0.000000 -0.000000 1.000000 0.000000 0.000000 0.000000 0.000000 1.000000
1.000000 -0.000000 0.000000 0.000000 -0.000000 1.000000 0.000000 0.000000 0.000000 0.000000 1.000000 0.000000 0.000000 0.000000 0.000000 1.000000
1.000000 -0.000000 0.000000 0.000000 -0.000000 1.000000 0.000000 0.000000 -0.000000 -0.000000 1.000000 0.000000 0.000000 0.000000 0.000000 1.000000
1.000000 0.000000 0.000000 0.000000 0.000000 1.000000 -0.000000 0.000000 -0.000000 0.000000 1.000000 0.000000 0.000000 0.000000 0.000000 1.000000
1.000000 0.000000 0.000000 0.000000 0.000000 1.000000 -0.000000 0.000000 0.000000 -0.000000 1.000000 0.000000 0.000000 0.000000 0.000000 1.000000
1.000000 -0.000000 0.000000 0.000000 -0.000000 1.000000 0.000000 0.000000 0.000000 0.000000 1.000000 0.000000 0.000000 0.000000 0.000000 1.000000
1.000000 0.000000 -0.000000 0.000000 0.000000 1.000000 -0.000000 0.000000 0.000000 -0.000000 1.000000 0.000000 0.000000 0.000000 0.000000 1.000000
1.000000 0.000000 -0.000000 0.000000 -0.000000 1.000000 0.000000 0.000000 -0.000000 -0.000000 1.000000 0.000000 0.000000 0.000000 0.000000 1.000000
1.000000 0.000000 0.000000 0.000000 -0.000000 1.000000 0.000000 0.000000 0.000000 -0.000000 1.000000 0.000000 0.000000 0.000000 0.000000 1.000000
1.000000 0.000000 0.000000 0.000000 -0.000000 1.000000 0.000000 0.000000 0.000000 -0.000000 1.000000 0.000000 0.000000 0.000000 0.000000 1.000000
1.000000 0.000000 -0.000000 0.000000 -0.000000 1.000000 0.000000 0.000000 0.000000 -0.000000 1.000000 0.000000 0.000000 0.000000 0.000000 1.000000
1.000000 0.000000 -0.000000 0.000000 0.000000 1.000000 0.000000 0.000000 -0.000000 -0.000000 1.000000 0.000000 0.000000 0.000000 0.000000 1.000000
1.000000 0.000000 -0.000000 0.000000 0.000000 1.000000 -0.000000 0.000000 0.000000 0.000000 1.000000 0.000000 0.000000 0.000000 0.000000 1.000000
1.000000 -0.000000 -0.000000 0.000000 0.000000 1.000000 -0.000000 0.000000 0.000000 0.000000 1.000000 0.000000 0.000000 0.000000 0.000000 1.000000
1.000000 0.000000 0.000000 0.000000 0.000000 1.000000 0.000000 0.000000 0.000000 0.000000 1.000000 0.000000 0.000000 0.000000 0.000000 1.000000
1.000000 0.000000 -0.000000 0.000000 0.000000 1.000000 0.000000 0.000000 0.000000 0.000000 1.000000 0.000000 0.000000 0.000000 0.000000 1.000000
1.000000 -0.000000 0.000000 0.000000 -0.000000 1.000000 -0.000000 0.000000 0.000000 -0.000000 1.000000 0.000000 0.000000 0.000000 0.000000 1.000000
1.000000 -0.000000 0.000000 0.000000 0.000000 1.000000 -0.000000 0.000000 0.000000 0.000000 1.000000 0.000000 0.000000 0.000000 0.000000 1.000000
1.000000 0.000000 0.000000 0.000000 0.000000 1.000000 -0.000000 0.000000 0.000000 -0.000000 1.000000 0.000000 0.000000 0.000000 0.000000 1.000000
1.000000 0.000000 0.000000 0.000000 -0.000000 1.000000 -0.000000 0.000000 0.000000 -0.000000 1.000000 0.000000 0.000000 0.000000 0.000000 1.000000
1.000000 0.000000 0.000000 0.000000 0.000000 1.000000 -0.000000 0.000000 0.000000 -0.000000 1.000000 0.000000 0.000000 0.000000 0.000000 1.000000
1.000000 0.000000 0.000000 0.000000 0.000000 1.000000 0.000000 0.000000 0.000000 -0.000000 1.000000 0.000000 0.000000 0.000000 0.000000 1.000000
1.000000 0.000000 -0.000000 0.000000 -0.000000 1.000000 0.000000 0.000000 0.000000 0.000000 1.000000 0.000000 0.000000 0.000000 0.000000 1.000000
1.000000 0.000000 -0.000000 0.000000 0.000000 1.000000 0.000000 0.000000 0.000000 0.000000 1.000000 0.000000 0.000000 0.000000 0.000000 1.000000
1.000000 0.000000 -0.000000 0.000000 -0.000000 1.000000 0.000000 0.000000 0.000000 0.000000 1.000000 0.000000 0.000000 0.000000 0.000000 1.000000
1.000000 -0.000000 0.000000 0.000000 -0.000000 1.000000 0.000000 0.000000 -0.000000 -0.000000 1.000000 0.000000 0.000000 0.000000 0.000000 1.000000
1.000000 -0.000000 0.000000 0.000000 0.000000 1.000000 -0.000000 0.000000 0.000000 0.000000 1.000000 0.000000 0.000000 0.000000 0.000000 1.000000
1.000000 0.000000 -0.000000 0.000000 -0.000000 1.000000 0.000000 0.000000 0.000000 0.000000 1.000000 0.000000 0.000000 0.000000 0.000000 1.000000
1.000000 -0.000000 0.000000 0.000000 0.000000 1.000000 0.000000 0.000000 0.000000 -0.000000 1.000000 0.000000 0.000000 0.000000 0.000000 1.000000
1.000000 0.000000 0.000000 0.000000 0.000000 1.000000 -0.000000 0.000000 0.000000 0.000000 1.000000 0.000000 0.000000 0.000000 0.000000 1.000000
1.000000 0.000000 0.000000 0.000000 -0.000000 1.000000 -0.000000 0.000000 0.000000 0.000000 1.000000 0.000000 0.000000 0.000000 0.000000 1.000000
1.000000 0.000000 -0.000000 0.000000 0.000000 1.000000 -0.000000 0.000000 0.000000 -0.000000 1.000000 0.000000 0.000000 0.000000 0.000000 1.000000
1.000000 -0.000000 0.000000 0.000000 0.000000 1.000000 -0.000000 0.000000 -0.000000 -0.000000 1.000000 0.000000 0.000000 0.000000 0.000000 1.000000
1.000000 0.000000 0.000000 0.000000 -0.000000 1.000000 0.000000 0.000000 0.000000 0.000000 1.000000 0.000000 0.000000 0.000000 0.000000 1.000000
1.000000 0.000000 -0.000000 0.000000 -0.000000 1.000000 0.000000 0.000000 0.000000 0.000000 1.000000 0.000000 0.000000 0.000000 0.000000 1.000000
1.000000 0.000000 -0.000000 0.000000 -0.000000 1.000000 0.000000 0.000000 -0.000000 0.000000 1.000000 0.000000 0.000000 0.000000 0.000000 1.000000</float_array><technique_common><accessor source="#Bip01_Pelvis-Matrix-animation-output-transform-array" count="107" stride="16"><param type="float4x4"/></accessor></technique_common></source><source id="Bip01_Pelvis-Interpolations"><Name_array id="Bip01_Pelvis-Interpolations-array" count="107">
 LINEAR LINEAR LINEAR LINEAR LINEAR LINEAR LINEAR LINEAR LINEAR LINEAR LINEAR
LINEAR LINEAR LINEAR LINEAR LINEAR LINEAR LINEAR LINEAR LINEAR LINEAR LINEAR LINEAR
LINEAR LINEAR LINEAR LINEAR LINEAR LINEAR LINEAR LINEAR LINEAR LINEAR LINEAR LINEAR
LINEAR LINEAR LINEAR LINEAR LINEAR LINEAR LINEAR LINEAR LINEAR LINEAR LINEAR LINEAR
LINEAR LINEAR LINEAR LINEAR LINEAR LINEAR LINEAR LINEAR LINEAR LINEAR LINEAR LINEAR
LINEAR LINEAR LINEAR LINEAR LINEAR LINEAR LINEAR LINEAR LINEAR LINEAR LINEAR LINEAR
LINEAR LINEAR LINEAR LINEAR LINEAR LINEAR LINEAR LINEAR LINEAR LINEAR LINEAR LINEAR
LINEAR LINEAR LINEAR LINEAR LINEAR LINEAR LINEAR LINEAR LINEAR LINEAR LINEAR LINEAR
LINEAR LINEAR LINEAR LINEAR LINEAR LINEAR LINEAR LINEAR LINEAR LINEAR LINEAR LINEAR</Name_array><technique_common><accessor source="#Bip01_Pelvis-Interpolations-array" count="107"><param type="name"/></accessor></technique_common></source><sampler id="Bip01_Pelvis-Matrix-animation-transform"><input semantic="INPUT" source="#Bip01_Pelvis-Matrix-animation-input"/><input semantic="OUTPUT" source="#Bip01_Pelvis-Matrix-animation-output-transform"/><input semantic="INTERPOLATION" source="#Bip01_Pelvis-Interpolations"/></sampler><channel source="#Bip01_Pelvis-Matrix-animation-transform" target="Bip01_Pelvis/matrix"/></animation>
    <animation id="Bip01_L_Thigh-anim" name="Bip01_L_Thigh"><source id="Bip01_L_Thigh-Matrix-animation-input"><float_array id="Bip01_L_Thigh-Matrix-animation-input-array" count="107">

0.000000 0.033333 0.066667 0.100000 0.133333 0.166667 0.200000 0.233333 0.266667 0.300000 0.333333 0.366667 0.400000 0.433333 0.466667 0.500000
0.533333 0.566667 0.600000 0.633333 0.666667 0.700000 0.733333 0.766667 0.800000 0.833333 0.866667 0.900000 0.933333 0.966667 1.000000 1.033333
1.066667 1.100000 1.133333 1.166667 1.200000 1.233333 1.266667 1.300000 1.333333 1.366667 1.400000 1.433333 1.466667 1.500000 1.533333 1.566667
1.600000 1.633333 1.666667 1.700000 1.733333 1.766667 1.800000 1.833333 1.866667 1.900000 1.933333 1.966667 2.000000 2.033333 2.066667 2.100000
2.133333 2.166667 2.200000 2.233333 2.266667 2.300000 2.333333 2.366667 2.400000 2.433333 2.466667 2.500000 2.533333 2.566667 2.600000 2.633333
2.666667 2.700000 2.733333 2.766667 2.800000 2.833333 2.866667 2.900000 2.933333 2.966667 3.000000 3.033333 3.066667 3.100000 3.133333 3.166667
3.200000 3.233333 3.266667 3.300000 3.333333 3.366667 3.400000 3.433333 3.466667 3.500000 3.533333</float_array><technique_common><accessor source="#Bip01_L_Thigh-Matrix-animation-input-array" count="107"><param name="TIME" type="float"/></accessor></technique_common></source><source id="Bip01_L_Thigh-Matrix-animation-output-transform"><float_array id="Bip01_L_Thigh-Matrix-animation-output-transform-array" count="1712">

0.289729 -0.430789 0.854680 3.890400 -0.955592 -0.079953 0.283638 -0.000000 -0.053854 -0.898904 -0.434824 0.000000 0.000000 0.000000 0.000000 1.000000
0.243881 -0.415747 0.876171 3.890400 -0.969340 -0.076537 0.233497 0.000000 -0.030016 -0.906254 -0.421666 -0.000000 0.000000 0.000000 0.000000 1.000000
0.214522 -0.412895 0.885154 3.890400 -0.976260 -0.062851 0.207284 -0.000000 -0.029953 -0.908608 -0.416575 0.000000 0.000000 0.000000 0.000000 1.000000
