<?xml version="1.0" encoding="utf-8"?>
<COLLADA xmlns="http://www.collada.org/2005/11/COLLADASchema" version="1.4.1">
  <asset><contributor><author>Mixamo</author><authoring_tool>COLLADA Mixamo exporter</authoring_tool><comments></comments></contributor><created>2020-08-09T15:29:27Z</created><modified>2020-08-09T15:29:27Z</modified><revision></revision><title></title><unit meter="0.025400"/><up_axis>Y_UP</up_axis></asset>
  <library_animations>
    <animation id="Bip01-anim" name="Bip01"><source id="Bip01-Matrix-animation-input"><float_array id="Bip01-Matrix-animation-input-array" count="27">

0.000000 0.033333 0.066667 0.100000 0.133333 0.166667 0.200000 0.233333 0.266667 0.300000 0.333333 0.366667 0.400000 0.433333 0.466667 0.500000
0.533333 0.566667 0.600000 0.633333 0.666667 0.700000 0.733333 0.766667 0.800000 0.833333 0.866667</float_array><technique_common><accessor source="#Bip01-Matrix-animation-input-array" count="27"><param name="TIME" type="float"/></accessor></technique_common></source><source id="Bip01-Matrix-animation-output-transform"><float_array id="Bip01-Matrix-animation-output-transform-array" count="432">

0.995063 -0.061125 0.078192 0.273969 0.062449 0.997941 -0.014598 35.401886 -0.077139 0.019409 0.996831 -0.484531 0.000000 0.000000 0.000000 1.000000
0.995539 -0.045084 0.082879 0.022017 0.046316 0.998842 -0.013001 35.184818 -0.082197 0.016781 0.996475 -0.347279 0.000000 0.000000 0.000000 1.000000
0.997004 -0.025568 0.073000 -0.252440 0.026325 0.999609 -0.009430 35.094799 -0.072730 0.011323 0.997287 -0.250652 0.000000 0.000000 0.000000 1.000000
0.998597 -0.002920 0.052865 -0.523860 0.003153 0.999986 -0.004329 35.168674 -0.052851 0.004490 0.998592 -0.252603 0.000000 0.000000 0.000000 1.000000
0.999288 0.013684 0.035174 -0.767958 -0.013651 0.999906 -0.001169 35.412724 -0.035187 0.000688 0.999381 -0.284723 0.000000 0.000000 0.000000 1.000000
0.999346 0.019141 0.030684 -0.957234 -0.019036 0.999812 -0.003693 35.825317 -0.030749 0.003107 0.999522 -0.297424 0.000000 0.000000 0.000000 1.000000
0.999230 0.015756 0.035923 -1.063506 -0.015357 0.999818 -0.011359 36.286671 -0.036095 0.010799 0.999290 -0.289611 0.000000 0.000000 0.000000 1.000000
0.999406 0.009828 0.033017 -1.071965 -0.009114 0.999722 -0.021730 36.653126 -0.033221 0.021416 0.999219 -0.285330 0.000000 0.000000 0.000000 1.000000
0.999971 0.004029 0.006457 -0.994666 -0.003800 0.999376 -0.035105 36.865902 -0.006594 0.035080 0.999363 -0.302843 0.000000 0.000000 0.000000 1.000000
0.999203 -0.002072 -0.039854 -0.863358 0.000007 0.998661 -0.051740 36.944447 0.039908 0.051699 0.997865 -0.349892 0.000000 0.000000 0.000000 1.000000
0.996260 -0.005287 -0.086243 -0.713202 -0.000460 0.997787 -0.066484 36.853794 0.086403 0.066275 0.994053 -0.413601 0.000000 0.000000 0.000000 1.000000
0.992987 -0.000741 -0.118221 -0.570776 -0.007864 0.997352 -0.072300 36.552830 0.117962 0.072722 0.990352 -0.459750 0.000000 0.000000 0.000000 1.000000
0.990369 0.006131 -0.138317 -0.445581 -0.015898 0.997447 -0.069616 36.112087 0.137537 0.071145 0.987938 -0.458653 0.000000 0.000000 0.000000 1.000000
0.987755 0.003889 -0.155967 -0.328656 -0.014194 0.997784 -0.065009 35.732777 0.155368 0.066427 0.985621 -0.426107 0.000000 0.000000 0.000000 1.000000
0.985051 -0.014203 -0.171676 -0.193246 0.003750 0.998127 -0.061060 35.533752 0.172222 0.059503 0.983259 -0.354686 0.000000 0.000000 0.000000 1.000000
0.983059 -0.045030 -0.177670 -0.018766 0.035952 0.997894 -0.053989 35.457134 0.179727 0.046686 0.982608 -0.253881 0.000000 0.000000 0.000000 1.000000
0.981061 -0.086094 -0.173513 0.189873 0.079927 0.995906 -0.042232 35.344818 0.176438 0.027564 0.983926 -0.212538 0.000000 0.000000 0.000000 1.000000
0.978366 -0.118401 -0.169647 0.394213 0.114547 0.992890 -0.032366 35.326366 0.172273 0.012233 0.984973 -0.245048 0.000000 0.000000 0.000000 1.000000
0.975836 -0.132369 -0.173845 0.531389 0.128767 0.991162 -0.031886 35.509586 0.176529 0.008730 0.984257 -0.264415 0.000000 0.000000 0.000000 1.000000
0.975332 -0.128733 -0.179321 0.569247 0.123817 0.991562 -0.038388 35.862484 0.182750 0.015238 0.983041 -0.266512 0.000000 0.000000 0.000000 1.000000
0.978512 -0.115614 -0.170730 0.520076 0.109841 0.993022 -0.042911 36.253418 0.174500 0.023236 0.984383 -0.258834 0.000000 0.000000 0.000000 1.000000
0.985059 -0.099969 -0.140230 0.428024 0.095074 0.994617 -0.041200 36.537121 0.143594 0.027252 0.989261 -0.264707 0.000000 0.000000 0.000000 1.000000
0.991912 -0.084751 -0.094489 0.343503 0.081661 0.996006 -0.036111 36.628254 0.097172 0.028103 0.994871 -0.292829 0.000000 0.000000 0.000000 1.000000
0.996300 -0.072355 -0.046384 0.297375 0.070944 0.996987 -0.031378 36.495502 0.048515 0.027971 0.998431 -0.340367 0.000000 0.000000 0.000000 1.000000
0.997897 -0.064765 -0.002767 0.286772 0.064667 0.997539 -0.027087 36.173927 0.004514 0.026851 0.999629 -0.398823 0.000000 0.000000 0.000000 1.000000
0.997382 -0.061789 0.037573 0.285591 0.062629 0.997803 -0.021620 35.765869 -0.036154 0.023916 0.999060 -0.454075 0.000000 0.000000 0.000000 1.000000
0.995085 -0.060575 0.078331 0.273042 0.061900 0.997976 -0.014589 35.383999 -0.077288 0.019366 0.996821 -0.502812 0.000000 0.000000 0.000000 1.000000</float_array><technique_common><accessor source="#Bip01-Matrix-animation-output-transform-array" count="27" stride="16"><param type="float4x4"/></accessor></technique_common></source><source id="Bip01-Interpolations"><Name_array id="Bip01-Interpolations-array" count="27">
 LINEAR LINEAR LINEAR LINEAR LINEAR LINEAR LINEAR LINEAR LINEAR LINEAR LINEAR
LINEAR LINEAR LINEAR LINEAR LINEAR LINEAR LINEAR LINEAR LINEAR LINEAR LINEAR LINEAR
LINEAR LINEAR LINEAR LINEAR</Name_array><technique_common><accessor source="#Bip01-Interpolations-array" count="27"><param type="name"/></accessor></technique_common></source><sampler id="Bip01-Matrix-animation-transform"><input semantic="INPUT" source="#Bip01-Matrix-animation-input"/><input semantic="OUTPUT" source="#Bip01-Matrix-animation-output-transform"/><input semantic="INTERPOLATION" source="#Bip01-Interpolations"/></sampler><channel source="#Bip01-Matrix-animation-transform" target="Bip01/matrix"/></animation>
    <animation id="Bip01_Pelvis-anim" name="Bip01_Pelvis"><source id="Bip01_Pelvis-Matrix-animation-input"><float_array id="Bip01_Pelvis-Matrix-animation-input-array" count="27">

0.000000 0.033333 0.066667 0.100000 0.133333 0.166667 0.200000 0.233333 0.266667 0.300000 0.333333 0.366667 0.400000 0.433333 0.466667 0.500000
0.533333 0.566667 0.600000 0.633333 0.666667 0.700000 0.733333 0.766667 0.800000 0.833333 0.866667</float_array><technique_common><accessor source="#Bip01_Pelvis-Matrix-animation-input-array" count="27"><param name="TIME" type="float"/></accessor></technique_common></source><source id="Bip01_Pelvis-Matrix-animation-output-transform"><float_array id="Bip01_Pelvis-Matrix-animation-output-transform-array" count="432">

1.000000 0.000000 0.000000 0.000000 0.000000 1.000000 -0.000000 0.000000 0.000000 -0.000000 1.000000 0.000000 0.000000 0.000000 0.000000 1.000000
1.000000 0.000000 0.000000 0.000000 0.000000 1.000000 -0.000000 0.000000 0.000000 -0.000000 1.000000 0.000000 0.000000 0.000000 0.000000 1.000000
1.000000 0.000000 0.000000 0.000000 0.000000 1.000000 -0.000000 0.000000 0.000000 0.000000 1.000000 0.000000 0.000000 0.000000 0.000000 1.000000
1.000000 0.000000 0.000000 0.000000 0.000000 1.000000 0.000000 0.000000 0.000000 0.000000 1.000000 0.000000 0.000000 0.000000 0.000000 1.000000
1.000000 0.000000 -0.000000 0.000000 0.000000 1.000000 0.000000 0.000000 0.000000 0.000000 1.000000 0.000000 0.000000 0.000000 0.000000 1.000000
1.000000 0.000000 0.000000 0.000000 -0.000000 1.000000 -0.000000 0.000000 0.000000 -0.000000 1.000000 0.000000 0.000000 0.000000 0.000000 1.000000
1.000000 -0.000000 0.000000 0.000000 -0.000000 1.000000 0.000000 0.000000 0.000000 0.000000 1.000000 0.000000 0.000000 0.000000 0.000000 1.000000
1.000000 0.000000 0.000000 0.000000 -0.000000 1.000000 0.000000 0.000000 0.000000 -0.000000 1.000000 0.000000 0.000000 0.000000 0.000000 1.000000
1.000000 0.000000 0.000000 0.000000 0.000000 1.000000 0.000000 0.000000 -0.000000 0.000000 1.000000 0.000000 0.000000 0.000000 0.000000 1.000000
1.000000 0.000000 0.000000 0.000000 0.000000 1.000000 0.000000 0.000000 0.000000 0.000000 1.000000 0.000000 0.000000 0.000000 0.000000 1.000000
1.000000 0.000000 0.000000 0.000000 0.000000 1.000000 0.000000 0.000000 0.000000 0.000000 1.000000 0.000000 0.000000 0.000000 0.000000 1.000000
1.000000 0.000000 -0.000000 0.000000 0.000000 1.000000 0.000000 0.000000 -0.000000 -0.000000 1.000000 0.000000 0.000000 0.000000 0.000000 1.000000
1.000000 0.000000 0.000000 0.000000 -0.000000 1.000000 0.000000 0.000000 0.000000 0.000000 1.000000 0.000000 0.000000 0.000000 0.000000 1.000000
1.000000 0.000000 -0.000000 0.000000 0.000000 1.000000 0.000000 0.000000 0.000000 0.000000 1.000000 0.000000 0.000000 0.000000 0.000000 1.000000
1.000000 0.000000 0.000000 0.000000 0.000000 1.000000 0.000000 0.000000 -0.000000 0.000000 1.000000 0.000000 0.000000 0.000000 0.000000 1.000000
1.000000 -0.000000 0.000000 0.000000 0.000000 1.000000 0.000000 0.000000 0.000000 -0.000000 1.000000 0.000000 0.000000 0.000000 0.000000 1.000000
1.000000 0.000000 0.000000 0.000000 0.000000 1.000000 0.000000 0.000000 -0.000000 -0.000000 1.000000 0.000000 0.000000 0.000000 0.000000 1.000000
1.000000 -0.000000 -0.000000 0.000000 -0.000000 1.000000 0.000000 0.000000 -0.000000 0.000000 1.000000 0.000000 0.000000 0.000000 0.000000 1.000000
1.000000 0.000000 0.000000 0.000000 -0.000000 1.000000 0.000000 0.000000 -0.000000 -0.000000 1.000000 0.000000 0.000000 0.000000 0.000000 1.000000
1.000000 0.000000 -0.000000 0.000000 -0.000000 1.000000 0.000000 0.000000 0.000000 -0.000000 1.000000 0.000000 0.000000 0.000000 0.000000 1.000000
1.000000 0.000000 0.000000 0.000000 0.000000 1.000000 0.000000 0.000000 0.000000 0.000000 1.000000 0.000000 0.000000 0.000000 0.000000 1.000000
1.000000 0.000000 0.000000 0.000000 0.000000 1.000000 0.000000 0.000000 0.000000 0.000000 1.000000 0.000000 0.000000 0.000000 0.000000 1.000000
1.000000 0.000000 0.000000 0.000000 -0.000000 1.000000 0.000000 0.000000 -0.000000 -0.000000 1.000000 0.000000 0.000000 0.000000 0.000000 1.000000
1.000000 -0.000000 0.000000 0.000000 -0.000000 1.000000 0.000000 0.000000 -0.000000 -0.000000 1.000000 0.000000 0.000000 0.000000 0.000000 1.000000
1.000000 0.000000 -0.000000 0.000000 -0.000000 1.000000 -0.000000 0.000000 0.000000 0.000000 1.000000 0.000000 0.000000 0.000000 0.000000 1.000000
1.000000 0.000000 0.000000 0.000000 -0.000000 1.000000 0.000000 0.000000 0.000000 0.000000 1.000000 0.000000 0.000000 0.000000 0.000000 1.000000
1.000000 0.000000 -0.000000 0.000000 0.000000 1.000000 0.000000 0.000000 -0.000000 0.000000 1.000000 0.000000 0.000000 0.000000 0.000000 1.000000</float_array><technique_common><accessor source="#Bip01_Pelvis-Matrix-animation-output-transform-array" count="27" stride="16"><param type="float4x4"/></accessor></technique_common></source><source id="Bip01_Pelvis-Interpolations"><Name_array id="Bip01_Pelvis-Interpolations-array" count="27">
 LINEAR LINEAR LINEAR LINEAR LINEAR LINEAR LINEAR LINEAR LINEAR LINEAR LINEAR
LINEAR LINEAR LINEAR LINEAR LINEAR LINEAR LINEAR LINEAR LINEAR LINEAR LINEAR LINEAR
LINEAR LINEAR LINEAR LINEAR</Name_array><technique_common><accessor source="#Bip01_Pelvis-Interpolations-array" count="27"><param type="name"/></accessor></technique_common></source><sampler id="Bip01_Pelvis-Matrix-animation-transform"><input semantic="INPUT" source="#Bip01_Pelvis-Matrix-animation-input"/><input semantic="OUTPUT" source="#Bip01_Pelvis-Matrix-animation-output-transform"/><input semantic="INTERPOLATION" source="#Bip01_Pelvis-Interpolations"/></sampler><channel source="#Bip01_Pelvis-Matrix-animation-transform" target="Bip01_Pelvis/matrix"/></animation>
    <animation id="Bip01_L_Thigh-anim" name="Bip01_L_Thigh"><source id="Bip01_L_Thigh-Matrix-animation-input"><float_array id="Bip01_L_Thigh-Matrix-animation-input-array" count="27">

0.000000 0.033333 0.066667 0.100000 0.133333 0.166667 0.200000 0.233333 0.266667 0.300000 0.333333 0.366667 0.400000 0.433333 0.466667 0.500000
0.533333 0.566667 0.600000 0.633333 0.666667 0.700000 0.733333 0.766667 0.800000 0.833333 0.866667</float_array><technique_common><accessor source="#Bip01_L_Thigh-Matrix-animation-input-array" count="27"><param name="TIME" type="float"/></accessor></technique_common></source><source id="Bip01_L_Thigh-Matrix-animation-output-transform"><float_array id="Bip01_L_Thigh-Matrix-animation-output-transform-array" count="432">

-0.079558 -0.110739 0.990660 3.890400 -0.962879 0.265699 -0.047626 -0.000000 -0.257943 -0.957675 -0.127767 0.000000 0.000000 0.000000 0.000000 1.000000
-0.034228 -0.126096 0.991427 3.890400 -0.959312 0.282334 0.002790 0.000000 -0.280266 -0.950993 -0.130629 -0.000000 0.000000 0.000000 0.000000 1.000000
0.019452 -0.125081 0.991956 3.890400 -0.972398 0.228365 0.047864 -0.000000 -0.232515 -0.965507 -0.117187 0.000000 0.000000 0.000000 0.000000 1.000000
0.058347 -0.108790 0.992351 3.890400 -0.987911 0.136719 0.073074 0.000000 -0.143623 -0.984618 -0.099498 0.000000 0.000000 0.000000 0.000000 1.000000
0.078776 -0.080130 0.993667 3.890400 -0.996626 0.016720 0.080359 -0.000000 -0.023053 -0.996644 -0.078542 -0.000000 0.000000 0.000000 0.000000 1.000000
0.077484 -0.046313 0.995917 3.890400 -0.990912 -0.113745 0.071805 -0.000000 0.109956 -0.992430 -0.054705 0.000000 0.000000 0.000000 0.000000 1.000000
0.059722 -0.018703 0.998040 3.890400 -0.970968 -0.233097 0.053733 0.000000 0.231635 -0.972274 -0.032081 -0.000000 0.000000 0.000000 0.000000 1.000000
0.037163 -0.008300 0.999275 3.890400 -0.945103 -0.325159 0.032448 0.000000 0.324654 -0.945623 -0.019928 0.000000 0.000000 0.000000 0.000000 1.000000
0.019768 -0.016332 0.999671 3.890400 -0.919829 -0.392142 0.011783 0.000000 0.391821 -0.919760 -0.022775 0.000000 0.000000 0.000000 0.000000 1.000000
0.011328 -0.031361 0.999444 3.890400 -0.895632 -0.444780 -0.003805 0.000000 0.444652 -0.895091 -0.033127 0.000000 0.000000 0.000000 0.000000 1.000000
0.010750 -0.037336 0.999245 3.890400 -0.871179 -0.490883 -0.008969 -0.000000 0.490847 -0.870425 -0.037803 0.000000 0.000000 0.000000 0.000000 1.000000
0.009577 -0.028531 0.999547 3.890400 -0.837229 -0.546800 -0.007586 -0.000000 0.546769 -0.836777 -0.029124 0.000000 0.000000 0.000000 0.000000 1.000000
0.002220 -0.016557 0.999860 3.890400 -0.796240 -0.604924 -0.008249 0.000000 0.604977 -0.796111 -0.014526 0.000000 0.000000 0.000000 0.000000 1.000000
-0.002695 -0.016597 0.999859 3.890400 -0.776497 -0.629996 -0.012550 0.000000 0.630115 -0.776421 -0.011190 0.000000 0.000000 0.000000 0.000000 1.000000
-0.010770 -0.033794 0.999371 3.890400 -0.780363 -0.624629 -0.029532 0.000000 0.625234 -0.780190 -0.019644 -0.000000 0.000000 0.000000 0.000000 1.000000
-0.036951 -0.062347 0.997370 3.890400 -0.795140 -0.602698 -0.067135 0.000000 0.605299 -0.795530 -0.027304 0.000000 0.000000 0.000000 0.000000 1.000000
-0.091710 -0.083657 0.992265 3.890400 -0.814634 -0.566766 -0.123076 0.000000 0.572678 -0.819621 -0.016171 0.000000 0.000000 0.000000 0.000000 1.000000
-0.145090 -0.090643 0.985258 3.890400 -0.838384 -0.517538 -0.171074 -0.000000 0.525415 -0.850846 -0.000904 0.000000 0.000000 0.000000 0.000000 1.000000
-0.181268 -0.081857 0.980021 3.890400 -0.866083 -0.458795 -0.198514 0.000000 0.465879 -0.884763 0.012270 0.000000 0.000000 0.000000 0.000000 1.000000
-0.196463 -0.065097 0.978348 3.890400 -0.898071 -0.388526 -0.206194 -0.000000 0.393537 -0.919135 0.017869 0.000000 0.000000 0.000000 0.000000 1.000000
-0.197368 -0.047079 0.979198 3.890400 -0.931510 -0.302273 -0.202289 0.000000 0.305509 -0.952058 0.015805 0.000000 0.000000 0.000000 0.000000 1.000000
-0.188552 -0.033155 0.981503 3.890400 -0.960238 -0.203307 -0.191334 0.000000 0.205890 -0.978553 0.006497 0.000000 0.000000 0.000000 0.000000 1.000000
-0.170581 -0.029277 0.984909 3.890400 -0.979729 -0.101517 -0.172702 0.000000 0.105041 -0.994403 -0.011367 0.000000 0.000000 0.000000 0.000000 1.000000
-0.147656 -0.039557 0.988247 3.890400 -0.988977 -0.005271 -0.147976 0.000000 0.011063 -0.999203 -0.038343 -0.000000 0.000000 0.000000 0.000000 1.000000
-0.125329 -0.060858 0.990247 3.890400 -0.988934 0.087535 -0.119783 0.000000 -0.079392 -0.994301 -0.071156 -0.000000 0.000000 0.000000 0.000000 1.000000
-0.105184 -0.085112 0.990804 3.890400 -0.977707 0.190925 -0.087392 0.000000 -0.181731 -0.977908 -0.103297 -0.000000 0.000000 0.000000 0.000000 1.000000
-0.088168 -0.104437 0.990616 3.890400 -0.939948 0.337921 -0.048032 -0.000000 -0.329733 -0.935362 -0.127959 -0.000000 0.000000 0.000000 0.000000 1.000000</float_array><technique_common><accessor source="#Bip01_L_Thigh-Matrix-animation-output-transform-array" count="27" stride="16"><param type="float4x4"/></accessor></technique_common></source><source id="Bip01_L_Thigh-Interpolations"><Name_array id="Bip01_L_Thigh-Interpolations-array" count="27">
 LINEAR LINEAR LINEAR LINEAR LINEAR LINEAR LINEAR LINEAR LINEAR LINEAR LINEAR
LINEAR LINEAR LINEAR LINEAR LINEAR LINEAR LINEAR LINEAR LINEAR LINEAR LINEAR LINEAR
LINEAR LINEAR LINEAR LINEAR</Name_array><technique_common><accessor source="#Bip01_L_Thigh-Interpolations-array" count="27"><param type="name"/></accessor></technique_common></source><sampler id="Bip01_L_Thigh-Matrix-animation-transform"><input semantic="INPUT" source="#Bip01_L_Thigh-Matrix-animation-input"/><input semantic="OUTPUT" source="#Bip01_L_Thigh-Matrix-animation-output-transform"/><input semantic="INTERPOLATION" source="#Bip01_L_Thigh-Interpolations"/></sampler><channel source="#Bip01_L_Thigh-Matrix-animation-transform" target="Bip01_L_Thigh/matrix"/></animation>
    <animation id="Bip01_L_Calf-anim" name="Bip01_L_Calf"><source id="Bip01_L_Calf-Matrix-animation-input"><float_array id="Bip01_L_Calf-Matrix-animation-input-array" count="27">

0.000000 0.033333 0.066667 0.100000 0.133333 0.166667 0.200000 0.233333 0.266667 0.300000 0.333333 0.366667 0.400000 0.433333 0.466667 0.500000
0.533333 0.566667 0.600000 0.633333 0.666667 0.700000 0.733333 0.766667 0.800000 0.833333 0.866667</float_array><technique_common><accessor source="#Bip01_L_Calf-Matrix-animation-input-array" count="27"><param name="TIME" type="float"/></accessor></technique_common></source><source id="Bip01_L_Calf-Matrix-animation-output-transform"><float_array id="Bip01_L_Calf-Matrix-animation-output-transform-array" count="432">

0.949122 -0.314863 0.005249 17.896601 0.314907 0.949001 -0.015213 -0.000000 -0.000191 0.016092 0.999870 0.000000 0.000000 0.000000 0.000000 1.000000
0.922522 -0.385676 0.014407 17.896601 0.385945 0.921813 -0.036157 0.000000 0.000665 0.038916 0.999242 0.000000 0.000000 0.000000 0.000000 1.000000
0.838935 -0.543006 0.036502 17.896601 0.544225 0.836710 -0.061121 0.000000 0.002647 0.071142 0.997463 -0.000000 0.000000 0.000000 0.000000 1.000000
0.696303 -0.714518 0.068018 17.896601 0.717737 0.692627 -0.071569 -0.000000 0.004026 0.098653 0.995114 0.000000 0.000000 0.000000 0.000000 1.000000
0.532629 -0.841501 0.090456 17.896601 0.846335 0.528955 -0.062641 0.000000 0.004865 0.109920 0.993928 -0.000000 0.000000 0.000000 0.000000 1.000000
0.409039 -0.909696 0.071694 17.896601 0.912509 0.407434 -0.036413 0.000000 0.003914 0.080316 0.996762 0.000000 0.000000 0.000000 0.000000 1.000000
0.368553 -0.929473 0.015780 17.896601 0.929606 0.368475 -0.007696 0.000000 0.001339 0.017506 0.999846 0.000000 0.000000 0.000000 0.000000 1.000000
0.415911 -0.908333 -0.044159 17.896601 0.909404 0.415333 0.021980 -0.000000 -0.001624 -0.049300 0.998783 0.000000 0.000000 0.000000 0.000000 1.000000
0.526063 -0.846011 -0.086734 17.896601 0.850436 0.522815 0.058517 0.000000 -0.004160 -0.104545 0.994511 -0.000000 0.000000 0.000000 0.000000 1.000000
0.664121 -0.740212 -0.105025 17.896601 0.747605 0.656488 0.100547 0.000000 -0.005479 -0.145293 0.989374 -0.000000 0.000000 0.000000 0.000000 1.000000
0.787261 -0.608465 -0.099953 17.896601 0.616604 0.775667 0.134684 0.000000 -0.004420 -0.167663 0.985834 0.000000 0.000000 0.000000 0.000000 1.000000
0.848555 -0.522310 -0.084540 17.896601 0.529107 0.837448 0.136845 0.000000 -0.000677 -0.160851 0.986978 0.000000 0.000000 0.000000 0.000000 1.000000
0.830747 -0.550335 -0.083607 17.896601 0.556637 0.822314 0.118132 0.000000 0.003739 -0.144677 0.989472 -0.000000 0.000000 0.000000 0.000000 1.000000
0.817457 -0.568945 -0.089813 17.896601 0.575964 0.808889 0.118171 -0.000000 0.005416 -0.148329 0.988923 -0.000000 0.000000 0.000000 0.000000 1.000000
0.808943 -0.579125 -0.101121 17.896601 0.587871 0.798143 0.131813 -0.000000 0.004372 -0.166075 0.986103 0.000000 0.000000 0.000000 0.000000 1.000000
0.787692 -0.606985 -0.105408 17.896601 0.616060 0.777036 0.129172 0.000000 0.003500 -0.166685 0.986004 0.000000 0.000000 0.000000 0.000000 1.000000
0.739292 -0.660393 -0.131638 17.896601 0.673385 0.725006 0.144634 0.000000 -0.000077 -0.195569 0.980690 0.000000 0.000000 0.000000 0.000000 1.000000
0.714539 -0.685105 -0.141653 17.896601 0.699595 0.699539 0.145641 0.000000 -0.000688 -0.203166 0.979144 -0.000000 0.000000 0.000000 0.000000 1.000000
0.717163 -0.682445 -0.141230 17.896601 0.696905 0.702365 0.144939 0.000000 0.000282 -0.202369 0.979309 -0.000000 0.000000 0.000000 0.000000 1.000000
0.745168 -0.653040 -0.135142 17.896601 0.666876 0.730038 0.149402 0.000000 0.001093 -0.201453 0.979498 0.000000 0.000000 0.000000 0.000000 1.000000
0.788983 -0.601535 -0.125147 17.896601 0.614415 0.772717 0.159381 -0.000000 0.000830 -0.202641 0.979253 0.000000 0.000000 0.000000 0.000000 1.000000
0.834754 -0.539269 -0.111239 17.896601 0.550622 0.817182 0.170382 0.000000 -0.000979 -0.203478 0.979079 0.000000 0.000000 0.000000 0.000000 1.000000
0.872371 -0.479254 -0.096359 17.896601 0.488828 0.853558 0.180237 0.000000 -0.004131 -0.204337 0.978892 0.000000 0.000000 0.000000 0.000000 1.000000
0.898870 -0.431191 -0.078144 17.896601 0.438169 0.881777 0.174580 -0.000000 -0.006372 -0.191165 0.981537 -0.000000 0.000000 0.000000 0.000000 1.000000
0.919674 -0.389260 -0.051741 17.896601 0.392634 0.909444 0.136930 0.000000 -0.006246 -0.146246 0.989229 0.000000 0.000000 0.000000 0.000000 1.000000
0.946508 -0.321736 -0.024647 17.896601 0.322631 0.942291 0.089427 0.000000 -0.005547 -0.092595 0.995688 -0.000000 0.000000 0.000000 0.000000 1.000000
0.989039 -0.147654 -0.000862 17.896601 0.147572 0.988257 0.039637 0.000000 -0.005000 -0.039330 0.999214 0.000000 0.000000 0.000000 0.000000 1.000000</float_array><technique_common><accessor source="#Bip01_L_Calf-Matrix-animation-output-transform-array" count="27" stride="16"><param type="float4x4"/></accessor></technique_common></source><source id="Bip01_L_Calf-Interpolations"><Name_array id="Bip01_L_Calf-Interpolations-array" count="27">
 LINEAR LINEAR LINEAR LINEAR LINEAR LINEAR LINEAR LINEAR LINEAR LINEAR LINEAR
LINEAR LINEAR LINEAR LINEAR LINEAR LINEAR LINEAR LINEAR LINEAR LINEAR LINEAR LINEAR
LINEAR LINEAR LINEAR LINEAR</Name_array><technique_common><accessor source="#Bip01_L_Calf-Interpolations-array" count="27"><param type="name"/></accessor></technique_common></source><sampler id="Bip01_L_Calf-Matrix-animation-transform"><input semantic="INPUT" source="#Bip01_L_Calf-Matrix-animation-input"/><input semantic="OUTPUT" source="#Bip01_L_Calf-Matrix-animation-output-transform"/><input semantic="INTERPOLATION" source="#Bip01_L_Calf-Interpolations"/></sampler><channel source="#Bip01_L_Calf-Matrix-animation-transform" target="Bip01_L_Calf/matrix"/></animation>
    <animation id="Bip01_L_Foot-anim" name="Bip01_L_Foot"><source id="Bip01_L_Foot-Matrix-animation-input"><float_array id="Bip01_L_Foot-Matrix-animation-input-array" count="27">

0.000000 0.033333 0.066667 0.100000 0.133333 0.166667 0.200000 0.233333 0.266667 0.300000 0.333333 0.366667 0.400000 0.433333 0.466667 0.500000
0.533333 0.566667 0.600000 0.633333 0.666667 0.700000 0.733333 0.766667 0.800000 0.833333 0.866667</float_array><technique_common><accessor source="#Bip01_L_Foot-Matrix-animation-input-array" count="27"><param name="TIME" type="float"/></accessor></technique_common></source><source id="Bip01_L_Foot-Matrix-animation-output-transform"><float_array id="Bip01_L_Foot-Matrix-animation-output-transform-array" count="432">

0.277769 0.956870 0.085109 16.562700 -0.952249 0.262567 0.155823 0.000000 0.126756 -0.124328 0.984112 0.000000 0.000000 0.000000 0.000000 1.000000
0.438282 0.895192 0.080875 16.562700 -0.891939 0.422028 0.162285 0.000000 0.111145 -0.143262 0.983424 0.000000 0.000000 0.000000 0.000000 1.000000
0.629731 0.770602 0.098037 16.562700 -0.773592 0.610623 0.169398 -0.000000 0.070675 -0.182515 0.980660 0.000000 0.000000 0.000000 0.000000 1.000000
0.727554 0.684304 0.048930 16.562700 -0.680562 0.710890 0.177401 0.000000 0.086613 -0.162369 0.982921 -0.000000 0.000000 0.000000 0.000000 1.000000
0.766143 0.642658 0.003925 16.562700 -0.633080 0.753645 0.176716 0.000000 0.110609 -0.137874 0.984254 -0.000000 0.000000 0.000000 0.000000 1.000000
0.742675 0.668697 -0.035742 16.562700 -0.654227 0.735924 0.174366 0.000000 0.142902 -0.106114 0.984032 -0.000000 0.000000 0.000000 0.000000 1.000000
0.683876 0.727319 -0.057631 16.562700 -0.710334 0.681770 0.174972 0.000000 0.166551 -0.078722 0.982885 -0.000000 0.000000 0.000000 0.000000 1.000000
0.625543 0.778376 -0.053159 16.562700 -0.761973 0.624156 0.172706 0.000000 0.167610 -0.067529 0.983538 0.000000 0.000000 0.000000 0.000000 1.000000
0.585940 0.809922 -0.026478 16.562700 -0.796394 0.581576 0.165909 -0.000000 0.149772 -0.076126 0.985786 0.000000 0.000000 0.000000 0.000000 1.000000
0.555419 0.831285 0.021794 16.562700 -0.821123 0.544111 0.172335 -0.000000 0.131401 -0.113614 0.984797 0.000000 0.000000 0.000000 0.000000 1.000000
0.575184 0.816147 0.055389 16.562700 -0.804067 0.551619 0.221794 0.000000 0.150462 -0.172109 0.973519 0.000000 0.000000 0.000000 0.000000 1.000000
0.633747 0.773494 -0.008534 16.562700 -0.732134 0.603347 0.316151 0.000000 0.249690 -0.194112 0.948670 -0.000000 0.000000 0.000000 0.000000 1.000000
0.597404 0.800546 -0.047263 16.562700 -0.720712 0.561806 0.406137 0.000000 0.351684 -0.208565 0.912589 0.000000 0.000000 0.000000 0.000000 1.000000
0.597454 0.800882 -0.040451 16.562700 -0.704124 0.548075 0.451468 0.000000 0.383743 -0.241249 0.891370 0.000000 0.000000 0.000000 0.000000 1.000000
0.629137 0.777288 -0.002963 16.562700 -0.695771 0.564848 0.443677 0.000000 0.346538 -0.277072 0.896182 0.000000 0.000000 0.000000 0.000000 1.000000
0.630563 0.776042 0.012197 16.562700 -0.711792 0.571950 0.407708 -0.000000 0.309422 -0.265767 0.913031 0.000000 0.000000 0.000000 0.000000 1.000000
0.553016 0.831251 0.056528 16.562700 -0.781236 0.493770 0.381919 0.000000 0.289559 -0.255369 0.922465 0.000000 0.000000 0.000000 0.000000 1.000000
0.487274 0.868322 0.092638 16.562700 -0.822771 0.420971 0.381879 0.000000 0.292596 -0.262300 0.919558 -0.000000 0.000000 0.000000 0.000000 1.000000
0.434977 0.891996 0.123036 16.562700 -0.846105 0.358147 0.394763 -0.000000 0.308062 -0.275815 0.910508 0.000000 0.000000 0.000000 0.000000 1.000000
0.395741 0.907191 0.142805 16.562700 -0.860638 0.312096 0.402365 -0.000000 0.320453 -0.282136 0.904272 0.000000 0.000000 0.000000 0.000000 1.000000
0.366018 0.918713 0.148313 16.562700 -0.875235 0.285684 0.390318 -0.000000 0.316220 -0.272672 0.908655 0.000000 0.000000 0.000000 0.000000 1.000000
0.340198 0.929517 0.142351 16.562700 -0.894607 0.273277 0.353549 -0.000000 0.289729 -0.247625 0.924521 0.000000 0.000000 0.000000 0.000000 1.000000
0.312729 0.940595 0.132217 16.562700 -0.918834 0.264297 0.293073 0.000000 0.240718 -0.213137 0.946904 0.000000 0.000000 0.000000 0.000000 1.000000
0.280150 0.951819 0.124725 16.562700 -0.941183 0.246774 0.230816 -0.000000 0.188916 -0.182052 0.964970 0.000000 0.000000 0.000000 0.000000 1.000000
0.245867 0.961706 0.121125 16.562700 -0.956025 0.219986 0.193962 -0.000000 0.159889 -0.163488 0.973503 0.000000 0.000000 0.000000 0.000000 1.000000
0.225828 0.966938 0.118458 16.562700 -0.964215 0.204525 0.168700 0.000000 0.138895 -0.152316 0.978523 0.000000 0.000000 0.000000 0.000000 1.000000
0.260459 0.959895 0.103746 16.562700 -0.958247 0.243877 0.149285 0.000000 0.117996 -0.138297 0.983337 0.000000 0.000000 0.000000 0.000000 1.000000</float_array><technique_common><accessor source="#Bip01_L_Foot-Matrix-animation-output-transform-array" count="27" stride="16"><param type="float4x4"/></accessor></technique_common></source><source id="Bip01_L_Foot-Interpolations"><Name_array id="Bip01_L_Foot-Interpolations-array" count="27">
 LINEAR LINEAR LINEAR LINEAR LINEAR LINEAR LINEAR LINEAR LINEAR LINEAR LINEAR
LINEAR LINEAR LINEAR LINEAR LINEAR LINEAR LINEAR LINEAR LINEAR LINEAR LINEAR LINEAR
LINEAR LINEAR LINEAR LINEAR</Name_array><technique_common><accessor source="#Bip01_L_Foot-Interpolations-array" count="27"><param type="name"/></accessor></technique_common></source><sampler id="Bip01_L_Foot-Matrix-animation-transform"><input semantic="INPUT" source="#Bip01_L_Foot-Matrix-animation-input"/><input semantic="OUTPUT" source="#Bip01_L_Foot-Matrix-animation-output-transform"/><input semantic="INTERPOLATION" source="#Bip01_L_Foot-Interpolations"/></sampler><channel source="#Bip01_L_Foot-Matrix-animation-transform" target="Bip01_L_Foot/matrix"/></animation>
    <animation id="Bip01_L_Toe0-anim" name="Bip01_L_Toe0"><source id="Bip01_L_Toe0-Matrix-animation-input"><float_array id="Bip01_L_Toe0-Matrix-animation-input-array" count="27">

0.000000 0.033333 0.066667 0.100000 0.133333 0.166667 0.200000 0.233333 0.266667 0.300000 0.333333 0.366667 0.400000 0.433333 0.466667 0.500000
0.533333 0.566667 0.600000 0.633333 0.666667 0.700000 0.733333 0.766667 0.800000 0.833333 0.866667</float_array><technique_common><accessor source="#Bip01_L_Toe0-Matrix-animation-input-array" count="27"><param name="TIME" type="float"/></accessor></technique_common></source><source id="Bip01_L_Toe0-Matrix-animation-output-transform"><float_array id="Bip01_L_Toe0-Matrix-animation-output-transform-array" count="432">

0.558961 0.818820 -0.130754 5.545600 -0.820251 0.569111 0.057446 0.000000 0.121452 0.075141 0.989749 0.000000 0.000000 0.000000 0.000000 1.000000
0.382136 0.919746 -0.089661 5.545600 -0.914417 0.390358 0.107057 -0.000000 0.133465 0.041077 0.990202 0.000000 0.000000 0.000000 0.000000 1.000000
0.218169 0.972209 -0.084923 5.545600 -0.964675 0.228006 0.131968 0.000000 0.147663 0.053132 0.987610 -0.000000 0.000000 0.000000 0.000000 1.000000
0.276661 0.958924 -0.062642 5.545600 -0.950267 0.282699 0.130667 0.000000 0.143009 0.023376 0.989445 0.000000 0.000000 0.000000 0.000000 1.000000
0.447681 0.887941 -0.105562 5.545600 -0.884930 0.456894 0.090262 0.000000 0.128378 0.053007 0.990308 0.000000 0.000000 0.000000 0.000000 1.000000
0.637552 0.756270 -0.146909 5.545600 -0.761299 0.647690 0.030362 0.000000 0.118114 0.092485 0.988684 0.000000 0.000000 0.000000 0.000000 1.000000
0.631402 0.761645 -0.145702 5.545600 -0.766376 0.641564 0.032618 0.000000 0.118321 0.091068 0.988791 -0.000000 0.000000 0.000000 0.000000 1.000000
0.579503 0.803690 -0.135123 5.545600 -0.806021 0.589710 0.050714 0.000000 0.120441 0.079523 0.989530 0.000000 0.000000 0.000000 0.000000 1.000000
0.537190 0.837766 -0.097856 5.545600 -0.834440 0.544778 0.083229 -0.000000 0.123036 0.036946 0.991714 0.000000 0.000000 0.000000 0.000000 1.000000
0.600589 0.794165 -0.092707 5.545600 -0.790381 0.607208 0.081215 0.000000 0.120791 0.024497 0.992376 -0.000000 0.000000 0.000000 0.000000 1.000000
0.674680 0.721874 -0.153963 5.545600 -0.728765 0.684572 0.016188 0.000000 0.117085 0.101281 0.987944 0.000000 0.000000 0.000000 0.000000 1.000000
0.726672 0.667347 -0.163082 5.545600 -0.677058 0.735910 -0.005470 0.000000 0.116363 0.114391 0.986597 0.000000 0.000000 0.000000 0.000000 1.000000
0.725516 0.668651 -0.162890 5.545600 -0.678296 0.734772 -0.004962 -0.000000 0.116369 0.114088 0.986632 0.000000 0.000000 0.000000 0.000000 1.000000
0.723961 0.670396 -0.162631 5.545600 -0.679953 0.733243 -0.004282 0.000000 0.116378 0.113681 0.986678 0.000000 0.000000 0.000000 0.000000 1.000000
0.723987 0.670368 -0.162636 5.545600 -0.679926 0.733268 -0.004293 0.000000 0.116377 0.113688 0.986677 0.000000 0.000000 0.000000 0.000000 1.000000
0.724492 0.669801 -0.162720 5.545600 -0.679388 0.733765 -0.004514 0.000000 0.116374 0.113820 0.986662 -0.000000 0.000000 0.000000 0.000000 1.000000
0.724492 0.669801 -0.162719 5.545600 -0.679388 0.733765 -0.004514 0.000000 0.116374 0.113820 0.986662 0.000000 0.000000 0.000000 0.000000 1.000000
0.724491 0.669802 -0.162720 5.545600 -0.679389 0.733764 -0.004514 0.000000 0.116374 0.113820 0.986662 0.000000 0.000000 0.000000 0.000000 1.000000
0.724239 0.670085 -0.162677 5.545600 -0.679657 0.733516 -0.004404 0.000000 0.116376 0.113754 0.986669 0.000000 0.000000 0.000000 0.000000 1.000000
0.723705 0.670684 -0.162588 5.545600 -0.680226 0.732991 -0.004170 0.000000 0.116379 0.113615 0.986685 -0.000000 0.000000 0.000000 0.000000 1.000000
0.724492 0.669801 -0.162720 5.545600 -0.679388 0.733766 -0.004514 -0.000000 0.116374 0.113820 0.986662 0.000000 0.000000 0.000000 0.000000 1.000000
0.724492 0.669801 -0.162719 5.545600 -0.679388 0.733765 -0.004514 -0.000000 0.116374 0.113820 0.986662 0.000000 0.000000 0.000000 0.000000 1.000000
0.723476 0.670939 -0.162550 5.545600 -0.680469 0.732766 -0.004070 0.000000 0.116380 0.113555 0.986692 0.000000 0.000000 0.000000 0.000000 1.000000
0.704436 0.691660 -0.159300 5.545600 -0.700131 0.714003 0.004075 0.000000 0.116560 0.108660 0.987222 0.000000 0.000000 0.000000 0.000000 1.000000
0.665530 0.730675 -0.152263 5.545600 -0.737096 0.675499 0.019774 0.000000 0.117302 0.099073 0.988142 -0.000000 0.000000 0.000000 0.000000 1.000000
0.613467 0.776826 -0.142124 5.545600 -0.780706 0.623677 0.039057 0.000000 0.118980 0.086997 0.989078 0.000000 0.000000 0.000000 0.000000 1.000000
0.558961 0.818820 -0.130755 5.545600 -0.820251 0.569112 0.057446 0.000000 0.121452 0.075142 0.989749 0.000000 0.000000 0.000000 0.000000 1.000000</float_array><technique_common><accessor source="#Bip01_L_Toe0-Matrix-animation-output-transform-array" count="27" stride="16"><param type="float4x4"/></accessor></technique_common></source><source id="Bip01_L_Toe0-Interpolations"><Name_array id="Bip01_L_Toe0-Interpolations-array" count="27">
 LINEAR LINEAR LINEAR LINEAR LINEAR LINEAR LINEAR LINEAR LINEAR LINEAR LINEAR
LINEAR LINEAR LINEAR LINEAR LINEAR LINEAR LINEAR LINEAR LINEAR LINEAR LINEAR LINEAR
LINEAR LINEAR LINEAR LINEAR</Name_array><technique_common><accessor source="#Bip01_L_Toe0-Interpolations-array" count="27"><param type="name"/></accessor></technique_common></source><sampler id="Bip01_L_Toe0-Matrix-animation-transform"><input semantic="INPUT" source="#Bip01_L_Toe0-Matrix-animation-input"/><input semantic="OUTPUT" source="#Bip01_L_Toe0-Matrix-animation-output-transform"/><input semantic="INTERPOLATION" source="#Bip01_L_Toe0-Interpolations"/></sampler><channel source="#Bip01_L_Toe0-Matrix-animation-transform" target="Bip01_L_Toe0/matrix"/></animation>
    <animation id="Bip01_R_Thigh-anim" name="Bip01_R_Thigh"><source id="Bip01_R_Thigh-Matrix-animation-input"><float_array id="Bip01_R_Thigh-Matrix-animation-input-array" count="27">

0.000000 0.033333 0.066667 0.100000 0.133333 0.166667 0.200000 0.233333 0.266667 0.300000 0.333333 0.366667 0.400000 0.433333 0.466667 0.500000
0.533333 0.566667 0.600000 0.633333 0.666667 0.700000 0.733333 0.766667 0.800000 0.833333 0.866667</float_array><technique_common><accessor source="#Bip01_R_Thigh-Matrix-animation-input-array" count="27"><param name="TIME" type="float"/></accessor></technique_common></source><source id="Bip01_R_Thigh-Matrix-animation-output-transform"><float_array id="Bip01_R_Thigh-Matrix-animation-output-transform-array" count="432">

-0.069610 0.068465 0.995222 -3.890400 -0.775576 -0.631162 -0.010827 -0.000000 0.627405 -0.772624 0.097035 -0.000000 0.000000 0.000000 0.000000 1.000000
-0.065386 0.077330 0.994859 -3.890400 -0.769260 -0.638935 -0.000894 -0.000000 0.635581 -0.765364 0.101264 0.000000 0.000000 0.000000 0.000000 1.000000
-0.043911 0.096498 0.994364 -3.890400 -0.789314 -0.613494 0.024681 0.000000 0.612418 -0.783782 0.103106 0.000000 0.000000 0.000000 0.000000 1.000000
-0.011112 0.113507 0.993475 -3.890400 -0.814007 -0.578057 0.056939 0.000000 0.580749 -0.808063 0.098819 0.000000 0.000000 0.000000 0.000000 1.000000
0.020546 0.115553 0.993089 -3.890400 -0.847529 -0.524895 0.078610 -0.000000 0.530351 -0.843287 0.087150 -0.000000 0.000000 0.000000 0.000000 1.000000
0.041313 0.104549 0.993661 -3.890400 -0.884388 -0.458937 0.085057 -0.000000 0.464920 -0.882296 0.073501 -0.000000 0.000000 0.000000 0.000000 1.000000
0.048040 0.095511 0.994268 -3.890400 -0.919683 -0.384145 0.081338 -0.000000 0.389711 -0.918319 0.069386 0.000000 0.000000 0.000000 0.000000 1.000000
0.044774 0.097996 0.994179 -3.890400 -0.949262 -0.305920 0.072906 0.000000 0.311284 -0.947000 0.079326 0.000000 0.000000 0.000000 0.000000 1.000000
0.034858 0.108048 0.993534 -3.890400 -0.971105 -0.231192 0.059213 0.000000 0.236095 -0.966890 0.096867 0.000000 0.000000 0.000000 0.000000 1.000000
0.019167 0.120873 0.992483 -3.890400 -0.986043 -0.161918 0.038763 0.000000 0.165386 -0.979373 0.116082 0.000000 0.000000 0.000000 0.000000 1.000000
0.001147 0.141288 0.989968 -3.890400 -0.995428 -0.094384 0.014624 0.000000 0.095504 -0.985459 0.140534 -0.000000 0.000000 0.000000 0.000000 1.000000
-0.013217 0.174709 0.984531 -3.890400 -0.999754 -0.019866 -0.009896 0.000000 0.017830 -0.984420 0.174928 0.000000 0.000000 0.000000 0.000000 1.000000
-0.024943 0.214104 0.976492 -3.890400 -0.996796 0.068936 -0.040576 0.000000 -0.076003 -0.974375 0.211698 -0.000000 0.000000 0.000000 0.000000 1.000000
-0.045821 0.241844 0.969233 -3.890400 -0.985609 0.147095 -0.083299 0.000000 -0.162715 -0.959101 0.231624 0.000000 0.000000 0.000000 0.000000 1.000000
-0.083739 0.243972 0.966160 -3.890400 -0.969549 0.203971 -0.135539 0.000000 -0.230136 -0.948090 0.219462 0.000000 0.000000 0.000000 0.000000 1.000000
-0.134304 0.220502 0.966096 -3.890400 -0.955074 0.231119 -0.185522 0.000000 -0.264191 -0.947609 0.179556 0.000000 0.000000 0.000000 0.000000 1.000000
-0.213019 0.158310 0.964137 -3.890400 -0.961772 0.139838 -0.235457 0.000000 -0.172099 -0.977437 0.122470 0.000000 0.000000 0.000000 0.000000 1.000000
-0.245453 0.083865 0.965774 -3.890400 -0.967682 0.038235 -0.249258 0.000000 -0.057830 -0.995743 0.071770 0.000000 0.000000 0.000000 0.000000 1.000000
-0.238887 0.009322 0.971003 -3.890400 -0.967341 -0.089568 -0.237126 0.000000 0.084760 -0.995937 0.030414 0.000000 0.000000 0.000000 0.000000 1.000000
-0.197744 -0.045257 0.979209 -3.890400 -0.948847 -0.241997 -0.202797 0.000000 0.246144 -0.969221 0.004911 0.000000 0.000000 0.000000 0.000000 1.000000
-0.148693 -0.061032 0.986998 -3.890400 -0.918778 -0.360581 -0.160712 0.000000 0.365701 -0.930729 -0.002459 0.000000 0.000000 0.000000 0.000000 1.000000
-0.113389 -0.047828 0.992399 -3.890400 -0.891330 -0.436386 -0.122873 0.000000 0.438946 -0.898487 0.006851 -0.000000 0.000000 0.000000 0.000000 1.000000
-0.095069 -0.023223 0.995200 -3.890400 -0.872387 -0.479589 -0.094528 0.000000 0.479482 -0.877186 0.025335 -0.000000 0.000000 0.000000 0.000000 1.000000
-0.086038 0.001607 0.996291 -3.890400 -0.857402 -0.509412 -0.073222 0.000000 0.507405 -0.860521 0.045207 0.000000 0.000000 0.000000 0.000000 1.000000
-0.082805 0.022945 0.996302 -3.890400 -0.836255 -0.545376 -0.056943 0.000000 0.542053 -0.837877 0.064347 -0.000000 0.000000 0.000000 0.000000 1.000000
-0.077008 0.043271 0.996091 -3.890400 -0.790794 -0.611105 -0.034590 0.000000 0.607219 -0.790366 0.081278 0.000000 0.000000 0.000000 0.000000 1.000000
