<?xml version="1.0" encoding="utf-8"?>
<COLLADA xmlns="http://www.collada.org/2005/11/COLLADASchema" version="1.4.1">
  <asset><contributor><author>Mixamo</author><authoring_tool>COLLADA Mixamo exporter</authoring_tool><comments></comments></contributor><created>2020-08-05T16:38:15Z</created><modified>2020-08-05T16:38:15Z</modified><revision></revision><title></title><unit meter="0.010000"/><up_axis>Y_UP</up_axis></asset>
  <library_animations>
    <animation id="Hips-anim" name="Hips"><source id="Hips-Matrix-animation-input"><float_array id="Hips-Matrix-animation-input-array" count="2">

0.000000 0.033333</float_array><technique_common><accessor source="#Hips-Matrix-animation-input-array" count="2"><param name="TIME" type="float"/></accessor></technique_common></source><source id="Hips-Matrix-animation-output-transform"><float_array id="Hips-Matrix-animation-output-transform-array" count="32">

-0.078584 -0.995840 0.046127 -145.945236 -0.069679 -0.040670 -0.996740 14.725608 0.994469 -0.081542 -0.066194 -8.644834 0.000000 0.000000 0.000000 1.000000
-0.079728 -0.995756 0.045966 -145.954941 -0.071241 -0.040303 -0.996645 14.711412 0.994268 -0.082735 -0.067726 -8.634888 0.000000 0.000000 0.000000 1.000000</float_array><technique_common><accessor source="#Hips-Matrix-animation-output-transform-array" count="2" stride="16"><param type="float4x4"/></accessor></technique_common></source><source id="Hips-Interpolations"><Name_array id="Hips-Interpolations-array" count="2">
 LINEAR LINEAR</Name_array><technique_common><accessor source="#Hips-Interpolations-array" count="2"><param type="name"/></accessor></technique_common></source><sampler id="Hips-Matrix-animation-transform"><input semantic="INPUT" source="#Hips-Matrix-animation-input"/><input semantic="OUTPUT" source="#Hips-Matrix-animation-output-transform"/><input semantic="INTERPOLATION" source="#Hips-Interpolations"/></sampler><channel source="#Hips-Matrix-animation-transform" target="Hips/matrix"/></animation>
    <animation id="Spine-anim" name="Spine"><source id="Spine-Matrix-animation-input"><float_array id="Spine-Matrix-animation-input-array" count="2">

0.000000 0.033333</float_array><technique_common><accessor source="#Spine-Matrix-animation-input-array" count="2"><param name="TIME" type="float"/></accessor></technique_common></source><source id="Spine-Matrix-animation-output-transform"><float_array id="Spine-Matrix-animation-output-transform-array" count="32">

0.997421 -0.071535 0.005755 0.000000 0.071763 0.993362 -0.089899 10.181600 0.000714 0.090080 0.995934 0.131500 0.000000 0.000000 0.000000 1.000000
0.997413 -0.071650 0.005855 0.000000 0.071886 0.993353 -0.089897 10.181600 0.000625 0.090085 0.995934 0.131500 0.000000 0.000000 0.000000 1.000000</float_array><technique_common><accessor source="#Spine-Matrix-animation-output-transform-array" count="2" stride="16"><param type="float4x4"/></accessor></technique_common></source><source id="Spine-Interpolations"><Name_array id="Spine-Interpolations-array" count="2">
 LINEAR LINEAR</Name_array><technique_common><accessor source="#Spine-Interpolations-array" count="2"><param type="name"/></accessor></technique_common></source><sampler id="Spine-Matrix-animation-transform"><input semantic="INPUT" source="#Spine-Matrix-animation-input"/><input semantic="OUTPUT" source="#Spine-Matrix-animation-output-transform"/><input semantic="INTERPOLATION" source="#Spine-Interpolations"/></sampler><channel source="#Spine-Matrix-animation-transform" target="Spine/matrix"/></animation>
    <animation id="Spine1-anim" name="Spine1"><source id="Spine1-Matrix-animation-input"><float_array id="Spine1-Matrix-animation-input-array" count="2">

0.000000 0.033333</float_array><technique_common><accessor source="#Spine1-Matrix-animation-input-array" count="2"><param name="TIME" type="float"/></accessor></technique_common></source><source id="Spine1-Matrix-animation-output-transform"><float_array id="Spine1-Matrix-animation-output-transform-array" count="32">

0.999987 -0.004906 0.001400 0.000000 0.005032 0.993719 -0.111790 10.083500 -0.000843 0.111796 0.993731 -1.000800 0.000000 0.000000 0.000000 1.000000
0.999991 -0.003814 0.001651 -0.000000 0.003975 0.993702 -0.111987 10.083500 -0.001214 0.111993 0.993708 -1.000800 0.000000 0.000000 0.000000 1.000000</float_array><technique_common><accessor source="#Spine1-Matrix-animation-output-transform-array" count="2" stride="16"><param type="float4x4"/></accessor></technique_common></source><source id="Spine1-Interpolations"><Name_array id="Spine1-Interpolations-array" count="2">
 LINEAR LINEAR</Name_array><technique_common><accessor source="#Spine1-Interpolations-array" count="2"><param type="name"/></accessor></technique_common></source><sampler id="Spine1-Matrix-animation-transform"><input semantic="INPUT" source="#Spine1-Matrix-animation-input"/><input semantic="OUTPUT" source="#Spine1-Matrix-animation-output-transform"/><input semantic="INTERPOLATION" source="#Spine1-Interpolations"/></sampler><channel source="#Spine1-Matrix-animation-transform" target="Spine1/matrix"/></animation>
    <animation id="Spine2-anim" name="Spine2"><source id="Spine2-Matrix-animation-input"><float_array id="Spine2-Matrix-animation-input-array" count="2">

0.000000 0.033333</float_array><technique_common><accessor source="#Spine2-Matrix-animation-input-array" count="2"><param name="TIME" type="float"/></accessor></technique_common></source><source id="Spine2-Matrix-animation-output-transform"><float_array id="Spine2-Matrix-animation-output-transform-array" count="32">

0.999986 -0.005263 -0.000360 0.000000 0.005190 0.993718 -0.111789 9.100000 0.000946 0.111785 0.993732 -1.373400 0.000000 0.000000 0.000000 1.000000
0.999991 -0.004173 -0.000147 0.000000 0.004130 0.993700 -0.111993 9.100000 0.000613 0.111991 0.993709 -1.373400 0.000000 0.000000 0.000000 1.000000</float_array><technique_common><accessor source="#Spine2-Matrix-animation-output-transform-array" count="2" stride="16"><param type="float4x4"/></accessor></technique_common></source><source id="Spine2-Interpolations"><Name_array id="Spine2-Interpolations-array" count="2">
 LINEAR LINEAR</Name_array><technique_common><accessor source="#Spine2-Interpolations-array" count="2"><param type="name"/></accessor></technique_common></source><sampler id="Spine2-Matrix-animation-transform"><input semantic="INPUT" source="#Spine2-Matrix-animation-input"/><input semantic="OUTPUT" source="#Spine2-Matrix-animation-output-transform"/><input semantic="INTERPOLATION" source="#Spine2-Interpolations"/></sampler><channel source="#Spine2-Matrix-animation-transform" target="Spine2/matrix"/></animation>
    <animation id="Neck-anim" name="Neck"><source id="Neck-Matrix-animation-input"><float_array id="Neck-Matrix-animation-input-array" count="2">

0.000000 0.033333</float_array><technique_common><accessor source="#Neck-Matrix-animation-input-array" count="2"><param name="TIME" type="float"/></accessor></technique_common></source><source id="Neck-Matrix-animation-output-transform"><float_array id="Neck-Matrix-animation-output-transform-array" count="32">

0.637353 -0.163071 -0.753119 -0.000000 0.433897 0.883631 0.175870 16.671700 0.636800 -0.438867 0.633941 -2.516200 0.000000 0.000000 0.000000 1.000000
0.637447 -0.160352 -0.753623 0.000000 0.430244 0.885487 0.175510 16.671700 0.639180 -0.436120 0.633442 -2.516200 0.000000 0.000000 0.000000 1.000000</float_array><technique_common><accessor source="#Neck-Matrix-animation-output-transform-array" count="2" stride="16"><param type="float4x4"/></accessor></technique_common></source><source id="Neck-Interpolations"><Name_array id="Neck-Interpolations-array" count="2">
 LINEAR LINEAR</Name_array><technique_common><accessor source="#Neck-Interpolations-array" count="2"><param type="name"/></accessor></technique_common></source><sampler id="Neck-Matrix-animation-transform"><input semantic="INPUT" source="#Neck-Matrix-animation-input"/><input semantic="OUTPUT" source="#Neck-Matrix-animation-output-transform"/><input semantic="INTERPOLATION" source="#Neck-Interpolations"/></sampler><channel source="#Neck-Matrix-animation-transform" target="Neck/matrix"/></animation>
    <animation id="Head-anim" name="Head"><source id="Head-Matrix-animation-input"><float_array id="Head-Matrix-animation-input-array" count="2">

0.000000 0.033333</float_array><technique_common><accessor source="#Head-Matrix-animation-input-array" count="2"><param name="TIME" type="float"/></accessor></technique_common></source><source id="Head-Matrix-animation-output-transform"><float_array id="Head-Matrix-animation-output-transform-array" count="32">

0.986531 0.014312 0.162948 0.000000 -0.004268 0.998078 -0.061827 9.617900 -0.163520 0.060298 0.984696 1.685000 0.000000 0.000000 0.000000 1.000000
0.986831 0.013570 0.161183 0.000000 -0.003335 0.997970 -0.063600 9.617900 -0.161719 0.062225 0.984873 1.685000 0.000000 0.000000 0.000000 1.000000</float_array><technique_common><accessor source="#Head-Matrix-animation-output-transform-array" count="2" stride="16"><param type="float4x4"/></accessor></technique_common></source><source id="Head-Interpolations"><Name_array id="Head-Interpolations-array" count="2">
 LINEAR LINEAR</Name_array><technique_common><accessor source="#Head-Interpolations-array" count="2"><param type="name"/></accessor></technique_common></source><sampler id="Head-Matrix-animation-transform"><input semantic="INPUT" source="#Head-Matrix-animation-input"/><input semantic="OUTPUT" source="#Head-Matrix-animation-output-transform"/><input semantic="INTERPOLATION" source="#Head-Interpolations"/></sampler><channel source="#Head-Matrix-animation-transform" target="Head/matrix"/></animation>
    <animation id="LeftShoulder-anim" name="LeftShoulder"><source id="LeftShoulder-Matrix-animation-input"><float_array id="LeftShoulder-Matrix-animation-input-array" count="2">

0.000000 0.033333</float_array><technique_common><accessor source="#LeftShoulder-Matrix-animation-input-array" count="2"><param name="TIME" type="float"/></accessor></technique_common></source><source id="LeftShoulder-Matrix-animation-output-transform"><float_array id="LeftShoulder-Matrix-animation-output-transform-array" count="32">

0.901180 0.389647 -0.189866 4.570400 -0.167881 0.717625 0.675892 10.946000 0.399612 -0.577226 0.712124 -2.628000 0.000000 0.000000 0.000000 1.000000
0.904348 0.385761 -0.182598 4.570400 -0.169747 0.717643 0.675407 10.946000 0.391586 -0.579808 0.714481 -2.628000 0.000000 0.000000 0.000000 1.000000</float_array><technique_common><accessor source="#LeftShoulder-Matrix-animation-output-transform-array" count="2" stride="16"><param type="float4x4"/></accessor></technique_common></source><source id="LeftShoulder-Interpolations"><Name_array id="LeftShoulder-Interpolations-array" count="2">
 LINEAR LINEAR</Name_array><technique_common><accessor source="#LeftShoulder-Interpolations-array" count="2"><param type="name"/></accessor></technique_common></source><sampler id="LeftShoulder-Matrix-animation-transform"><input semantic="INPUT" source="#LeftShoulder-Matrix-animation-input"/><input semantic="OUTPUT" source="#LeftShoulder-Matrix-animation-output-transform"/><input semantic="INTERPOLATION" source="#LeftShoulder-Interpolations"/></sampler><channel source="#LeftShoulder-Matrix-animation-transform" target="LeftShoulder/matrix"/></animation>
    <animation id="LeftArm-anim" name="LeftArm"><source id="LeftArm-Matrix-animation-input"><float_array id="LeftArm-Matrix-animation-input-array" count="2">

0.000000 0.033333</float_array><technique_common><accessor source="#LeftArm-Matrix-animation-input-array" count="2"><param name="TIME" type="float"/></accessor></technique_common></source><source id="LeftArm-Matrix-animation-output-transform"><float_array id="LeftArm-Matrix-animation-output-transform-array" count="32">

0.690276 -0.234409 0.684523 10.592400 -0.469913 0.574148 0.670474 -0.524600 -0.550183 -0.784478 0.286169 -2.232100 0.000000 0.000000 0.000000 1.000000
0.692238 -0.226624 0.685163 10.592400 -0.474731 0.572074 0.668851 -0.524600 -0.543542 -0.788272 0.288426 -2.232100 0.000000 0.000000 0.000000 1.000000</float_array><technique_common><accessor source="#LeftArm-Matrix-animation-output-transform-array" count="2" stride="16"><param type="float4x4"/></accessor></technique_common></source><source id="LeftArm-Interpolations"><Name_array id="LeftArm-Interpolations-array" count="2">
 LINEAR LINEAR</Name_array><technique_common><accessor source="#LeftArm-Interpolations-array" count="2"><param type="name"/></accessor></technique_common></source><sampler id="LeftArm-Matrix-animation-transform"><input semantic="INPUT" source="#LeftArm-Matrix-animation-input"/><input semantic="OUTPUT" source="#LeftArm-Matrix-animation-output-transform"/><input semantic="INTERPOLATION" source="#LeftArm-Interpolations"/></sampler><channel source="#LeftArm-Matrix-animation-transform" target="LeftArm/matrix"/></animation>
    <animation id="LeftForeArm-anim" name="LeftForeArm"><source id="LeftForeArm-Matrix-animation-input"><float_array id="LeftForeArm-Matrix-animation-input-array" count="2">

0.000000 0.033333</float_array><technique_common><accessor source="#LeftForeArm-Matrix-animation-input-array" count="2"><param name="TIME" type="float"/></accessor></technique_common></source><source id="LeftForeArm-Matrix-animation-output-transform"><float_array id="LeftForeArm-Matrix-animation-output-transform-array" count="32">

0.797255 0.170528 -0.579055 27.841499 -0.065403 0.978023 0.197973 -0.000100 0.600089 -0.119963 0.790887 0.000000 0.000000 0.000000 0.000000 1.000000
0.796369 0.174206 -0.579179 27.841499 -0.067173 0.977172 0.201552 -0.000100 0.601069 -0.121604 0.789891 -0.000000 0.000000 0.000000 0.000000 1.000000</float_array><technique_common><accessor source="#LeftForeArm-Matrix-animation-output-transform-array" count="2" stride="16"><param type="float4x4"/></accessor></technique_common></source><source id="LeftForeArm-Interpolations"><Name_array id="LeftForeArm-Interpolations-array" count="2">
 LINEAR LINEAR</Name_array><technique_common><accessor source="#LeftForeArm-Interpolations-array" count="2"><param type="name"/></accessor></technique_common></source><sampler id="LeftForeArm-Matrix-animation-transform"><input semantic="INPUT" source="#LeftForeArm-Matrix-animation-input"/><input semantic="OUTPUT" source="#LeftForeArm-Matrix-animation-output-transform"/><input semantic="INTERPOLATION" source="#LeftForeArm-Interpolations"/></sampler><channel source="#LeftForeArm-Matrix-animation-transform" target="LeftForeArm/matrix"/></animation>
    <animation id="LeftHand-anim" name="LeftHand"><source id="LeftHand-Matrix-animation-input"><float_array id="LeftHand-Matrix-animation-input-array" count="2">

0.000000 0.033333</float_array><technique_common><accessor source="#LeftHand-Matrix-animation-input-array" count="2"><param name="TIME" type="float"/></accessor></technique_common></source><source id="LeftHand-Matrix-animation-output-transform"><float_array id="LeftHand-Matrix-animation-output-transform-array" count="32">

0.987264 -0.061327 -0.146793 28.328800 0.095024 0.967351 0.234951 0.000000 0.127591 -0.245908 0.960859 0.000000 0.000000 0.000000 0.000000 1.000000
0.986882 -0.062936 -0.148667 28.328800 0.095426 0.970197 0.222738 -0.000000 0.130218 -0.234003 0.963476 0.000000 0.000000 0.000000 0.000000 1.000000</float_array><technique_common><accessor source="#LeftHand-Matrix-animation-output-transform-array" count="2" stride="16"><param type="float4x4"/></accessor></technique_common></source><source id="LeftHand-Interpolations"><Name_array id="LeftHand-Interpolations-array" count="2">
 LINEAR LINEAR</Name_array><technique_common><accessor source="#LeftHand-Interpolations-array" count="2"><param type="name"/></accessor></technique_common></source><sampler id="LeftHand-Matrix-animation-transform"><input semantic="INPUT" source="#LeftHand-Matrix-animation-input"/><input semantic="OUTPUT" source="#LeftHand-Matrix-animation-output-transform"/><input semantic="INTERPOLATION" source="#LeftHand-Interpolations"/></sampler><channel source="#LeftHand-Matrix-animation-transform" target="LeftHand/matrix"/></animation>
    <animation id="LeftHandThumb1-anim" name="LeftHandThumb1"><source id="LeftHandThumb1-Matrix-animation-input"><float_array id="LeftHandThumb1-Matrix-animation-input-array" count="2">

0.000000 0.033333</float_array><technique_common><accessor source="#LeftHandThumb1-Matrix-animation-input-array" count="2"><param name="TIME" type="float"/></accessor></technique_common></source><source id="LeftHandThumb1-Matrix-animation-output-transform"><float_array id="LeftHandThumb1-Matrix-animation-output-transform-array" count="32">

0.966647 -0.007118 -0.256012 2.466100 -0.159742 0.764587 -0.624411 -1.575000 0.200188 0.644481 0.737949 2.682400 0.000000 0.000000 0.000000 1.000000
0.967777 -0.014426 -0.251396 2.466100 -0.151255 0.764879 -0.626165 -1.575000 0.201321 0.644012 0.738050 2.682400 0.000000 0.000000 0.000000 1.000000</float_array><technique_common><accessor source="#LeftHandThumb1-Matrix-animation-output-transform-array" count="2" stride="16"><param type="float4x4"/></accessor></technique_common></source><source id="LeftHandThumb1-Interpolations"><Name_array id="LeftHandThumb1-Interpolations-array" count="2">
 LINEAR LINEAR</Name_array><technique_common><accessor source="#LeftHandThumb1-Interpolations-array" count="2"><param type="name"/></accessor></technique_common></source><sampler id="LeftHandThumb1-Matrix-animation-transform"><input semantic="INPUT" source="#LeftHandThumb1-Matrix-animation-input"/><input semantic="OUTPUT" source="#LeftHandThumb1-Matrix-animation-output-transform"/><input semantic="INTERPOLATION" source="#LeftHandThumb1-Interpolations"/></sampler><channel source="#LeftHandThumb1-Matrix-animation-transform" target="LeftHandThumb1/matrix"/></animation>
    <animation id="LeftHandThumb2-anim" name="LeftHandThumb2"><source id="LeftHandThumb2-Matrix-animation-input"><float_array id="LeftHandThumb2-Matrix-animation-input-array" count="2">

0.000000 0.033333</float_array><technique_common><accessor source="#LeftHandThumb2-Matrix-animation-input-array" count="2"><param name="TIME" type="float"/></accessor></technique_common></source><source id="LeftHandThumb2-Matrix-animation-output-transform"><float_array id="LeftHandThumb2-Matrix-animation-output-transform-array" count="32">

0.864934 -0.173274 0.471026 3.229800 0.240934 0.966650 -0.086826 -1.864700 -0.440272 0.188585 0.877836 1.864700 0.000000 0.000000 0.000000 1.000000
0.864935 -0.173274 0.471023 3.229800 0.240933 0.966650 -0.086824 -1.864700 -0.440271 0.188582 0.877837 1.864700 0.000000 0.000000 0.000000 1.000000</float_array><technique_common><accessor source="#LeftHandThumb2-Matrix-animation-output-transform-array" count="2" stride="16"><param type="float4x4"/></accessor></technique_common></source><source id="LeftHandThumb2-Interpolations"><Name_array id="LeftHandThumb2-Interpolations-array" count="2">
 LINEAR LINEAR</Name_array><technique_common><accessor source="#LeftHandThumb2-Interpolations-array" count="2"><param type="name"/></accessor></technique_common></source><sampler id="LeftHandThumb2-Matrix-animation-transform"><input semantic="INPUT" source="#LeftHandThumb2-Matrix-animation-input"/><input semantic="OUTPUT" source="#LeftHandThumb2-Matrix-animation-output-transform"/><input semantic="INTERPOLATION" source="#LeftHandThumb2-Interpolations"/></sampler><channel source="#LeftHandThumb2-Matrix-animation-transform" target="LeftHandThumb2/matrix"/></animation>
    <animation id="LeftHandThumb3-anim" name="LeftHandThumb3"><source id="LeftHandThumb3-Matrix-animation-input"><float_array id="LeftHandThumb3-Matrix-animation-input-array" count="2">

0.000000 0.033333</float_array><technique_common><accessor source="#LeftHandThumb3-Matrix-animation-input-array" count="2"><param name="TIME" type="float"/></accessor></technique_common></source><source id="LeftHandThumb3-Matrix-animation-output-transform"><float_array id="LeftHandThumb3-Matrix-animation-output-transform-array" count="32">

0.697197 -0.291865 0.654776 2.652600 0.397727 0.917388 -0.014570 -1.531500 -0.596431 0.270580 0.755683 1.531500 0.000000 0.000000 0.000000 1.000000
0.697196 -0.291865 0.654777 2.652600 0.397727 0.917388 -0.014570 -1.531500 -0.596432 0.270581 0.755681 1.531500 0.000000 0.000000 0.000000 1.000000</float_array><technique_common><accessor source="#LeftHandThumb3-Matrix-animation-output-transform-array" count="2" stride="16"><param type="float4x4"/></accessor></technique_common></source><source id="LeftHandThumb3-Interpolations"><Name_array id="LeftHandThumb3-Interpolations-array" count="2">
 LINEAR LINEAR</Name_array><technique_common><accessor source="#LeftHandThumb3-Interpolations-array" count="2"><param type="name"/></accessor></technique_common></source><sampler id="LeftHandThumb3-Matrix-animation-transform"><input semantic="INPUT" source="#LeftHandThumb3-Matrix-animation-input"/><input semantic="OUTPUT" source="#LeftHandThumb3-Matrix-animation-output-transform"/><input semantic="INTERPOLATION" source="#LeftHandThumb3-Interpolations"/></sampler><channel source="#LeftHandThumb3-Matrix-animation-transform" target="LeftHandThumb3/matrix"/></animation>
    <animation id="LeftHandIndex1-anim" name="LeftHandIndex1"><source id="LeftHandIndex1-Matrix-animation-input"><float_array id="LeftHandIndex1-Matrix-animation-input-array" count="2">

0.000000 0.033333</float_array><technique_common><accessor source="#LeftHandIndex1-Matrix-animation-input-array" count="2"><param name="TIME" type="float"/></accessor></technique_common></source><source id="LeftHandIndex1-Matrix-animation-output-transform"><float_array id="LeftHandIndex1-Matrix-animation-output-transform-array" count="32">

0.482070 0.874753 0.049152 9.109300 -0.866688 0.484338 -0.119453 -0.517100 -0.128298 0.014985 0.991622 2.260100 0.000000 0.000000 0.000000 1.000000
0.482072 0.874752 0.049153 9.109300 -0.866687 0.484339 -0.119453 -0.517100 -0.128298 0.014985 0.991622 2.260100 0.000000 0.000000 0.000000 1.000000</float_array><technique_common><accessor source="#LeftHandIndex1-Matrix-animation-output-transform-array" count="2" stride="16"><param type="float4x4"/></accessor></technique_common></source><source id="LeftHandIndex1-Interpolations"><Name_array id="LeftHandIndex1-Interpolations-array" count="2">
 LINEAR LINEAR</Name_array><technique_common><accessor source="#LeftHandIndex1-Interpolations-array" count="2"><param type="name"/></accessor></technique_common></source><sampler id="LeftHandIndex1-Matrix-animation-transform"><input semantic="INPUT" source="#LeftHandIndex1-Matrix-animation-input"/><input semantic="OUTPUT" source="#LeftHandIndex1-Matrix-animation-output-transform"/><input semantic="INTERPOLATION" source="#LeftHandIndex1-Interpolations"/></sampler><channel source="#LeftHandIndex1-Matrix-animation-transform" target="LeftHandIndex1/matrix"/></animation>
    <animation id="LeftHandIndex2-anim" name="LeftHandIndex2"><source id="LeftHandIndex2-Matrix-animation-input"><float_array id="LeftHandIndex2-Matrix-animation-input-array" count="2">

0.000000 0.033333</float_array><technique_common><accessor source="#LeftHandIndex2-Matrix-animation-input-array" count="2"><param name="TIME" type="float"/></accessor></technique_common></source><source id="LeftHandIndex2-Matrix-animation-output-transform"><float_array id="LeftHandIndex2-Matrix-animation-output-transform-array" count="32">

0.001766 0.991181 0.132502 3.676400 -0.989686 0.020713 -0.141751 0.000000 -0.143245 -0.130885 0.980994 -0.000000 0.000000 0.000000 0.000000 1.000000
0.001767 0.991181 0.132502 3.676400 -0.989685 0.020714 -0.141752 0.000000 -0.143246 -0.130885 0.980994 0.000000 0.000000 0.000000 0.000000 1.000000</float_array><technique_common><accessor source="#LeftHandIndex2-Matrix-animation-output-transform-array" count="2" stride="16"><param type="float4x4"/></accessor></technique_common></source><source id="LeftHandIndex2-Interpolations"><Name_array id="LeftHandIndex2-Interpolations-array" count="2">
 LINEAR LINEAR</Name_array><technique_common><accessor source="#LeftHandIndex2-Interpolations-array" count="2"><param type="name"/></accessor></technique_common></source><sampler id="LeftHandIndex2-Matrix-animation-transform"><input semantic="INPUT" source="#LeftHandIndex2-Matrix-animation-input"/><input semantic="OUTPUT" source="#LeftHandIndex2-Matrix-animation-output-transform"/><input semantic="INTERPOLATION" source="#LeftHandIndex2-Interpolations"/></sampler><channel source="#LeftHandIndex2-Matrix-animation-transform" target="LeftHandIndex2/matrix"/></animation>
    <animation id="LeftHandIndex3-anim" name="LeftHandIndex3"><source id="LeftHandIndex3-Matrix-animation-input"><float_array id="LeftHandIndex3-Matrix-animation-input-array" count="2">

0.000000 0.033333</float_array><technique_common><accessor source="#LeftHandIndex3-Matrix-animation-input-array" count="2"><param name="TIME" type="float"/></accessor></technique_common></source><source id="LeftHandIndex3-Matrix-animation-output-transform"><float_array id="LeftHandIndex3-Matrix-animation-output-transform-array" count="32">

0.737586 0.660181 0.141872 2.883100 -0.662515 0.748136 -0.036958 -0.000000 -0.130539 -0.066732 0.989195 0.000000 0.000000 0.000000 0.000000 1.000000
0.737583 0.660184 0.141873 2.883100 -0.662518 0.748134 -0.036959 0.000000 -0.130540 -0.066733 0.989195 0.000000 0.000000 0.000000 0.000000 1.000000</float_array><technique_common><accessor source="#LeftHandIndex3-Matrix-animation-output-transform-array" count="2" stride="16"><param type="float4x4"/></accessor></technique_common></source><source id="LeftHandIndex3-Interpolations"><Name_array id="LeftHandIndex3-Interpolations-array" count="2">
 LINEAR LINEAR</Name_array><technique_common><accessor source="#LeftHandIndex3-Interpolations-array" count="2"><param type="name"/></accessor></technique_common></source><sampler id="LeftHandIndex3-Matrix-animation-transform"><input semantic="INPUT" source="#LeftHandIndex3-Matrix-animation-input"/><input semantic="OUTPUT" source="#LeftHandIndex3-Matrix-animation-output-transform"/><input semantic="INTERPOLATION" source="#LeftHandIndex3-Interpolations"/></sampler><channel source="#LeftHandIndex3-Matrix-animation-transform" target="LeftHandIndex3/matrix"/></animation>
    <animation id="LeftHandMiddle1-anim" name="LeftHandMiddle1"><source id="LeftHandMiddle1-Matrix-animation-input"><float_array id="LeftHandMiddle1-Matrix-animation-input-array" count="2">

0.000000 0.033333</float_array><technique_common><accessor source="#LeftHandMiddle1-Matrix-animation-input-array" count="2"><param name="TIME" type="float"/></accessor></technique_common></source><source id="LeftHandMiddle1-Matrix-animation-output-transform"><float_array id="LeftHandMiddle1-Matrix-animation-output-transform-array" count="32">

0.457803 0.885324 0.081345 9.533400 -0.889053 0.455961 0.041033 0.000000 -0.000763 -0.091105 0.995841 0.000000 0.000000 0.000000 0.000000 1.000000
0.457806 0.885323 0.081347 9.533400 -0.889052 0.455964 0.041032 -0.000000 -0.000764 -0.091106 0.995841 0.000000 0.000000 0.000000 0.000000 1.000000</float_array><technique_common><accessor source="#LeftHandMiddle1-Matrix-animation-output-transform-array" count="2" stride="16"><param type="float4x4"/></accessor></technique_common></source><source id="LeftHandMiddle1-Interpolations"><Name_array id="LeftHandMiddle1-Interpolations-array" count="2">
 LINEAR LINEAR</Name_array><technique_common><accessor source="#LeftHandMiddle1-Interpolations-array" count="2"><param type="name"/></accessor></technique_common></source><sampler id="LeftHandMiddle1-Matrix-animation-transform"><input semantic="INPUT" source="#LeftHandMiddle1-Matrix-animation-input"/><input semantic="OUTPUT" source="#LeftHandMiddle1-Matrix-animation-output-transform"/><input semantic="INTERPOLATION" source="#LeftHandMiddle1-Interpolations"/></sampler><channel source="#LeftHandMiddle1-Matrix-animation-transform" target="LeftHandMiddle1/matrix"/></animation>
    <animation id="LeftHandMiddle2-anim" name="LeftHandMiddle2"><source id="LeftHandMiddle2-Matrix-animation-input"><float_array id="LeftHandMiddle2-Matrix-animation-input-array" count="2">

0.000000 0.033333</float_array><technique_common><accessor source="#LeftHandMiddle2-Matrix-animation-input-array" count="2"><param name="TIME" type="float"/></accessor></technique_common></source><source id="LeftHandMiddle2-Matrix-animation-output-transform"><float_array id="LeftHandMiddle2-Matrix-animation-output-transform-array" count="32">

0.050677 0.983891 0.171436 3.698200 -0.985769 0.076828 -0.149524 0.000000 -0.160287 -0.161419 0.973782 0.000000 0.000000 0.000000 0.000000 1.000000
0.050677 0.983891 0.171436 3.698200 -0.985769 0.076827 -0.149524 0.000000 -0.160286 -0.161419 0.973782 0.000000 0.000000 0.000000 0.000000 1.000000</float_array><technique_common><accessor source="#LeftHandMiddle2-Matrix-animation-output-transform-array" count="2" stride="16"><param type="float4x4"/></accessor></technique_common></source><source id="LeftHandMiddle2-Interpolations"><Name_array id="LeftHandMiddle2-Interpolations-array" count="2">
 LINEAR LINEAR</Name_array><technique_common><accessor source="#LeftHandMiddle2-Interpolations-array" count="2"><param type="name"/></accessor></technique_common></source><sampler id="LeftHandMiddle2-Matrix-animation-transform"><input semantic="INPUT" source="#LeftHandMiddle2-Matrix-animation-input"/><input semantic="OUTPUT" source="#LeftHandMiddle2-Matrix-animation-output-transform"/><input semantic="INTERPOLATION" source="#LeftHandMiddle2-Interpolations"/></sampler><channel source="#LeftHandMiddle2-Matrix-animation-transform" target="LeftHandMiddle2/matrix"/></animation>
    <animation id="LeftHandMiddle3-anim" name="LeftHandMiddle3"><source id="LeftHandMiddle3-Matrix-animation-input"><float_array id="LeftHandMiddle3-Matrix-animation-input-array" count="2">

0.000000 0.033333</float_array><technique_common><accessor source="#LeftHandMiddle3-Matrix-animation-input-array" count="2"><param name="TIME" type="float"/></accessor></technique_common></source><source id="LeftHandMiddle3-Matrix-animation-output-transform"><float_array id="LeftHandMiddle3-Matrix-animation-output-transform-array" count="32">

0.790594 0.606320 0.085652 2.950900 -0.605829 0.794842 -0.034600 -0.000000 -0.089059 -0.024536 0.995724 0.000000 0.000000 0.000000 0.000000 1.000000
0.790595 0.606320 0.085653 2.950900 -0.605829 0.794842 -0.034600 -0.000000 -0.089059 -0.024536 0.995724 0.000000 0.000000 0.000000 0.000000 1.000000</float_array><technique_common><accessor source="#LeftHandMiddle3-Matrix-animation-output-transform-array" count="2" stride="16"><param type="float4x4"/></accessor></technique_common></source><source id="LeftHandMiddle3-Interpolations"><Name_array id="LeftHandMiddle3-Interpolations-array" count="2">
 LINEAR LINEAR</Name_array><technique_common><accessor source="#LeftHandMiddle3-Interpolations-array" count="2"><param type="name"/></accessor></technique_common></source><sampler id="LeftHandMiddle3-Matrix-animation-transform"><input semantic="INPUT" source="#LeftHandMiddle3-Matrix-animation-input"/><input semantic="OUTPUT" source="#LeftHandMiddle3-Matrix-animation-output-transform"/><input semantic="INTERPOLATION" source="#LeftHandMiddle3-Interpolations"/></sampler><channel source="#LeftHandMiddle3-Matrix-animation-transform" target="LeftHandMiddle3/matrix"/></animation>
    <animation id="LeftHandRing1-anim" name="LeftHandRing1"><source id="LeftHandRing1-Matrix-animation-input"><float_array id="LeftHandRing1-Matrix-animation-input-array" count="2">

0.000000 0.033333</float_array><technique_common><accessor source="#LeftHandRing1-Matrix-animation-input-array" count="2"><param name="TIME" type="float"/></accessor></technique_common></source><source id="LeftHandRing1-Matrix-animation-output-transform"><float_array id="LeftHandRing1-Matrix-animation-output-transform-array" count="32">

0.480884 0.859336 0.174046 9.104500 -0.875156 0.458346 0.154989 -0.043900 0.053415 -0.226849 0.972464 -1.865100 0.000000 0.000000 0.000000 1.000000
0.480887 0.859335 0.174045 9.104500 -0.875154 0.458349 0.154989 -0.043900 0.053414 -0.226849 0.972464 -1.865100 0.000000 0.000000 0.000000 1.000000</float_array><technique_common><accessor source="#LeftHandRing1-Matrix-animation-output-transform-array" count="2" stride="16"><param type="float4x4"/></accessor></technique_common></source><source id="LeftHandRing1-Interpolations"><Name_array id="LeftHandRing1-Interpolations-array" count="2">
 LINEAR LINEAR</Name_array><technique_common><accessor source="#LeftHandRing1-Interpolations-array" count="2"><param type="name"/></accessor></technique_common></source><sampler id="LeftHandRing1-Matrix-animation-transform"><input semantic="INPUT" source="#LeftHandRing1-Matrix-animation-input"/><input semantic="OUTPUT" source="#LeftHandRing1-Matrix-animation-output-transform"/><input semantic="INTERPOLATION" source="#LeftHandRing1-Interpolations"/></sampler><channel source="#LeftHandRing1-Matrix-animation-transform" target="LeftHandRing1/matrix"/></animation>
    <animation id="LeftHandRing2-anim" name="LeftHandRing2"><source id="LeftHandRing2-Matrix-animation-input"><float_array id="LeftHandRing2-Matrix-animation-input-array" count="2">

0.000000 0.033333</float_array><technique_common><accessor source="#LeftHandRing2-Matrix-animation-input-array" count="2"><param name="TIME" type="float"/></accessor></technique_common></source><source id="LeftHandRing2-Matrix-animation-output-transform"><float_array id="LeftHandRing2-Matrix-animation-output-transform-array" count="32">

0.387058 0.907210 0.164790 3.154000 -0.900094 0.410530 -0.145934 0.000000 -0.200044 -0.091841 0.975473 0.000000 0.000000 0.000000 0.000000 1.000000
0.387057 0.907211 0.164790 3.154000 -0.900094 0.410529 -0.145934 0.000000 -0.200044 -0.091842 0.975473 -0.000000 0.000000 0.000000 0.000000 1.000000</float_array><technique_common><accessor source="#LeftHandRing2-Matrix-animation-output-transform-array" count="2" stride="16"><param type="float4x4"/></accessor></technique_common></source><source id="LeftHandRing2-Interpolations"><Name_array id="LeftHandRing2-Interpolations-array" count="2">
 LINEAR LINEAR</Name_array><technique_common><accessor source="#LeftHandRing2-Interpolations-array" count="2"><param type="name"/></accessor></technique_common></source><sampler id="LeftHandRing2-Matrix-animation-transform"><input semantic="INPUT" source="#LeftHandRing2-Matrix-animation-input"/><input semantic="OUTPUT" source="#LeftHandRing2-Matrix-animation-output-transform"/><input semantic="INTERPOLATION" source="#LeftHandRing2-Interpolations"/></sampler><channel source="#LeftHandRing2-Matrix-animation-transform" target="LeftHandRing2/matrix"/></animation>
    <animation id="LeftHandRing3-anim" name="LeftHandRing3"><source id="LeftHandRing3-Matrix-animation-input"><float_array id="LeftHandRing3-Matrix-animation-input-array" count="2">

0.000000 0.033333</float_array><technique_common><accessor source="#LeftHandRing3-Matrix-animation-input-array" count="2"><param name="TIME" type="float"/></accessor></technique_common></source><source id="LeftHandRing3-Matrix-animation-output-transform"><float_array id="LeftHandRing3-Matrix-animation-output-transform-array" count="32">

0.330737 0.928017 0.171454 2.937700 -0.929224 0.351960 -0.112543 0.000000 -0.164787 -0.122097 0.978743 0.000000 0.000000 0.000000 0.000000 1.000000
0.330734 0.928019 0.171453 2.937700 -0.929226 0.351957 -0.112543 -0.000000 -0.164786 -0.122097 0.978743 -0.000000 0.000000 0.000000 0.000000 1.000000</float_array><technique_common><accessor source="#LeftHandRing3-Matrix-animation-output-transform-array" count="2" stride="16"><param type="float4x4"/></accessor></technique_common></source><source id="LeftHandRing3-Interpolations"><Name_array id="LeftHandRing3-Interpolations-array" count="2">
 LINEAR LINEAR</Name_array><technique_common><accessor source="#LeftHandRing3-Interpolations-array" count="2"><param type="name"/></accessor></technique_common></source><sampler id="LeftHandRing3-Matrix-animation-transform"><input semantic="INPUT" source="#LeftHandRing3-Matrix-animation-input"/><input semantic="OUTPUT" source="#LeftHandRing3-Matrix-animation-output-transform"/><input semantic="INTERPOLATION" source="#LeftHandRing3-Interpolations"/></sampler><channel source="#LeftHandRing3-Matrix-animation-transform" target="LeftHandRing3/matrix"/></animation>
    <animation id="LeftHandPinky1-anim" name="LeftHandPinky1"><source id="LeftHandPinky1-Matrix-animation-input"><float_array id="LeftHandPinky1-Matrix-animation-input-array" count="2">

0.000000 0.033333</float_array><technique_common><accessor source="#LeftHandPinky1-Matrix-animation-input-array" count="2"><param name="TIME" type="float"/></accessor></technique_common></source><source id="LeftHandPinky1-Matrix-animation-output-transform"><float_array id="LeftHandPinky1-Matrix-animation-output-transform-array" count="32">

0.602171 0.756769 0.254346 8.077800 -0.793212 0.530962 0.298150 -0.488700 0.090583 -0.381288 0.920008 -3.806100 0.000000 0.000000 0.000000 1.000000
0.602173 0.756767 0.254345 8.077800 -0.793211 0.530965 0.298150 -0.488700 0.090582 -0.381287 0.920008 -3.806100 0.000000 0.000000 0.000000 1.000000</float_array><technique_common><accessor source="#LeftHandPinky1-Matrix-animation-output-transform-array" count="2" stride="16"><param type="float4x4"/></accessor></technique_common></source><source id="LeftHandPinky1-Interpolations"><Name_array id="LeftHandPinky1-Interpolations-array" count="2">
 LINEAR LINEAR</Name_array><technique_common><accessor source="#LeftHandPinky1-Interpolations-array" count="2"><param type="name"/></accessor></technique_common></source><sampler id="LeftHandPinky1-Matrix-animation-transform"><input semantic="INPUT" source="#LeftHandPinky1-Matrix-animation-input"/><input semantic="OUTPUT" source="#LeftHandPinky1-Matrix-animation-output-transform"/><input semantic="INTERPOLATION" source="#LeftHandPinky1-Interpolations"/></sampler><channel source="#LeftHandPinky1-Matrix-animation-transform" target="LeftHandPinky1/matrix"/></animation>
    <animation id="LeftHandPinky2-anim" name="LeftHandPinky2"><source id="LeftHandPinky2-Matrix-animation-input"><float_array id="LeftHandPinky2-Matrix-animation-input-array" count="2">

0.000000 0.033333</float_array><technique_common><accessor source="#LeftHandPinky2-Matrix-animation-input-array" count="2"><param name="TIME" type="float"/></accessor></technique_common></source><source id="LeftHandPinky2-Matrix-animation-output-transform"><float_array id="LeftHandPinky2-Matrix-animation-output-transform-array" count="32">

0.089391 0.984599 0.150248 3.600000 -0.981972 0.112350 -0.152016 0.000000 -0.166555 -0.133951 0.976891 -0.000000 0.000000 0.000000 0.000000 1.000000
0.089390 0.984599 0.150248 3.600000 -0.981972 0.112349 -0.152016 0.000000 -0.166555 -0.133951 0.976891 -0.000000 0.000000 0.000000 0.000000 1.000000</float_array><technique_common><accessor source="#LeftHandPinky2-Matrix-animation-output-transform-array" count="2" stride="16"><param type="float4x4"/></accessor></technique_common></source><source id="LeftHandPinky2-Interpolations"><Name_array id="LeftHandPinky2-Interpolations-array" count="2">
 LINEAR LINEAR</Name_array><technique_common><accessor source="#LeftHandPinky2-Interpolations-array" count="2"><param type="name"/></accessor></technique_common></source><sampler id="LeftHandPinky2-Matrix-animation-transform"><input semantic="INPUT" source="#LeftHandPinky2-Matrix-animation-input"/><input semantic="OUTPUT" source="#LeftHandPinky2-Matrix-animation-output-transform"/><input semantic="INTERPOLATION" source="#LeftHandPinky2-Interpolations"/></sampler><channel source="#LeftHandPinky2-Matrix-animation-transform" target="LeftHandPinky2/matrix"/></animation>
