<?xml version="1.0" encoding="utf-8"?>
<COLLADA xmlns="http://www.collada.org/2005/11/COLLADASchema" version="1.4.1">
  <asset><contributor><author>Mixamo</author><authoring_tool>COLLADA Mixamo exporter</authoring_tool><comments></comments></contributor><created>2020-08-06T11:03:21Z</created><modified>2020-08-06T11:03:21Z</modified><revision></revision><title></title><unit meter="0.010000"/><up_axis>Y_UP</up_axis></asset>
  <library_animations>
    <animation id="Hips-anim" name="Hips"><source id="Hips-Matrix-animation-input"><float_array id="Hips-Matrix-animation-input-array" count="17">

0.000000 0.033333 0.066667 0.100000 0.133333 0.166667 0.200000 0.233333 0.266667 0.300000 0.333333 0.366667 0.400000 0.433333 0.466667 0.500000
0.533333</float_array><technique_common><accessor source="#Hips-Matrix-animation-input-array" count="17"><param name="TIME" type="float"/></accessor></technique_common></source><source id="Hips-Matrix-animation-output-transform"><float_array id="Hips-Matrix-animation-output-transform-array" count="272">

0.971862 -0.027402 -0.233950 -0.332063 -0.048650 0.948444 -0.313189 94.730171 0.230470 0.315759 0.920424 1.975255 0.000000 0.000000 0.000000 1.000000
0.974211 -0.117218 -0.192803 -0.077163 0.050177 0.945623 -0.321371 93.688805 0.219990 0.303409 0.927118 1.056742 0.000000 0.000000 0.000000 1.000000
0.967359 -0.241532 -0.076672 -0.647108 0.205003 0.923752 -0.323506 92.302261 0.148963 0.297229 0.943115 -0.257162 0.000000 0.000000 0.000000 1.000000
0.978506 -0.206098 0.007036 -1.285473 0.196423 0.921091 -0.336168 93.796013 0.062803 0.330324 0.941776 -0.383162 0.000000 0.000000 0.000000 1.000000
0.994727 -0.091448 0.046431 -1.721547 0.101482 0.943096 -0.316657 96.332047 -0.014832 0.319699 0.947403 1.017101 0.000000 0.000000 0.000000 1.000000
0.996682 -0.042407 0.069481 -1.642669 0.060728 0.955768 -0.287783 96.635391 -0.054203 0.291048 0.955172 1.019119 0.000000 0.000000 0.000000 1.000000
0.994533 -0.051641 0.090764 -1.227481 0.076053 0.953797 -0.290668 95.718910 -0.071560 0.295982 0.952509 -0.085017 0.000000 0.000000 0.000000 1.000000
0.987289 -0.050201 0.150796 -0.928406 0.094842 0.947444 -0.305541 94.710777 -0.127533 0.315960 0.940162 -2.233931 0.000000 0.000000 0.000000 1.000000
0.986825 0.012319 0.161321 -0.634117 0.036186 0.955033 -0.294282 94.775146 -0.157693 0.296242 0.942005 -3.458755 0.000000 0.000000 0.000000 1.000000
0.986921 0.147720 0.064542 -0.118630 -0.124104 0.951757 -0.280637 95.180199 -0.102884 0.268957 0.957641 -2.933713 0.000000 0.000000 0.000000 1.000000
0.967622 0.250173 -0.033467 0.418807 -0.248425 0.920520 -0.301542 94.451469 -0.044630 0.300092 0.952865 -2.985679 0.000000 0.000000 0.000000 1.000000
0.982132 0.171911 -0.076570 0.918449 -0.187632 0.925875 -0.327947 96.387321 0.014517 0.336454 0.941588 -1.377474 0.000000 0.000000 0.000000 1.000000
0.993727 0.074252 -0.083627 1.562744 -0.096529 0.947083 -0.306131 97.168228 0.056471 0.312283 0.948309 0.075582 0.000000 0.000000 0.000000 1.000000
0.995127 0.017861 -0.096970 1.717124 -0.044099 0.960237 -0.275681 97.133980 0.088190 0.278614 0.956345 1.504263 0.000000 0.000000 0.000000 1.000000
0.992631 0.017590 -0.119891 1.109451 -0.051108 0.957873 -0.282609 95.343895 0.109870 0.286654 0.951713 2.042345 0.000000 0.000000 0.000000 1.000000
0.980226 0.023116 -0.196528 0.190179 -0.083727 0.948322 -0.306064 94.352951 0.179297 0.316467 0.931505 1.872862 0.000000 0.000000 0.000000 1.000000
0.971862 -0.027402 -0.233950 -0.332066 -0.048650 0.948444 -0.313190 94.730194 0.230470 0.315759 0.920424 1.975257 0.000000 0.000000 0.000000 1.000000</float_array><technique_common><accessor source="#Hips-Matrix-animation-output-transform-array" count="17" stride="16"><param type="float4x4"/></accessor></technique_common></source><source id="Hips-Interpolations"><Name_array id="Hips-Interpolations-array" count="17">
 LINEAR LINEAR LINEAR LINEAR LINEAR LINEAR LINEAR LINEAR LINEAR LINEAR LINEAR
LINEAR LINEAR LINEAR LINEAR LINEAR LINEAR</Name_array><technique_common><accessor source="#Hips-Interpolations-array" count="17"><param type="name"/></accessor></technique_common></source><sampler id="Hips-Matrix-animation-transform"><input semantic="INPUT" source="#Hips-Matrix-animation-input"/><input semantic="OUTPUT" source="#Hips-Matrix-animation-output-transform"/><input semantic="INTERPOLATION" source="#Hips-Interpolations"/></sampler><channel source="#Hips-Matrix-animation-transform" target="Hips/matrix"/></animation>
    <animation id="Spine-anim" name="Spine"><source id="Spine-Matrix-animation-input"><float_array id="Spine-Matrix-animation-input-array" count="17">

0.000000 0.033333 0.066667 0.100000 0.133333 0.166667 0.200000 0.233333 0.266667 0.300000 0.333333 0.366667 0.400000 0.433333 0.466667 0.500000
0.533333</float_array><technique_common><accessor source="#Spine-Matrix-animation-input-array" count="17"><param name="TIME" type="float"/></accessor></technique_common></source><source id="Spine-Matrix-animation-output-transform"><float_array id="Spine-Matrix-animation-output-transform-array" count="272">

0.993630 0.009955 0.112254 0.000000 0.002128 0.994256 -0.107006 10.181600 -0.112674 0.106563 0.987901 0.131500 0.000000 0.000000 0.000000 1.000000
0.980271 0.095474 0.173071 -0.000000 -0.078788 0.991776 -0.100856 10.181600 -0.181276 0.085230 0.979732 0.131500 0.000000 0.000000 0.000000 1.000000
0.950228 0.234653 0.204949 0.000000 -0.210024 0.968341 -0.134928 10.181600 -0.230122 0.085169 0.969428 0.131500 0.000000 0.000000 0.000000 1.000000
0.951897 0.226777 0.206069 0.000000 -0.204029 0.970833 -0.125920 10.181600 -0.228614 0.077819 0.970402 0.131500 0.000000 0.000000 0.000000 1.000000
0.978065 0.140902 0.153411 0.000000 -0.123860 0.985552 -0.115524 10.181600 -0.167472 0.093988 0.981386 0.131500 0.000000 0.000000 0.000000 1.000000
0.992123 0.104393 0.069240 0.000000 -0.095165 0.987542 -0.125316 10.181600 -0.081460 0.117740 0.989698 0.131500 0.000000 0.000000 0.000000 1.000000
0.993814 0.110538 -0.010742 -0.000000 -0.111056 0.988396 -0.103631 10.181600 -0.000838 0.104183 0.994558 0.131500 0.000000 0.000000 0.000000 1.000000
0.991932 0.095016 -0.083921 0.000000 -0.102175 0.991078 -0.085587 10.181600 0.075040 0.093471 0.992790 0.131500 0.000000 0.000000 0.000000 1.000000
0.991071 0.019974 -0.131833 -0.000000 -0.035261 0.992778 -0.114668 10.181600 0.128591 0.118293 0.984617 0.131500 0.000000 0.000000 0.000000 1.000000
0.980457 -0.119254 -0.156470 0.000000 0.095351 0.983729 -0.152269 10.181600 0.172083 0.134373 0.975875 0.131500 0.000000 0.000000 0.000000 1.000000
0.953824 -0.242593 -0.177111 0.000000 0.213688 0.962440 -0.167473 10.181600 0.211086 0.121893 0.969837 0.131500 0.000000 0.000000 0.000000 1.000000
0.965955 -0.194710 -0.170350 0.000000 0.171412 0.974869 -0.142299 10.181600 0.193776 0.108254 0.975055 0.131500 0.000000 0.000000 0.000000 1.000000
0.984057 -0.117191 -0.133785 0.000000 0.096146 0.983354 -0.154178 10.181600 0.149626 0.138857 0.978944 0.131500 0.000000 0.000000 0.000000 1.000000
0.993200 -0.072394 -0.091177 -0.000000 0.056462 0.984411 -0.166572 10.181600 0.101815 0.160291 0.981805 0.131500 0.000000 0.000000 0.000000 1.000000
0.996765 -0.068278 -0.042399 0.000000 0.061799 0.988388 -0.138817 10.181600 0.051385 0.135748 0.989410 0.131500 0.000000 0.000000 0.000000 1.000000
0.997824 -0.052940 0.039289 -0.000000 0.056803 0.992872 -0.104779 10.181600 -0.033462 0.106783 0.993719 0.131500 0.000000 0.000000 0.000000 1.000000
0.993630 0.009955 0.112254 0.000000 0.002128 0.994256 -0.107006 10.181600 -0.112674 0.106563 0.987901 0.131500 0.000000 0.000000 0.000000 1.000000</float_array><technique_common><accessor source="#Spine-Matrix-animation-output-transform-array" count="17" stride="16"><param type="float4x4"/></accessor></technique_common></source><source id="Spine-Interpolations"><Name_array id="Spine-Interpolations-array" count="17">
 LINEAR LINEAR LINEAR LINEAR LINEAR LINEAR LINEAR LINEAR LINEAR LINEAR LINEAR
LINEAR LINEAR LINEAR LINEAR LINEAR LINEAR</Name_array><technique_common><accessor source="#Spine-Interpolations-array" count="17"><param type="name"/></accessor></technique_common></source><sampler id="Spine-Matrix-animation-transform"><input semantic="INPUT" source="#Spine-Matrix-animation-input"/><input semantic="OUTPUT" source="#Spine-Matrix-animation-output-transform"/><input semantic="INTERPOLATION" source="#Spine-Interpolations"/></sampler><channel source="#Spine-Matrix-animation-transform" target="Spine/matrix"/></animation>
    <animation id="Spine1-anim" name="Spine1"><source id="Spine1-Matrix-animation-input"><float_array id="Spine1-Matrix-animation-input-array" count="17">

0.000000 0.033333 0.066667 0.100000 0.133333 0.166667 0.200000 0.233333 0.266667 0.300000 0.333333 0.366667 0.400000 0.433333 0.466667 0.500000
0.533333</float_array><technique_common><accessor source="#Spine1-Matrix-animation-input-array" count="17"><param name="TIME" type="float"/></accessor></technique_common></source><source id="Spine1-Matrix-animation-output-transform"><float_array id="Spine1-Matrix-animation-output-transform-array" count="272">

0.998937 0.001287 0.046075 0.000000 0.001948 0.997539 -0.070085 10.083500 -0.046052 0.070100 0.996476 -1.000800 0.000000 0.000000 0.000000 1.000000
0.997554 0.022379 0.066219 0.000000 -0.017883 0.997543 -0.067734 10.083500 -0.067572 0.066384 0.995503 -1.000800 0.000000 0.000000 0.000000 1.000000
0.996406 0.039458 0.074951 0.000000 -0.033510 0.996309 -0.079026 10.083500 -0.077793 0.076231 0.994051 -1.000800 0.000000 0.000000 0.000000 1.000000
0.996513 0.040915 0.072716 -0.000000 -0.035669 0.996765 -0.072021 10.083500 -0.075427 0.069177 0.994749 -1.000800 0.000000 0.000000 0.000000 1.000000
0.998008 0.034884 0.052567 0.000000 -0.031582 0.997553 -0.062377 10.083500 -0.054614 0.060593 0.996667 -1.000800 0.000000 0.000000 0.000000 1.000000
0.999056 0.032329 0.029019 0.000000 -0.030367 0.997378 -0.065687 10.083500 -0.031067 0.064744 0.997418 -1.000800 0.000000 0.000000 0.000000 1.000000
0.999381 0.035185 -0.000193 0.000000 -0.035126 0.997367 -0.063451 10.083500 -0.002040 0.063418 0.997985 -1.000800 0.000000 0.000000 0.000000 1.000000
0.998930 0.028857 -0.036130 0.000000 -0.031165 0.997397 -0.065029 10.083500 0.034159 0.066085 0.997229 -1.000800 0.000000 0.000000 0.000000 1.000000
0.997967 0.006167 -0.063428 0.000000 -0.011329 0.996621 -0.081350 10.083500 0.062712 0.081904 0.994665 -1.000800 0.000000 0.000000 0.000000 1.000000
0.997180 -0.021611 -0.071865 0.000000 0.014872 0.995554 -0.093011 10.083500 0.073556 0.091680 0.993068 -1.000800 0.000000 0.000000 0.000000 1.000000
0.996156 -0.039557 -0.078162 0.000000 0.032107 0.995020 -0.094368 10.083500 0.081506 0.091496 0.992464 -1.000800 0.000000 0.000000 0.000000 1.000000
0.997064 -0.037101 -0.066988 -0.000000 0.031626 0.996210 -0.081022 10.083500 0.069740 0.078666 0.994459 -1.000800 0.000000 0.000000 0.000000 1.000000
0.998739 -0.028253 -0.041509 0.000000 0.024827 0.996416 -0.080861 10.083500 0.043645 0.079729 0.995861 -1.000800 0.000000 0.000000 0.000000 1.000000
0.998960 -0.026117 -0.037366 0.000000 0.022865 0.996122 -0.084965 10.083500 0.039440 0.084022 0.995683 -1.000800 0.000000 0.000000 0.000000 1.000000
0.999178 -0.025459 -0.031543 0.000000 0.022961 0.996754 -0.077157 10.083500 0.033405 0.076370 0.996520 -1.000800 0.000000 0.000000 0.000000 1.000000
0.999762 -0.018149 0.012109 -0.000000 0.018903 0.997678 -0.065430 10.083500 -0.010894 0.065644 0.997784 -1.000800 0.000000 0.000000 0.000000 1.000000
0.998937 0.001287 0.046075 0.000000 0.001948 0.997539 -0.070085 10.083500 -0.046052 0.070100 0.996476 -1.000800 0.000000 0.000000 0.000000 1.000000</float_array><technique_common><accessor source="#Spine1-Matrix-animation-output-transform-array" count="17" stride="16"><param type="float4x4"/></accessor></technique_common></source><source id="Spine1-Interpolations"><Name_array id="Spine1-Interpolations-array" count="17">
 LINEAR LINEAR LINEAR LINEAR LINEAR LINEAR LINEAR LINEAR LINEAR LINEAR LINEAR
LINEAR LINEAR LINEAR LINEAR LINEAR LINEAR</Name_array><technique_common><accessor source="#Spine1-Interpolations-array" count="17"><param type="name"/></accessor></technique_common></source><sampler id="Spine1-Matrix-animation-transform"><input semantic="INPUT" source="#Spine1-Matrix-animation-input"/><input semantic="OUTPUT" source="#Spine1-Matrix-animation-output-transform"/><input semantic="INTERPOLATION" source="#Spine1-Interpolations"/></sampler><channel source="#Spine1-Matrix-animation-transform" target="Spine1/matrix"/></animation>
    <animation id="Spine2-anim" name="Spine2"><source id="Spine2-Matrix-animation-input"><float_array id="Spine2-Matrix-animation-input-array" count="17">

0.000000 0.033333 0.066667 0.100000 0.133333 0.166667 0.200000 0.233333 0.266667 0.300000 0.333333 0.366667 0.400000 0.433333 0.466667 0.500000
0.533333</float_array><technique_common><accessor source="#Spine2-Matrix-animation-input-array" count="17"><param name="TIME" type="float"/></accessor></technique_common></source><source id="Spine2-Matrix-animation-output-transform"><float_array id="Spine2-Matrix-animation-output-transform-array" count="272">

0.998942 -0.000945 0.045969 0.000000 0.004169 0.997532 -0.070086 9.100000 -0.045790 0.070204 0.996481 -1.373400 0.000000 0.000000 0.000000 1.000000
0.997634 0.018048 0.066339 0.000000 -0.013505 0.997573 -0.068301 9.100000 -0.067411 0.067244 0.995457 -1.373400 0.000000 0.000000 0.000000 1.000000
0.996523 0.033325 0.076358 0.000000 -0.027203 0.996435 -0.079854 9.100000 -0.078747 0.077500 0.993878 -1.373400 0.000000 0.000000 0.000000 1.000000
0.996537 0.036486 0.074716 -0.000000 -0.031099 0.996917 -0.072042 9.100000 -0.077114 0.069468 0.994599 -1.373400 0.000000 0.000000 0.000000 1.000000
0.998008 0.032959 0.053802 0.000000 -0.029590 0.997621 -0.062264 9.100000 -0.055727 0.060548 0.996608 -1.373400 0.000000 0.000000 0.000000 1.000000
0.999053 0.031361 0.030153 -0.000000 -0.029327 0.997409 -0.065691 9.100000 -0.032135 0.064744 0.997384 -1.373400 0.000000 0.000000 0.000000 1.000000
0.999388 0.034942 0.001402 0.000000 -0.034782 0.997361 -0.063726 9.100000 -0.003625 0.063638 0.997966 -1.373400 0.000000 0.000000 0.000000 1.000000
0.998969 0.029936 -0.034120 0.000000 -0.032133 0.997317 -0.065772 9.100000 0.032059 0.066800 0.997251 -1.373400 0.000000 0.000000 0.000000 1.000000
0.998035 0.008698 -0.062044 0.000000 -0.013800 0.996513 -0.082289 9.100000 0.061112 0.082983 0.994675 -1.373400 0.000000 0.000000 0.000000 1.000000
0.997223 -0.016605 -0.072593 0.000000 0.009752 0.995548 -0.093750 9.100000 0.073827 0.092781 0.992946 -1.373400 0.000000 0.000000 0.000000 1.000000
0.996134 -0.032721 -0.081524 0.000000 0.024957 0.995212 -0.094497 9.100000 0.084225 0.092098 0.992182 -1.373400 0.000000 0.000000 0.000000 1.000000
0.997042 -0.032001 -0.069883 0.000000 0.026294 0.996358 -0.081118 9.100000 0.072225 0.079040 0.994252 -1.373400 0.000000 0.000000 0.000000 1.000000
0.998781 -0.025196 -0.042436 -0.000000 0.021667 0.996425 -0.081657 9.100000 0.044342 0.080638 0.995757 -1.373400 0.000000 0.000000 0.000000 1.000000
0.999002 -0.024634 -0.037254 0.000000 0.021372 0.996104 -0.085560 9.100000 0.039216 0.084679 0.995636 -1.373400 0.000000 0.000000 0.000000 1.000000
0.999186 -0.025362 -0.031368 0.000000 0.022875 0.996749 -0.077260 9.100000 0.033225 0.076479 0.996517 -1.373400 0.000000 0.000000 0.000000 1.000000
0.999754 -0.018596 0.012062 -0.000000 0.019346 0.997676 -0.065334 9.100000 -0.010819 0.065551 0.997791 -1.373400 0.000000 0.000000 0.000000 1.000000
0.998942 -0.000945 0.045969 0.000000 0.004169 0.997532 -0.070086 9.100000 -0.045790 0.070204 0.996481 -1.373400 0.000000 0.000000 0.000000 1.000000</float_array><technique_common><accessor source="#Spine2-Matrix-animation-output-transform-array" count="17" stride="16"><param type="float4x4"/></accessor></technique_common></source><source id="Spine2-Interpolations"><Name_array id="Spine2-Interpolations-array" count="17">
 LINEAR LINEAR LINEAR LINEAR LINEAR LINEAR LINEAR LINEAR LINEAR LINEAR LINEAR
LINEAR LINEAR LINEAR LINEAR LINEAR LINEAR</Name_array><technique_common><accessor source="#Spine2-Interpolations-array" count="17"><param type="name"/></accessor></technique_common></source><sampler id="Spine2-Matrix-animation-transform"><input semantic="INPUT" source="#Spine2-Matrix-animation-input"/><input semantic="OUTPUT" source="#Spine2-Matrix-animation-output-transform"/><input semantic="INTERPOLATION" source="#Spine2-Interpolations"/></sampler><channel source="#Spine2-Matrix-animation-transform" target="Spine2/matrix"/></animation>
    <animation id="Neck-anim" name="Neck"><source id="Neck-Matrix-animation-input"><float_array id="Neck-Matrix-animation-input-array" count="17">

0.000000 0.033333 0.066667 0.100000 0.133333 0.166667 0.200000 0.233333 0.266667 0.300000 0.333333 0.366667 0.400000 0.433333 0.466667 0.500000
0.533333</float_array><technique_common><accessor source="#Neck-Matrix-animation-input-array" count="17"><param name="TIME" type="float"/></accessor></technique_common></source><source id="Neck-Matrix-animation-output-transform"><float_array id="Neck-Matrix-animation-output-transform-array" count="272">

0.999967 -0.006296 0.005085 0.000000 0.005705 0.994049 0.108783 16.671700 -0.005740 -0.108750 0.994053 -2.516200 0.000000 0.000000 0.000000 1.000000
0.999448 0.029405 -0.015476 0.000000 -0.028276 0.997237 0.068699 16.671700 0.017453 -0.068223 0.997517 -2.516200 0.000000 0.000000 0.000000 1.000000
0.998189 0.041873 -0.043195 -0.000000 -0.041173 0.999008 0.016990 16.671700 0.043863 -0.015180 0.998922 -2.516200 0.000000 0.000000 0.000000 1.000000
0.998131 0.020666 -0.057513 -0.000000 -0.022188 0.999417 -0.025966 16.671700 0.056942 0.027194 0.998007 -2.516200 0.000000 0.000000 0.000000 1.000000
0.998842 0.001116 -0.048093 -0.000000 -0.002095 0.999792 -0.020309 16.671700 0.048060 0.020386 0.998636 -2.516200 0.000000 0.000000 0.000000 1.000000
0.999361 -0.007461 -0.034963 0.000000 0.008035 0.999835 0.016299 16.671700 0.034836 -0.016570 0.999256 -2.516200 0.000000 0.000000 0.000000 1.000000
0.999585 -0.014986 -0.024594 0.000000 0.015829 0.999281 0.034437 16.671700 0.024060 -0.034812 0.999104 -2.516200 0.000000 0.000000 0.000000 1.000000
0.999738 -0.018074 -0.014060 -0.000000 0.018776 0.998498 0.051475 16.671700 0.013109 -0.051725 0.998575 -2.516200 0.000000 0.000000 0.000000 1.000000
0.999803 -0.019020 0.005655 0.000000 0.018560 0.997196 0.072495 16.671700 -0.007017 -0.072375 0.997353 -2.516200 0.000000 0.000000 0.000000 1.000000
0.999154 -0.023250 0.033916 0.000000 0.021034 0.997710 0.064290 16.671700 -0.035333 -0.063523 0.997355 -2.516200 0.000000 0.000000 0.000000 1.000000
0.998019 -0.011919 0.061781 0.000000 0.010028 0.999475 0.030815 16.671700 -0.062116 -0.030134 0.997614 -2.516200 0.000000 0.000000 0.000000 1.000000
0.997969 -0.015787 0.061711 0.000000 0.014486 0.999664 0.021473 16.671700 -0.062029 -0.020535 0.997863 -2.516200 0.000000 0.000000 0.000000 1.000000
0.998091 -0.046779 0.040324 -0.000000 0.044288 0.997179 0.060600 16.671700 -0.043045 -0.058698 0.997347 -2.516200 0.000000 0.000000 0.000000 1.000000
0.998073 -0.053606 0.031248 0.000000 0.050621 0.994694 0.089567 16.671700 -0.035883 -0.087812 0.995491 -2.516200 0.000000 0.000000 0.000000 1.000000
0.998587 -0.043702 0.030224 0.000000 0.040732 0.994857 0.092737 16.671700 -0.034122 -0.091374 0.995232 -2.516200 0.000000 0.000000 0.000000 1.000000
0.999330 -0.031113 0.019253 0.000000 0.028968 0.994247 0.103119 16.671700 -0.022351 -0.102492 0.994483 -2.516200 0.000000 0.000000 0.000000 1.000000
0.999967 -0.006296 0.005085 0.000000 0.005705 0.994049 0.108783 16.671700 -0.005740 -0.108751 0.994052 -2.516200 0.000000 0.000000 0.000000 1.000000</float_array><technique_common><accessor source="#Neck-Matrix-animation-output-transform-array" count="17" stride="16"><param type="float4x4"/></accessor></technique_common></source><source id="Neck-Interpolations"><Name_array id="Neck-Interpolations-array" count="17">
 LINEAR LINEAR LINEAR LINEAR LINEAR LINEAR LINEAR LINEAR LINEAR LINEAR LINEAR
LINEAR LINEAR LINEAR LINEAR LINEAR LINEAR</Name_array><technique_common><accessor source="#Neck-Interpolations-array" count="17"><param type="name"/></accessor></technique_common></source><sampler id="Neck-Matrix-animation-transform"><input semantic="INPUT" source="#Neck-Matrix-animation-input"/><input semantic="OUTPUT" source="#Neck-Matrix-animation-output-transform"/><input semantic="INTERPOLATION" source="#Neck-Interpolations"/></sampler><channel source="#Neck-Matrix-animation-transform" target="Neck/matrix"/></animation>
    <animation id="Head-anim" name="Head"><source id="Head-Matrix-animation-input"><float_array id="Head-Matrix-animation-input-array" count="17">

0.000000 0.033333 0.066667 0.100000 0.133333 0.166667 0.200000 0.233333 0.266667 0.300000 0.333333 0.366667 0.400000 0.433333 0.466667 0.500000
0.533333</float_array><technique_common><accessor source="#Head-Matrix-animation-input-array" count="17"><param name="TIME" type="float"/></accessor></technique_common></source><source id="Head-Matrix-animation-output-transform"><float_array id="Head-Matrix-animation-output-transform-array" count="272">

0.998739 0.014141 0.048162 0.000000 -0.027519 0.956709 0.289741 9.617900 -0.041980 -0.290701 0.955892 1.685000 0.000000 0.000000 0.000000 1.000000
0.993160 -0.010824 -0.116257 0.000000 0.036810 0.973942 0.223788 9.617900 0.110805 -0.226537 0.967679 1.685000 0.000000 0.000000 0.000000 1.000000
0.955916 -0.069403 -0.285321 -0.000000 0.128621 0.972458 0.194378 9.617900 0.263972 -0.222507 0.938514 1.685000 0.000000 0.000000 0.000000 1.000000
0.936028 -0.096808 -0.338348 -0.000000 0.173646 0.963284 0.204771 9.617900 0.306101 -0.250425 0.918471 1.685000 0.000000 0.000000 0.000000 1.000000
0.949693 -0.130367 -0.284760 0.000000 0.194420 0.958239 0.209710 9.617900 0.245529 -0.254523 0.935379 1.685000 0.000000 0.000000 0.000000 1.000000
0.963985 -0.160760 -0.211872 0.000000 0.203170 0.959206 0.196585 9.617900 0.171626 -0.232551 0.957321 1.685000 0.000000 0.000000 0.000000 1.000000
0.973166 -0.172458 -0.152333 0.000000 0.199812 0.961677 0.187756 9.617900 0.114115 -0.213156 0.970331 1.685000 0.000000 0.000000 0.000000 1.000000
0.978788 -0.176775 -0.103561 0.000000 0.195704 0.956280 0.217322 9.617900 0.060616 -0.232979 0.970591 1.685000 0.000000 0.000000 0.000000 1.000000
0.985849 -0.167479 -0.007271 0.000000 0.163434 0.950573 0.264009 9.617900 -0.037304 -0.261461 0.964493 1.685000 0.000000 0.000000 0.000000 1.000000
0.980791 -0.116312 0.156590 0.000000 0.072051 0.962023 0.263286 9.617900 -0.181267 -0.246946 0.951924 1.685000 0.000000 0.000000 0.000000 1.000000
0.955412 -0.056064 0.289906 -0.000000 -0.020605 0.966757 0.254865 9.617900 -0.294557 -0.249474 0.922496 1.685000 0.000000 0.000000 0.000000 1.000000
0.950722 -0.018685 0.309480 0.000000 -0.064082 0.964786 0.255110 9.617900 -0.303349 -0.262371 0.916046 1.685000 0.000000 0.000000 0.000000 1.000000
0.962882 0.017972 0.269325 0.000000 -0.089104 0.963011 0.254302 9.617900 -0.254793 -0.268860 0.928867 1.685000 0.000000 0.000000 0.000000 1.000000
0.971169 0.029106 0.236609 0.000000 -0.087445 0.966829 0.239988 9.617900 -0.221775 -0.253759 0.941500 1.685000 0.000000 0.000000 0.000000 1.000000
0.977252 0.023141 0.210816 0.000000 -0.073194 0.969755 0.232846 9.617900 -0.199052 -0.242980 0.949389 1.685000 0.000000 0.000000 0.000000 1.000000
0.987478 0.026435 0.155526 0.000000 -0.067674 0.961526 0.266250 9.617900 -0.142504 -0.273441 0.951274 1.685000 0.000000 0.000000 0.000000 1.000000
0.998739 0.014141 0.048162 0.000000 -0.027519 0.956709 0.289741 9.617900 -0.041980 -0.290701 0.955892 1.685000 0.000000 0.000000 0.000000 1.000000</float_array><technique_common><accessor source="#Head-Matrix-animation-output-transform-array" count="17" stride="16"><param type="float4x4"/></accessor></technique_common></source><source id="Head-Interpolations"><Name_array id="Head-Interpolations-array" count="17">
 LINEAR LINEAR LINEAR LINEAR LINEAR LINEAR LINEAR LINEAR LINEAR LINEAR LINEAR
LINEAR LINEAR LINEAR LINEAR LINEAR LINEAR</Name_array><technique_common><accessor source="#Head-Interpolations-array" count="17"><param type="name"/></accessor></technique_common></source><sampler id="Head-Matrix-animation-transform"><input semantic="INPUT" source="#Head-Matrix-animation-input"/><input semantic="OUTPUT" source="#Head-Matrix-animation-output-transform"/><input semantic="INTERPOLATION" source="#Head-Interpolations"/></sampler><channel source="#Head-Matrix-animation-transform" target="Head/matrix"/></animation>
    <animation id="LeftShoulder-anim" name="LeftShoulder"><source id="LeftShoulder-Matrix-animation-input"><float_array id="LeftShoulder-Matrix-animation-input-array" count="17">

0.000000 0.033333 0.066667 0.100000 0.133333 0.166667 0.200000 0.233333 0.266667 0.300000 0.333333 0.366667 0.400000 0.433333 0.466667 0.500000
0.533333</float_array><technique_common><accessor source="#LeftShoulder-Matrix-animation-input-array" count="17"><param name="TIME" type="float"/></accessor></technique_common></source><source id="LeftShoulder-Matrix-animation-output-transform"><float_array id="LeftShoulder-Matrix-animation-output-transform-array" count="272">

0.948758 0.220786 -0.226081 4.570400 -0.227824 0.973688 -0.005189 10.946000 0.218986 0.056429 0.974095 -2.628000 0.000000 0.000000 0.000000 1.000000
0.966831 0.066549 -0.246594 4.570400 -0.074655 0.996929 -0.023658 10.946000 0.244262 0.041282 0.968830 -2.628000 0.000000 0.000000 0.000000 1.000000
0.940404 -0.053365 -0.335847 4.570400 0.040588 0.998164 -0.044955 10.946000 0.337630 0.028645 0.940843 -2.628000 0.000000 0.000000 0.000000 1.000000
0.939845 -0.038192 -0.339459 4.570400 0.025450 0.998797 -0.041911 10.946000 0.340651 0.030751 0.939687 -2.628000 0.000000 0.000000 0.000000 1.000000
0.955290 0.106312 -0.275897 4.570400 -0.115620 0.993137 -0.017645 10.946000 0.272128 0.048755 0.961025 -2.628000 0.000000 0.000000 0.000000 1.000000
0.931793 0.271778 -0.240622 4.570400 -0.279528 0.960135 0.002003 10.946000 0.231574 0.065394 0.970617 -2.628000 0.000000 0.000000 0.000000 1.000000
0.901018 0.374424 -0.219029 4.570400 -0.381219 0.924407 0.012034 10.946000 0.206978 0.072655 0.975644 -2.628000 0.000000 0.000000 0.000000 1.000000
0.899650 0.360544 -0.246249 4.570400 -0.368683 0.929451 0.013900 10.946000 0.233888 0.078283 0.969107 -2.628000 0.000000 0.000000 0.000000 1.000000
0.929974 0.177403 -0.321990 4.570400 -0.189161 0.981932 -0.005334 10.946000 0.315226 0.065868 0.946728 -2.628000 0.000000 0.000000 0.000000 1.000000
0.948160 -0.028804 -0.316487 4.570400 0.021679 0.999427 -0.026009 10.946000 0.317054 0.017800 0.948240 -2.628000 0.000000 0.000000 0.000000 1.000000
0.964026 -0.022633 -0.264843 4.570400 0.023971 0.999711 0.001821 10.946000 0.264725 -0.008105 0.964290 -2.628000 0.000000 0.000000 0.000000 1.000000
0.966961 -0.019556 -0.254174 4.570400 0.018736 0.999809 -0.005648 10.946000 0.254236 0.000699 0.967142 -2.628000 0.000000 0.000000 0.000000 1.000000
0.962962 -0.006884 -0.269549 4.570400 -0.000021 0.999672 -0.025603 10.946000 0.269637 0.024661 0.962646 -2.628000 0.000000 0.000000 0.000000 1.000000
0.956677 0.123022 -0.263885 4.570400 -0.131479 0.991212 -0.014558 10.946000 0.259775 0.048623 0.964444 -2.628000 0.000000 0.000000 0.000000 1.000000
0.933469 0.257198 -0.249969 4.570400 -0.265317 0.964160 0.001260 10.946000 0.241334 0.065145 0.968253 -2.628000 0.000000 0.000000 0.000000 1.000000
0.924314 0.299768 -0.236186 4.570400 -0.307736 0.951466 0.003276 10.946000 0.225705 0.069655 0.971702 -2.628000 0.000000 0.000000 0.000000 1.000000
0.948758 0.220786 -0.226081 4.570400 -0.227824 0.973688 -0.005189 10.946000 0.218986 0.056429 0.974095 -2.628000 0.000000 0.000000 0.000000 1.000000</float_array><technique_common><accessor source="#LeftShoulder-Matrix-animation-output-transform-array" count="17" stride="16"><param type="float4x4"/></accessor></technique_common></source><source id="LeftShoulder-Interpolations"><Name_array id="LeftShoulder-Interpolations-array" count="17">
 LINEAR LINEAR LINEAR LINEAR LINEAR LINEAR LINEAR LINEAR LINEAR LINEAR LINEAR
LINEAR LINEAR LINEAR LINEAR LINEAR LINEAR</Name_array><technique_common><accessor source="#LeftShoulder-Interpolations-array" count="17"><param type="name"/></accessor></technique_common></source><sampler id="LeftShoulder-Matrix-animation-transform"><input semantic="INPUT" source="#LeftShoulder-Matrix-animation-input"/><input semantic="OUTPUT" source="#LeftShoulder-Matrix-animation-output-transform"/><input semantic="INTERPOLATION" source="#LeftShoulder-Interpolations"/></sampler><channel source="#LeftShoulder-Matrix-animation-transform" target="LeftShoulder/matrix"/></animation>
    <animation id="LeftArm-anim" name="LeftArm"><source id="LeftArm-Matrix-animation-input"><float_array id="LeftArm-Matrix-animation-input-array" count="17">

0.000000 0.033333 0.066667 0.100000 0.133333 0.166667 0.200000 0.233333 0.266667 0.300000 0.333333 0.366667 0.400000 0.433333 0.466667 0.500000
0.533333</float_array><technique_common><accessor source="#LeftArm-Matrix-animation-input-array" count="17"><param name="TIME" type="float"/></accessor></technique_common></source><source id="LeftArm-Matrix-animation-output-transform"><float_array id="LeftArm-Matrix-animation-output-transform-array" count="272">

0.522831 0.767687 -0.370545 10.592400 -0.748160 0.204924 -0.631081 -0.524600 -0.408539 0.607176 0.681493 -2.232100 0.000000 0.000000 0.000000 1.000000
0.536833 0.762056 -0.362052 10.592400 -0.599780 0.042906 -0.799014 -0.524600 -0.593359 0.646088 0.480099 -2.232100 0.000000 0.000000 0.000000 1.000000
0.584445 0.774013 -0.243574 10.592400 -0.471942 0.080062 -0.877987 -0.524600 -0.660072 0.628088 0.412081 -2.232100 0.000000 0.000000 0.000000 1.000000
0.588295 0.800743 -0.112783 10.592400 -0.507982 0.257431 -0.822000 -0.524600 -0.629176 0.540870 0.558208 -2.232100 0.000000 0.000000 0.000000 1.000000
0.598079 0.801033 -0.025450 10.592400 -0.620108 0.442410 -0.647873 -0.524600 -0.507708 0.403262 0.761323 -2.232100 0.000000 0.000000 0.000000 1.000000
0.661676 0.748641 -0.041488 10.592400 -0.696965 0.593716 -0.402170 -0.524600 -0.276449 0.295022 0.914624 -2.232100 0.000000 0.000000 0.000000 1.000000
0.713915 0.664778 -0.219991 10.592400 -0.696838 0.705379 -0.129833 -0.524600 0.068867 0.245988 0.966823 -2.232100 0.000000 0.000000 0.000000 1.000000
0.672591 0.623069 -0.399259 10.592400 -0.618055 0.769686 0.159970 -0.524600 0.406976 0.139170 0.902775 -2.232100 0.000000 0.000000 0.000000 1.000000
0.583774 0.718254 -0.378576 10.592400 -0.501859 0.685746 0.527153 -0.524600 0.638236 -0.117747 0.760782 -2.232100 0.000000 0.000000 0.000000 1.000000
0.635332 0.739284 -0.223188 10.592400 -0.390730 0.557029 0.732836 -0.524600 0.666096 -0.378388 0.642758 -2.232100 0.000000 0.000000 0.000000 1.000000
0.811407 0.552874 -0.189601 10.592400 -0.245095 0.616346 0.748362 -0.524600 0.530610 -0.560756 0.635615 -2.232100 0.000000 0.000000 0.000000 1.000000
0.840883 0.512507 -0.173930 10.592400 -0.336726 0.747011 0.573228 -0.524600 0.423711 -0.423451 0.800724 -2.232100 0.000000 0.000000 0.000000 1.000000
0.723157 0.632590 -0.277262 10.592400 -0.553977 0.770983 0.314156 -0.524600 0.412496 -0.073588 0.907982 -2.232100 0.000000 0.000000 0.000000 1.000000
0.592447 0.720797 -0.359804 10.592400 -0.722533 0.672945 0.158402 -0.524600 0.356304 0.166126 0.919483 -2.232100 0.000000 0.000000 0.000000 1.000000
0.491979 0.767423 -0.411119 10.592400 -0.814579 0.572428 0.093740 -0.524600 0.307275 0.288771 0.906749 -2.232100 0.000000 0.000000 0.000000 1.000000
0.493492 0.777102 -0.390612 10.592400 -0.869414 0.428268 -0.246385 -0.524600 -0.024180 0.461193 0.886970 -2.232100 0.000000 0.000000 0.000000 1.000000
0.522831 0.767687 -0.370545 10.592400 -0.748160 0.204924 -0.631081 -0.524600 -0.408539 0.607176 0.681493 -2.232100 0.000000 0.000000 0.000000 1.000000</float_array><technique_common><accessor source="#LeftArm-Matrix-animation-output-transform-array" count="17" stride="16"><param type="float4x4"/></accessor></technique_common></source><source id="LeftArm-Interpolations"><Name_array id="LeftArm-Interpolations-array" count="17">
 LINEAR LINEAR LINEAR LINEAR LINEAR LINEAR LINEAR LINEAR LINEAR LINEAR LINEAR
LINEAR LINEAR LINEAR LINEAR LINEAR LINEAR</Name_array><technique_common><accessor source="#LeftArm-Interpolations-array" count="17"><param type="name"/></accessor></technique_common></source><sampler id="LeftArm-Matrix-animation-transform"><input semantic="INPUT" source="#LeftArm-Matrix-animation-input"/><input semantic="OUTPUT" source="#LeftArm-Matrix-animation-output-transform"/><input semantic="INTERPOLATION" source="#LeftArm-Interpolations"/></sampler><channel source="#LeftArm-Matrix-animation-transform" target="LeftArm/matrix"/></animation>
    <animation id="LeftForeArm-anim" name="LeftForeArm"><source id="LeftForeArm-Matrix-animation-input"><float_array id="LeftForeArm-Matrix-animation-input-array" count="17">

0.000000 0.033333 0.066667 0.100000 0.133333 0.166667 0.200000 0.233333 0.266667 0.300000 0.333333 0.366667 0.400000 0.433333 0.466667 0.500000
0.533333</float_array><technique_common><accessor source="#LeftForeArm-Matrix-animation-input-array" count="17"><param name="TIME" type="float"/></accessor></technique_common></source><source id="LeftForeArm-Matrix-animation-output-transform"><float_array id="LeftForeArm-Matrix-animation-output-transform-array" count="272">

0.795022 0.000004 -0.606581 27.841499 -0.000003 1.000000 0.000002 -0.000100 0.606581 -0.000000 0.795022 0.000000 0.000000 0.000000 0.000000 1.000000
0.570028 0.000004 -0.821625 27.841499 -0.000002 1.000000 0.000003 -0.000100 0.821625 -0.000000 0.570028 -0.000000 0.000000 0.000000 0.000000 1.000000
0.369242 0.000003 -0.929333 27.841499 -0.000001 1.000000 0.000003 -0.000100 0.929333 0.000000 0.369242 0.000000 0.000000 0.000000 0.000000 1.000000
0.404868 0.000004 -0.914375 27.841499 -0.000001 1.000000 0.000003 -0.000100 0.914375 0.000000 0.404868 0.000000 0.000000 0.000000 0.000000 1.000000
0.559683 0.000004 -0.828707 27.841499 -0.000002 1.000000 0.000003 -0.000100 0.828707 0.000000 0.559683 0.000000 0.000000 0.000000 0.000000 1.000000
0.659116 0.000004 -0.752041 27.841499 -0.000002 1.000000 0.000003 -0.000100 0.752041 -0.000000 0.659116 0.000000 0.000000 0.000000 0.000000 1.000000
0.709514 0.000004 -0.704692 27.841499 -0.000003 1.000000 0.000003 -0.000100 0.704692 -0.000000 0.709514 0.000000 0.000000 0.000000 0.000000 1.000000
0.601944 0.000003 -0.798538 27.841499 -0.000002 1.000000 0.000003 -0.000100 0.798538 -0.000000 0.601944 0.000000 0.000000 0.000000 0.000000 1.000000
0.379696 0.000003 -0.925111 27.841499 -0.000001 1.000000 0.000003 -0.000100 0.925111 0.000000 0.379696 0.000000 0.000000 0.000000 0.000000 1.000000
0.030735 0.000004 -0.999528 27.841499 0.000000 1.000000 0.000004 -0.000100 0.999528 -0.000000 0.030735 0.000000 0.000000 0.000000 0.000000 1.000000
-0.285977 0.000005 -0.958236 27.841499 0.000001 1.000000 0.000004 -0.000100 0.958236 0.000000 -0.285977 0.000000 0.000000 0.000000 0.000000 1.000000
-0.384524 0.000004 -0.923115 27.841499 0.000001 1.000000 0.000003 -0.000100 0.923115 0.000000 -0.384524 0.000000 0.000000 0.000000 0.000000 1.000000
-0.068605 0.000004 -0.997644 27.841499 0.000000 1.000000 0.000004 -0.000100 0.997644 -0.000000 -0.068605 0.000000 0.000000 0.000000 0.000000 1.000000
0.563475 0.000004 -0.826133 27.841499 -0.000002 1.000000 0.000003 -0.000100 0.826133 0.000000 0.563475 0.000000 0.000000 0.000000 0.000000 1.000000
0.989079 0.000003 -0.147389 27.841499 -0.000003 1.000000 0.000001 -0.000100 0.147389 -0.000000 0.989079 0.000000 0.000000 0.000000 0.000000 1.000000
0.990710 0.000003 -0.135992 27.841499 -0.000003 1.000000 0.000001 -0.000100 0.135992 -0.000000 0.990710 0.000000 0.000000 0.000000 0.000000 1.000000
0.795021 0.000004 -0.606581 27.841499 -0.000003 1.000000 0.000002 -0.000100 0.606581 -0.000000 0.795021 -0.000000 0.000000 0.000000 0.000000 1.000000</float_array><technique_common><accessor source="#LeftForeArm-Matrix-animation-output-transform-array" count="17" stride="16"><param type="float4x4"/></accessor></technique_common></source><source id="LeftForeArm-Interpolations"><Name_array id="LeftForeArm-Interpolations-array" count="17">
 LINEAR LINEAR LINEAR LINEAR LINEAR LINEAR LINEAR LINEAR LINEAR LINEAR LINEAR
LINEAR LINEAR LINEAR LINEAR LINEAR LINEAR</Name_array><technique_common><accessor source="#LeftForeArm-Interpolations-array" count="17"><param type="name"/></accessor></technique_common></source><sampler id="LeftForeArm-Matrix-animation-transform"><input semantic="INPUT" source="#LeftForeArm-Matrix-animation-input"/><input semantic="OUTPUT" source="#LeftForeArm-Matrix-animation-output-transform"/><input semantic="INTERPOLATION" source="#LeftForeArm-Interpolations"/></sampler><channel source="#LeftForeArm-Matrix-animation-transform" target="LeftForeArm/matrix"/></animation>
    <animation id="LeftHand-anim" name="LeftHand"><source id="LeftHand-Matrix-animation-input"><float_array id="LeftHand-Matrix-animation-input-array" count="17">

0.000000 0.033333 0.066667 0.100000 0.133333 0.166667 0.200000 0.233333 0.266667 0.300000 0.333333 0.366667 0.400000 0.433333 0.466667 0.500000
0.533333</float_array><technique_common><accessor source="#LeftHand-Matrix-animation-input-array" count="17"><param name="TIME" type="float"/></accessor></technique_common></source><source id="LeftHand-Matrix-animation-output-transform"><float_array id="LeftHand-Matrix-animation-output-transform-array" count="272">

0.999886 0.003436 -0.014721 28.328800 0.004774 0.852193 0.523205 0.000000 0.014343 -0.523216 0.852079 0.000000 0.000000 0.000000 0.000000 1.000000
0.992156 0.044391 0.116862 28.328800 -0.104950 0.803680 0.585734 0.000000 -0.067918 -0.593404 0.802034 0.000000 0.000000 0.000000 0.000000 1.000000
0.999327 0.003126 0.036547 28.328800 -0.027395 0.726177 0.686962 -0.000000 -0.024392 -0.687501 0.725774 0.000000 0.000000 0.000000 0.000000 1.000000
0.996284 -0.078218 -0.036055 28.328800 0.080576 0.698598 0.710963 -0.000000 -0.030422 -0.711227 0.702304 0.000000 0.000000 0.000000 0.000000 1.000000
0.961199 -0.206488 -0.182918 28.328800 0.275414 0.680822 0.678696 0.000000 -0.015608 -0.702740 0.711275 0.000000 0.000000 0.000000 0.000000 1.000000
0.870798 -0.282752 -0.402196 28.328800 0.489538 0.574250 0.656193 0.000000 0.045422 -0.768302 0.638474 0.000000 0.000000 0.000000 0.000000 1.000000
0.762461 -0.381660 -0.522483 28.328800 0.644815 0.515026 0.564767 -0.000000 0.053543 -0.767518 0.638788 0.000000 0.000000 0.000000 0.000000 1.000000
0.711298 -0.575389 -0.403711 28.328800 0.700848 0.536818 0.469722 -0.000000 -0.053553 -0.617052 0.785098 -0.000000 0.000000 0.000000 0.000000 1.000000
0.675476 -0.537852 -0.504428 28.328800 0.713569 0.649232 0.263283 0.000000 0.185884 -0.537785 0.822335 0.000000 0.000000 0.000000 0.000000 1.000000
0.651666 -0.524188 -0.548232 28.328800 0.702062 0.690440 0.174359 0.000000 0.287125 -0.498517 0.817949 0.000000 0.000000 0.000000 0.000000 1.000000
0.719551 -0.581708 -0.379291 28.328800 0.678500 0.705259 0.205542 -0.000000 0.147932 -0.405247 0.902159 -0.000000 0.000000 0.000000 0.000000 1.000000
0.829155 -0.518658 -0.208554 28.328800 0.559010 0.767333 0.314178 -0.000000 -0.002921 -0.377087 0.926173 -0.000000 0.000000 0.000000 0.000000 1.000000
0.856683 -0.339648 -0.388245 28.328800 0.498840 0.737123 0.455860 0.000000 0.131352 -0.584200 0.800910 0.000000 0.000000 0.000000 0.000000 1.000000
0.887696 -0.242700 -0.391271 28.328800 0.433628 0.726387 0.533225 -0.000000 0.154801 -0.643008 0.750052 0.000000 0.000000 0.000000 0.000000 1.000000
0.966285 -0.121554 -0.226974 28.328800 0.221066 0.843605 0.489347 0.000000 0.131994 -0.523025 0.842034 0.000000 0.000000 0.000000 0.000000 1.000000
0.984989 -0.044435 -0.166797 28.328800 0.118232 0.877713 0.464372 0.000000 0.125765 -0.477123 0.869791 -0.000000 0.000000 0.000000 0.000000 1.000000
