<?xml version="1.0" encoding="utf-8"?>
<COLLADA xmlns="http://www.collada.org/2005/11/COLLADASchema" version="1.4.1">
  <asset><contributor><author>Mixamo</author><authoring_tool>COLLADA Mixamo exporter</authoring_tool><comments></comments></contributor><created>2020-08-06T10:48:50Z</created><modified>2020-08-06T10:48:50Z</modified><revision></revision><title></title><unit meter="0.010000"/><up_axis>Y_UP</up_axis></asset>
  <library_animations>
    <animation id="Hips-anim" name="Hips"><source id="Hips-Matrix-animation-input"><float_array id="Hips-Matrix-animation-input-array" count="18">

0.000000 0.033333 0.066667 0.100000 0.133333 0.166667 0.200000 0.233333 0.266667 0.300000 0.333333 0.366667 0.400000 0.433333 0.466667 0.500000
0.533333 0.566667</float_array><technique_common><accessor source="#Hips-Matrix-animation-input-array" count="18"><param name="TIME" type="float"/></accessor></technique_common></source><source id="Hips-Matrix-animation-output-transform"><float_array id="Hips-Matrix-animation-output-transform-array" count="288">

0.985304 0.049417 -0.163506 -0.056856 -0.082954 0.975209 -0.205148 91.558884 0.149315 0.215696 0.964977 1.723512 0.000000 0.000000 0.000000 1.000000
0.995454 -0.055912 -0.077107 -0.588807 0.038918 0.977671 -0.206504 93.022568 0.086932 0.202564 0.975403 1.329911 0.000000 0.000000 0.000000 1.000000
0.990189 -0.139724 0.001881 -1.056028 0.137066 0.968554 -0.207645 94.096016 0.027192 0.205866 0.978202 2.028901 0.000000 0.000000 0.000000 1.000000
0.988694 -0.149129 0.015642 -1.864956 0.148903 0.964168 -0.219561 94.011574 0.017662 0.219408 0.975473 1.841084 0.000000 0.000000 0.000000 1.000000
0.996453 -0.077830 0.031986 -2.378621 0.082806 0.974551 -0.208311 94.449532 -0.014959 0.210221 0.977540 1.821674 0.000000 0.000000 0.000000 1.000000
0.996374 -0.039635 0.075284 -2.593323 0.052500 0.982728 -0.177450 93.370369 -0.066951 0.180759 0.981246 1.426690 0.000000 0.000000 0.000000 1.000000
0.994357 -0.037491 0.099238 -2.496195 0.054498 0.983120 -0.174656 90.666252 -0.091015 0.179079 0.979616 0.508583 0.000000 0.000000 0.000000 1.000000
0.992317 -0.045229 0.115160 -2.342370 0.068236 0.976494 -0.204461 89.158028 -0.103206 0.210748 0.972077 -1.234438 0.000000 0.000000 0.000000 1.000000
0.991355 -0.033876 0.126757 -2.388719 0.062700 0.970960 -0.230881 89.294380 -0.115255 0.236833 0.964690 -2.480516 0.000000 0.000000 0.000000 1.000000
0.996576 -0.001391 0.082667 -2.330635 0.020418 0.973029 -0.229778 90.982697 -0.080118 0.230679 0.969726 -1.842937 0.000000 0.000000 0.000000 1.000000
0.996228 0.086769 -0.000244 -1.903666 -0.084750 0.972428 -0.217260 92.081345 -0.018614 0.216461 0.976114 -1.070160 0.000000 0.000000 0.000000 1.000000
0.990460 0.119191 -0.069160 -1.560235 -0.132018 0.964611 -0.228246 93.658043 0.039507 0.235199 0.971144 -0.120702 0.000000 0.000000 0.000000 1.000000
0.992714 0.064097 -0.102031 -1.284100 -0.086850 0.967578 -0.237169 95.774841 0.083521 0.244302 0.966096 1.861798 0.000000 0.000000 0.000000 1.000000
0.994083 0.044630 -0.099033 -0.758855 -0.063678 0.978044 -0.198429 95.361610 0.088002 0.203561 0.975099 2.766820 0.000000 0.000000 0.000000 1.000000
0.989005 0.062209 -0.134161 -0.511369 -0.084920 0.981633 -0.170837 94.070259 0.121069 0.180352 0.976123 2.719233 0.000000 0.000000 0.000000 1.000000
0.980182 0.083355 -0.179709 -0.336677 -0.116773 0.975919 -0.184245 91.643059 0.160024 0.201578 0.966312 2.022514 0.000000 0.000000 0.000000 1.000000
0.976731 0.072617 -0.201800 -0.089255 -0.113197 0.973749 -0.197484 90.183556 0.182162 0.215732 0.959311 1.389143 0.000000 0.000000 0.000000 1.000000
0.985304 0.049416 -0.163506 -0.056856 -0.082953 0.975209 -0.205148 91.558876 0.149315 0.215696 0.964977 1.723514 0.000000 0.000000 0.000000 1.000000</float_array><technique_common><accessor source="#Hips-Matrix-animation-output-transform-array" count="18" stride="16"><param type="float4x4"/></accessor></technique_common></source><source id="Hips-Interpolations"><Name_array id="Hips-Interpolations-array" count="18">
 LINEAR LINEAR LINEAR LINEAR LINEAR LINEAR LINEAR LINEAR LINEAR LINEAR LINEAR
LINEAR LINEAR LINEAR LINEAR LINEAR LINEAR LINEAR</Name_array><technique_common><accessor source="#Hips-Interpolations-array" count="18"><param type="name"/></accessor></technique_common></source><sampler id="Hips-Matrix-animation-transform"><input semantic="INPUT" source="#Hips-Matrix-animation-input"/><input semantic="OUTPUT" source="#Hips-Matrix-animation-output-transform"/><input semantic="INTERPOLATION" source="#Hips-Interpolations"/></sampler><channel source="#Hips-Matrix-animation-transform" target="Hips/matrix"/></animation>
    <animation id="Spine-anim" name="Spine"><source id="Spine-Matrix-animation-input"><float_array id="Spine-Matrix-animation-input-array" count="18">

0.000000 0.033333 0.066667 0.100000 0.133333 0.166667 0.200000 0.233333 0.266667 0.300000 0.333333 0.366667 0.400000 0.433333 0.466667 0.500000
0.533333 0.566667</float_array><technique_common><accessor source="#Spine-Matrix-animation-input-array" count="18"><param name="TIME" type="float"/></accessor></technique_common></source><source id="Spine-Matrix-animation-output-transform"><float_array id="Spine-Matrix-animation-output-transform-array" count="288">

0.987726 -0.116545 0.103989 -0.000000 0.126933 0.986899 -0.099590 10.181600 -0.091020 0.111567 0.989580 0.131500 0.000000 0.000000 0.000000 1.000000
0.996850 -0.020163 0.076698 0.000000 0.028592 0.993473 -0.110430 10.181600 -0.073971 0.112275 0.990920 0.131500 0.000000 0.000000 0.000000 1.000000
0.994224 0.071656 0.079903 0.000000 -0.061913 0.991037 -0.118374 10.181600 -0.087669 0.112743 0.989749 0.131500 0.000000 0.000000 0.000000 1.000000
0.988785 0.113554 0.097000 -0.000000 -0.102593 0.988470 -0.111365 10.181600 -0.108527 0.100165 0.989034 0.131500 0.000000 0.000000 0.000000 1.000000
0.995042 0.072305 0.068286 0.000000 -0.065206 0.992745 -0.101020 10.181600 -0.075094 0.096066 0.992538 0.131500 0.000000 0.000000 0.000000 1.000000
0.998486 0.054784 0.004890 0.000000 -0.053913 0.992444 -0.110218 10.181600 -0.010892 0.109788 0.993895 0.131500 0.000000 0.000000 0.000000 1.000000
0.997312 0.063075 -0.037297 0.000000 -0.066641 0.992376 -0.103680 10.181600 0.030473 0.105887 0.993911 0.131500 0.000000 0.000000 0.000000 1.000000
0.994650 0.075245 -0.070783 -0.000000 -0.081364 0.992795 -0.087963 10.181600 0.063655 0.093251 0.993606 0.131500 0.000000 0.000000 0.000000 1.000000
0.991627 0.069075 -0.109105 0.000000 -0.078034 0.993728 -0.080100 10.181600 0.102888 0.087943 0.990798 0.131500 0.000000 0.000000 0.000000 1.000000
0.990781 0.034530 -0.130998 0.000000 -0.045532 0.995597 -0.081935 10.181600 0.127592 0.087145 0.987991 0.131500 0.000000 0.000000 0.000000 1.000000
0.988095 -0.072409 -0.135743 0.000000 0.058736 0.993032 -0.102165 10.181600 0.142195 0.092976 0.985462 0.131500 0.000000 0.000000 0.000000 1.000000
0.982782 -0.131660 -0.129637 0.000000 0.119481 0.988023 -0.097648 10.181600 0.140941 0.080478 0.986742 0.131500 0.000000 0.000000 0.000000 1.000000
0.989338 -0.103302 -0.102657 0.000000 0.096093 0.992702 -0.072869 10.181600 0.109435 0.062227 0.992044 0.131500 0.000000 0.000000 0.000000 1.000000
0.991232 -0.107087 -0.077402 0.000000 0.099595 0.990490 -0.094923 10.181600 0.086831 0.086382 0.992471 0.131500 0.000000 0.000000 0.000000 1.000000
0.990890 -0.133143 -0.020242 0.000000 0.130288 0.985780 -0.106128 10.181600 0.034085 0.102524 0.994146 0.131500 0.000000 0.000000 0.000000 1.000000
0.988076 -0.149411 0.037183 -0.000000 0.152244 0.984136 -0.091090 10.181600 -0.022983 0.095664 0.995148 0.131500 0.000000 0.000000 0.000000 1.000000
0.987395 -0.135985 0.080993 0.000000 0.143324 0.985298 -0.092986 10.181600 -0.067158 0.103422 0.992368 0.131500 0.000000 0.000000 0.000000 1.000000
0.987726 -0.116545 0.103989 -0.000000 0.126932 0.986899 -0.099590 10.181600 -0.091020 0.111567 0.989580 0.131500 0.000000 0.000000 0.000000 1.000000</float_array><technique_common><accessor source="#Spine-Matrix-animation-output-transform-array" count="18" stride="16"><param type="float4x4"/></accessor></technique_common></source><source id="Spine-Interpolations"><Name_array id="Spine-Interpolations-array" count="18">
 LINEAR LINEAR LINEAR LINEAR LINEAR LINEAR LINEAR LINEAR LINEAR LINEAR LINEAR
LINEAR LINEAR LINEAR LINEAR LINEAR LINEAR LINEAR</Name_array><technique_common><accessor source="#Spine-Interpolations-array" count="18"><param type="name"/></accessor></technique_common></source><sampler id="Spine-Matrix-animation-transform"><input semantic="INPUT" source="#Spine-Matrix-animation-input"/><input semantic="OUTPUT" source="#Spine-Matrix-animation-output-transform"/><input semantic="INTERPOLATION" source="#Spine-Interpolations"/></sampler><channel source="#Spine-Matrix-animation-transform" target="Spine/matrix"/></animation>
    <animation id="Spine1-anim" name="Spine1"><source id="Spine1-Matrix-animation-input"><float_array id="Spine1-Matrix-animation-input-array" count="18">

0.000000 0.033333 0.066667 0.100000 0.133333 0.166667 0.200000 0.233333 0.266667 0.300000 0.333333 0.366667 0.400000 0.433333 0.466667 0.500000
0.533333 0.566667</float_array><technique_common><accessor source="#Spine1-Matrix-animation-input-array" count="18"><param name="TIME" type="float"/></accessor></technique_common></source><source id="Spine1-Matrix-animation-output-transform"><float_array id="Spine1-Matrix-animation-output-transform-array" count="288">

0.998994 -0.001886 0.044796 0.000000 0.005338 0.997012 -0.077059 10.083500 -0.044517 0.077221 0.996020 -1.000800 0.000000 0.000000 0.000000 1.000000
0.998995 0.018739 0.040725 -0.000000 -0.015583 0.996950 -0.076477 10.083500 -0.042034 0.075766 0.996239 -1.000800 0.000000 0.000000 0.000000 1.000000
0.998283 0.036796 0.045577 0.000000 -0.033358 0.996698 -0.074024 10.083500 -0.048151 0.072377 0.996214 -1.000800 0.000000 0.000000 0.000000 1.000000
0.998657 0.034665 0.038494 -0.000000 -0.032046 0.997259 -0.066695 10.083500 -0.040700 0.065372 0.997031 -1.000800 0.000000 0.000000 0.000000 1.000000
0.999470 0.023041 0.023006 0.000000 -0.021620 0.997952 -0.060200 10.083500 -0.024346 0.059670 0.997921 -1.000800 0.000000 0.000000 0.000000 1.000000
0.999675 0.022921 0.011162 0.000000 -0.022160 0.997702 -0.064029 10.083500 -0.012603 0.063761 0.997886 -1.000800 0.000000 0.000000 0.000000 1.000000
0.999569 0.029265 0.002098 0.000000 -0.029073 0.997552 -0.063606 10.083500 -0.003955 0.063518 0.997973 -1.000800 0.000000 0.000000 0.000000 1.000000
0.999297 0.031597 -0.020191 0.000000 -0.032796 0.997531 -0.062106 10.083500 0.018179 0.062725 0.997865 -1.000800 0.000000 0.000000 0.000000 1.000000
0.998774 0.024698 -0.042890 0.000000 -0.027316 0.997730 -0.061555 10.083500 0.041272 0.062651 0.997182 -1.000800 0.000000 0.000000 0.000000 1.000000
0.998608 0.009530 -0.051870 -0.000000 -0.012605 0.998162 -0.059270 10.083500 0.051210 0.059841 0.996893 -1.000800 0.000000 0.000000 0.000000 1.000000
0.998725 -0.008577 -0.049749 0.000000 0.005411 0.997971 -0.063435 10.083500 0.050192 0.063085 0.996745 -1.000800 0.000000 0.000000 0.000000 1.000000
0.998833 -0.015050 -0.045890 -0.000000 0.012222 0.998045 -0.061298 10.083500 0.046723 0.060666 0.997064 -1.000800 0.000000 0.000000 0.000000 1.000000
0.999285 -0.009178 -0.036684 0.000000 0.007366 0.998761 -0.049213 10.083500 0.037090 0.048907 0.998114 -1.000800 0.000000 0.000000 0.000000 1.000000
0.999638 -0.004432 -0.026551 0.000000 0.002885 0.998310 -0.058034 10.083500 0.026763 0.057937 0.997961 -1.000800 0.000000 0.000000 0.000000 1.000000
0.999875 -0.006278 -0.014504 -0.000000 0.005279 0.997676 -0.067938 10.083500 0.014897 0.067853 0.997584 -1.000800 0.000000 0.000000 0.000000 1.000000
0.999881 -0.012567 0.008926 0.000000 0.013147 0.997586 -0.068180 10.083500 -0.008048 0.068289 0.997633 -1.000800 0.000000 0.000000 0.000000 1.000000
0.999371 -0.011525 0.033537 -0.000000 0.013946 0.997242 -0.072890 10.083500 -0.032605 0.073312 0.996776 -1.000800 0.000000 0.000000 0.000000 1.000000
0.998994 -0.001886 0.044796 -0.000000 0.005338 0.997012 -0.077059 10.083500 -0.044517 0.077221 0.996020 -1.000800 0.000000 0.000000 0.000000 1.000000</float_array><technique_common><accessor source="#Spine1-Matrix-animation-output-transform-array" count="18" stride="16"><param type="float4x4"/></accessor></technique_common></source><source id="Spine1-Interpolations"><Name_array id="Spine1-Interpolations-array" count="18">
 LINEAR LINEAR LINEAR LINEAR LINEAR LINEAR LINEAR LINEAR LINEAR LINEAR LINEAR
LINEAR LINEAR LINEAR LINEAR LINEAR LINEAR LINEAR</Name_array><technique_common><accessor source="#Spine1-Interpolations-array" count="18"><param type="name"/></accessor></technique_common></source><sampler id="Spine1-Matrix-animation-transform"><input semantic="INPUT" source="#Spine1-Matrix-animation-input"/><input semantic="OUTPUT" source="#Spine1-Matrix-animation-output-transform"/><input semantic="INTERPOLATION" source="#Spine1-Interpolations"/></sampler><channel source="#Spine1-Matrix-animation-transform" target="Spine1/matrix"/></animation>
    <animation id="Spine2-anim" name="Spine2"><source id="Spine2-Matrix-animation-input"><float_array id="Spine2-Matrix-animation-input-array" count="18">

0.000000 0.033333 0.066667 0.100000 0.133333 0.166667 0.200000 0.233333 0.266667 0.300000 0.333333 0.366667 0.400000 0.433333 0.466667 0.500000
0.533333 0.566667</float_array><technique_common><accessor source="#Spine2-Matrix-animation-input-array" count="18"><param name="TIME" type="float"/></accessor></technique_common></source><source id="Spine2-Matrix-animation-output-transform"><float_array id="Spine2-Matrix-animation-output-transform-array" count="288">

0.998986 -0.003363 0.044904 -0.000000 0.006823 0.996997 -0.077138 9.100000 -0.044510 0.077366 0.996009 -1.373400 0.000000 0.000000 0.000000 1.000000
0.998983 0.016770 0.041843 -0.000000 -0.013530 0.996974 -0.076555 9.100000 -0.043000 0.075911 0.996187 -1.373400 0.000000 0.000000 0.000000 1.000000
0.998291 0.034783 0.046962 0.000000 -0.031240 0.996756 -0.074170 9.100000 -0.049389 0.072576 0.996139 -1.373400 0.000000 0.000000 0.000000 1.000000
0.998708 0.032445 0.039117 0.000000 -0.029768 0.997298 -0.067168 9.100000 -0.041190 0.065917 0.996975 -1.373400 0.000000 0.000000 0.000000 1.000000
0.999508 0.021257 0.023079 0.000000 -0.019829 0.997976 -0.060429 9.100000 -0.024317 0.059942 0.997906 -1.373400 0.000000 0.000000 0.000000 1.000000
0.999692 0.022238 0.011036 -0.000000 -0.021489 0.997729 -0.063836 9.100000 -0.012430 0.063580 0.997899 -1.373400 0.000000 0.000000 0.000000 1.000000
0.999568 0.029299 0.002310 0.000000 -0.029095 0.997583 -0.063101 9.100000 -0.004154 0.063007 0.998004 -1.373400 0.000000 0.000000 0.000000 1.000000
0.999314 0.031594 -0.019338 0.000000 -0.032733 0.997556 -0.061729 9.100000 0.017340 0.062320 0.997906 -1.373400 0.000000 0.000000 0.000000 1.000000
0.998790 0.025287 -0.042171 0.000000 -0.027843 0.997739 -0.061170 9.100000 0.040528 0.062270 0.997236 -1.373400 0.000000 0.000000 0.000000 1.000000
0.998601 0.010620 -0.051797 0.000000 -0.013663 0.998179 -0.058758 9.100000 0.051079 0.059383 0.996928 -1.373400 0.000000 0.000000 0.000000 1.000000
0.998722 -0.006915 -0.050059 0.000000 0.003746 0.997998 -0.063141 9.100000 0.050396 0.062873 0.996748 -1.373400 0.000000 0.000000 0.000000 1.000000
0.998826 -0.013262 -0.046590 0.000000 0.010412 0.998091 -0.060873 9.100000 0.047309 0.060317 0.997058 -1.373400 0.000000 0.000000 0.000000 1.000000
0.999282 -0.008162 -0.037010 0.000000 0.006362 0.998803 -0.048490 9.100000 0.037361 0.048220 0.998138 -1.373400 0.000000 0.000000 0.000000 1.000000
0.999642 -0.003819 -0.026469 -0.000000 0.002295 0.998350 -0.057373 9.100000 0.026645 0.057292 0.998002 -1.373400 0.000000 0.000000 0.000000 1.000000
0.999881 -0.005956 -0.014245 0.000000 0.004982 0.997710 -0.067452 9.100000 0.014614 0.067373 0.997621 -1.373400 0.000000 0.000000 0.000000 1.000000
0.999878 -0.012783 0.009009 -0.000000 0.013365 0.997604 -0.067880 9.100000 -0.008120 0.067992 0.997653 -1.373400 0.000000 0.000000 0.000000 1.000000
0.999372 -0.012280 0.033252 0.000000 0.014680 0.997230 -0.072920 9.100000 -0.032265 0.073362 0.996783 -1.373400 0.000000 0.000000 0.000000 1.000000
0.998986 -0.003363 0.044904 0.000000 0.006823 0.996997 -0.077138 9.100000 -0.044510 0.077366 0.996009 -1.373400 0.000000 0.000000 0.000000 1.000000</float_array><technique_common><accessor source="#Spine2-Matrix-animation-output-transform-array" count="18" stride="16"><param type="float4x4"/></accessor></technique_common></source><source id="Spine2-Interpolations"><Name_array id="Spine2-Interpolations-array" count="18">
 LINEAR LINEAR LINEAR LINEAR LINEAR LINEAR LINEAR LINEAR LINEAR LINEAR LINEAR
LINEAR LINEAR LINEAR LINEAR LINEAR LINEAR LINEAR</Name_array><technique_common><accessor source="#Spine2-Interpolations-array" count="18"><param type="name"/></accessor></technique_common></source><sampler id="Spine2-Matrix-animation-transform"><input semantic="INPUT" source="#Spine2-Matrix-animation-input"/><input semantic="OUTPUT" source="#Spine2-Matrix-animation-output-transform"/><input semantic="INTERPOLATION" source="#Spine2-Interpolations"/></sampler><channel source="#Spine2-Matrix-animation-transform" target="Spine2/matrix"/></animation>
    <animation id="Neck-anim" name="Neck"><source id="Neck-Matrix-animation-input"><float_array id="Neck-Matrix-animation-input-array" count="18">

0.000000 0.033333 0.066667 0.100000 0.133333 0.166667 0.200000 0.233333 0.266667 0.300000 0.333333 0.366667 0.400000 0.433333 0.466667 0.500000
0.533333 0.566667</float_array><technique_common><accessor source="#Neck-Matrix-animation-input-array" count="18"><param name="TIME" type="float"/></accessor></technique_common></source><source id="Neck-Matrix-animation-output-transform"><float_array id="Neck-Matrix-animation-output-transform-array" count="288">

0.999961 0.001341 0.008754 0.000000 -0.003118 0.978493 0.206254 16.671700 -0.008289 -0.206274 0.978459 -2.516200 0.000000 0.000000 0.000000 1.000000
0.999727 0.022582 -0.006023 0.000000 -0.020642 0.973992 0.225642 16.671700 0.010962 -0.225456 0.974192 -2.516200 0.000000 0.000000 0.000000 1.000000
0.999033 0.041085 -0.015665 -0.000000 -0.036152 0.970295 0.239207 16.671700 0.025028 -0.238409 0.970842 -2.516200 0.000000 0.000000 0.000000 1.000000
0.998608 0.051177 -0.012758 -0.000000 -0.046632 0.969706 0.239784 16.671700 0.024642 -0.238856 0.970742 -2.516200 0.000000 0.000000 0.000000 1.000000
0.998891 0.046662 -0.006297 -0.000000 -0.044121 0.974299 0.220894 16.671700 0.016443 -0.220371 0.975278 -2.516200 0.000000 0.000000 0.000000 1.000000
0.999540 0.029950 -0.004673 0.000000 -0.028414 0.979440 0.199723 16.671700 0.010558 -0.199498 0.979841 -2.516200 0.000000 0.000000 0.000000 1.000000
0.999911 0.011505 -0.006688 0.000000 -0.010015 0.981531 0.191042 16.671700 0.008763 -0.190958 0.981559 -2.516200 0.000000 0.000000 0.000000 1.000000
0.999984 -0.003768 -0.004182 0.000000 0.004543 0.978909 0.204245 16.671700 0.003324 -0.204261 0.978911 -2.516200 0.000000 0.000000 0.000000 1.000000
0.999819 -0.018919 0.001879 -0.000000 0.018021 0.974560 0.223400 16.671700 -0.006058 -0.223325 0.974725 -2.516200 0.000000 0.000000 0.000000 1.000000
0.999306 -0.035574 0.011082 0.000000 0.031972 0.971410 0.235247 16.671700 -0.019133 -0.234730 0.971872 -2.516200 0.000000 0.000000 0.000000 1.000000
0.998377 -0.052865 0.021175 0.000000 0.046039 0.968104 0.246284 16.671700 -0.033520 -0.244910 0.968966 -2.516200 0.000000 0.000000 0.000000 1.000000
0.997883 -0.056561 0.032097 0.000000 0.047029 0.968495 0.244551 16.671700 -0.044918 -0.242523 0.969105 -2.516200 0.000000 0.000000 0.000000 1.000000
0.998478 -0.040381 0.037560 0.000000 0.030541 0.971975 0.233091 16.671700 -0.045920 -0.231589 0.971729 -2.516200 0.000000 0.000000 0.000000 1.000000
0.999020 -0.024515 0.036861 0.000000 0.015723 0.974870 0.222218 16.671700 -0.041382 -0.221421 0.974300 -2.516200 0.000000 0.000000 0.000000 1.000000
0.999284 -0.020875 0.031555 0.000000 0.014243 0.980219 0.197402 16.671700 -0.035051 -0.196811 0.979815 -2.516200 0.000000 0.000000 0.000000 1.000000
0.999514 -0.020456 0.023531 0.000000 0.015730 0.982440 0.185915 16.671700 -0.026921 -0.185455 0.982284 -2.516200 0.000000 0.000000 0.000000 1.000000
0.999801 -0.009288 0.017671 0.000000 0.005564 0.979745 0.200170 16.671700 -0.019173 -0.200032 0.979602 -2.516200 0.000000 0.000000 0.000000 1.000000
0.999961 0.001341 0.008754 -0.000000 -0.003118 0.978493 0.206254 16.671700 -0.008289 -0.206274 0.978459 -2.516200 0.000000 0.000000 0.000000 1.000000</float_array><technique_common><accessor source="#Neck-Matrix-animation-output-transform-array" count="18" stride="16"><param type="float4x4"/></accessor></technique_common></source><source id="Neck-Interpolations"><Name_array id="Neck-Interpolations-array" count="18">
 LINEAR LINEAR LINEAR LINEAR LINEAR LINEAR LINEAR LINEAR LINEAR LINEAR LINEAR
LINEAR LINEAR LINEAR LINEAR LINEAR LINEAR LINEAR</Name_array><technique_common><accessor source="#Neck-Interpolations-array" count="18"><param type="name"/></accessor></technique_common></source><sampler id="Neck-Matrix-animation-transform"><input semantic="INPUT" source="#Neck-Matrix-animation-input"/><input semantic="OUTPUT" source="#Neck-Matrix-animation-output-transform"/><input semantic="INTERPOLATION" source="#Neck-Interpolations"/></sampler><channel source="#Neck-Matrix-animation-transform" target="Neck/matrix"/></animation>
    <animation id="Head-anim" name="Head"><source id="Head-Matrix-animation-input"><float_array id="Head-Matrix-animation-input-array" count="18">

0.000000 0.033333 0.066667 0.100000 0.133333 0.166667 0.200000 0.233333 0.266667 0.300000 0.333333 0.366667 0.400000 0.433333 0.466667 0.500000
0.533333 0.566667</float_array><technique_common><accessor source="#Head-Matrix-animation-input-array" count="18"><param name="TIME" type="float"/></accessor></technique_common></source><source id="Head-Matrix-animation-output-transform"><float_array id="Head-Matrix-animation-output-transform-array" count="288">

0.993695 0.108652 0.027670 0.000000 -0.111948 0.975150 0.191182 9.617900 -0.006210 -0.193074 0.981165 1.685000 0.000000 0.000000 0.000000 1.000000
0.994567 0.020201 -0.102121 -0.000000 -0.000682 0.982234 0.187661 9.617900 0.104098 -0.186572 0.976911 1.685000 0.000000 0.000000 0.000000 1.000000
0.981560 -0.021640 -0.189927 0.000000 0.054039 0.984456 0.167112 9.617900 0.183359 -0.174294 0.967472 1.685000 0.000000 0.000000 0.000000 1.000000
0.978223 -0.029081 -0.205507 0.000000 0.062094 0.985792 0.156074 9.617900 0.198049 -0.165437 0.966130 1.685000 0.000000 0.000000 0.000000 1.000000
0.985583 -0.031086 -0.166312 0.000000 0.058844 0.984590 0.164682 9.617900 0.158630 -0.172094 0.972224 1.685000 0.000000 0.000000 0.000000 1.000000
0.991257 -0.048698 -0.122628 0.000000 0.070000 0.981916 0.175898 9.617900 0.111844 -0.182944 0.976741 1.685000 0.000000 0.000000 0.000000 1.000000
0.993055 -0.066042 -0.097366 0.000000 0.081304 0.983401 0.162209 9.617900 0.085037 -0.168999 0.981941 1.685000 0.000000 0.000000 0.000000 1.000000
0.995727 -0.064999 -0.065592 -0.000000 0.074785 0.984299 0.159881 9.617900 0.054170 -0.164104 0.984955 1.685000 0.000000 0.000000 0.000000 1.000000
0.998984 -0.042988 -0.013496 0.000000 0.044710 0.982893 0.178669 9.617900 0.005584 -0.179091 0.983817 1.685000 0.000000 0.000000 0.000000 1.000000
0.997676 -0.012601 0.066958 0.000000 0.000742 0.984701 0.174253 9.617900 -0.068129 -0.173799 0.982422 1.685000 0.000000 0.000000 0.000000 1.000000
0.986398 0.037075 0.160137 -0.000000 -0.060939 0.987289 0.146787 9.617900 -0.152660 -0.154549 0.976120 1.685000 0.000000 0.000000 0.000000 1.000000
0.972774 0.077445 0.218433 0.000000 -0.105539 0.987146 0.120018 9.617900 -0.206331 -0.139804 0.968443 1.685000 0.000000 0.000000 0.000000 1.000000
0.974153 0.082171 0.210413 0.000000 -0.104053 0.990014 0.095111 9.617900 -0.200496 -0.114547 0.972975 1.685000 0.000000 0.000000 0.000000 1.000000
0.979618 0.088485 0.180331 -0.000000 -0.107233 0.989491 0.097001 9.617900 -0.169853 -0.114361 0.978811 1.685000 0.000000 0.000000 0.000000 1.000000
0.981208 0.112203 0.156974 0.000000 -0.132947 0.982750 0.128562 9.617900 -0.139841 -0.147015 0.979199 1.685000 0.000000 0.000000 0.000000 1.000000
0.983331 0.126705 0.130407 0.000000 -0.147136 0.975875 0.161304 9.617900 -0.106823 -0.177803 0.978251 1.685000 0.000000 0.000000 0.000000 1.000000
0.987948 0.125125 0.091117 -0.000000 -0.140134 0.973032 0.183222 9.617900 -0.065734 -0.193782 0.978840 1.685000 0.000000 0.000000 0.000000 1.000000
0.993695 0.108652 0.027670 0.000000 -0.111948 0.975150 0.191182 9.617900 -0.006210 -0.193074 0.981164 1.685000 0.000000 0.000000 0.000000 1.000000</float_array><technique_common><accessor source="#Head-Matrix-animation-output-transform-array" count="18" stride="16"><param type="float4x4"/></accessor></technique_common></source><source id="Head-Interpolations"><Name_array id="Head-Interpolations-array" count="18">
 LINEAR LINEAR LINEAR LINEAR LINEAR LINEAR LINEAR LINEAR LINEAR LINEAR LINEAR
LINEAR LINEAR LINEAR LINEAR LINEAR LINEAR LINEAR</Name_array><technique_common><accessor source="#Head-Interpolations-array" count="18"><param type="name"/></accessor></technique_common></source><sampler id="Head-Matrix-animation-transform"><input semantic="INPUT" source="#Head-Matrix-animation-input"/><input semantic="OUTPUT" source="#Head-Matrix-animation-output-transform"/><input semantic="INTERPOLATION" source="#Head-Interpolations"/></sampler><channel source="#Head-Matrix-animation-transform" target="Head/matrix"/></animation>
    <animation id="LeftShoulder-anim" name="LeftShoulder"><source id="LeftShoulder-Matrix-animation-input"><float_array id="LeftShoulder-Matrix-animation-input-array" count="18">

0.000000 0.033333 0.066667 0.100000 0.133333 0.166667 0.200000 0.233333 0.266667 0.300000 0.333333 0.366667 0.400000 0.433333 0.466667 0.500000
0.533333 0.566667</float_array><technique_common><accessor source="#LeftShoulder-Matrix-animation-input-array" count="18"><param name="TIME" type="float"/></accessor></technique_common></source><source id="LeftShoulder-Matrix-animation-output-transform"><float_array id="LeftShoulder-Matrix-animation-output-transform-array" count="288">

0.899104 0.123201 -0.420039 4.570400 -0.142564 0.989674 -0.014881 10.946000 0.413868 0.073262 0.907384 -2.628000 0.000000 0.000000 0.000000 1.000000
0.917752 0.084212 -0.388123 4.570400 -0.100421 0.994710 -0.021632 10.946000 0.384248 0.058829 0.921354 -2.628000 0.000000 0.000000 0.000000 1.000000
0.916103 0.074821 -0.393900 4.570400 -0.091384 0.995540 -0.023432 10.946000 0.390390 0.057462 0.918855 -2.628000 0.000000 0.000000 0.000000 1.000000
0.908712 0.122951 -0.398906 4.570400 -0.140325 0.989999 -0.014522 10.946000 0.393131 0.069173 0.916877 -2.628000 0.000000 0.000000 0.000000 1.000000
0.899982 0.185941 -0.394283 4.570400 -0.203351 0.979103 -0.002425 10.946000 0.385592 0.082360 0.918986 -2.628000 0.000000 0.000000 0.000000 1.000000
0.886484 0.231090 -0.400929 4.570400 -0.249153 0.968437 0.007297 10.946000 0.389960 0.093424 0.916080 -2.628000 0.000000 0.000000 0.000000 1.000000
0.871849 0.258499 -0.416002 4.570400 -0.277588 0.960581 0.015132 10.946000 0.403515 0.102284 0.909238 -2.628000 0.000000 0.000000 0.000000 1.000000
0.880688 0.240361 -0.408186 4.570400 -0.258314 0.965993 0.011497 10.946000 0.397068 0.095315 0.912827 -2.628000 0.000000 0.000000 0.000000 1.000000
0.909924 0.147280 -0.387746 4.570400 -0.163642 0.986476 -0.009319 10.946000 0.381130 0.071931 0.921719 -2.628000 0.000000 0.000000 0.000000 1.000000
0.926155 0.025779 -0.376260 4.570400 -0.041678 0.998546 -0.034174 10.946000 0.374832 0.047332 0.925884 -2.628000 0.000000 0.000000 0.000000 1.000000
0.937585 -0.029939 -0.346464 4.570400 0.015719 0.998918 -0.043780 10.946000 0.347400 0.035601 0.937041 -2.628000 0.000000 0.000000 0.000000 1.000000
0.951235 -0.002291 -0.308459 4.570400 -0.009727 0.999252 -0.037419 10.946000 0.308314 0.038595 0.950501 -2.628000 0.000000 0.000000 0.000000 1.000000
0.939607 0.037869 -0.340154 4.570400 -0.052105 0.998103 -0.032810 10.946000 0.338267 0.048552 0.939797 -2.628000 0.000000 0.000000 0.000000 1.000000
0.909796 0.066763 -0.409651 4.570400 -0.085980 0.995885 -0.028650 10.946000 0.406052 0.061288 0.911792 -2.628000 0.000000 0.000000 0.000000 1.000000
0.898546 0.094505 -0.428584 4.570400 -0.114866 0.993141 -0.021828 10.946000 0.423581 0.068844 0.903238 -2.628000 0.000000 0.000000 0.000000 1.000000
0.898732 0.118984 -0.422047 4.570400 -0.138453 0.990245 -0.015659 10.946000 0.416067 0.072507 0.906439 -2.628000 0.000000 0.000000 0.000000 1.000000
0.893292 0.145107 -0.425410 4.570400 -0.164442 0.986347 -0.008858 10.946000 0.418316 0.077868 0.904958 -2.628000 0.000000 0.000000 0.000000 1.000000
0.899104 0.123201 -0.420039 4.570400 -0.142564 0.989674 -0.014881 10.946000 0.413868 0.073262 0.907384 -2.628000 0.000000 0.000000 0.000000 1.000000</float_array><technique_common><accessor source="#LeftShoulder-Matrix-animation-output-transform-array" count="18" stride="16"><param type="float4x4"/></accessor></technique_common></source><source id="LeftShoulder-Interpolations"><Name_array id="LeftShoulder-Interpolations-array" count="18">
 LINEAR LINEAR LINEAR LINEAR LINEAR LINEAR LINEAR LINEAR LINEAR LINEAR LINEAR
LINEAR LINEAR LINEAR LINEAR LINEAR LINEAR LINEAR</Name_array><technique_common><accessor source="#LeftShoulder-Interpolations-array" count="18"><param type="name"/></accessor></technique_common></source><sampler id="LeftShoulder-Matrix-animation-transform"><input semantic="INPUT" source="#LeftShoulder-Matrix-animation-input"/><input semantic="OUTPUT" source="#LeftShoulder-Matrix-animation-output-transform"/><input semantic="INTERPOLATION" source="#LeftShoulder-Interpolations"/></sampler><channel source="#LeftShoulder-Matrix-animation-transform" target="LeftShoulder/matrix"/></animation>
    <animation id="LeftArm-anim" name="LeftArm"><source id="LeftArm-Matrix-animation-input"><float_array id="LeftArm-Matrix-animation-input-array" count="18">

0.000000 0.033333 0.066667 0.100000 0.133333 0.166667 0.200000 0.233333 0.266667 0.300000 0.333333 0.366667 0.400000 0.433333 0.466667 0.500000
0.533333 0.566667</float_array><technique_common><accessor source="#LeftArm-Matrix-animation-input-array" count="18"><param name="TIME" type="float"/></accessor></technique_common></source><source id="LeftArm-Matrix-animation-output-transform"><float_array id="LeftArm-Matrix-animation-output-transform-array" count="288">

0.429690 0.886753 -0.170399 10.592400 -0.848233 0.331682 -0.412901 -0.524600 -0.309622 0.321957 0.894694 -2.232100 0.000000 0.000000 0.000000 1.000000
0.508807 0.833478 -0.215477 10.592400 -0.736137 0.291459 -0.610863 -0.524600 -0.446338 0.469432 0.761850 -2.232100 0.000000 0.000000 0.000000 1.000000
0.606763 0.779585 -0.155196 10.592400 -0.614523 0.336220 -0.713665 -0.524600 -0.504182 0.528397 0.683079 -2.232100 0.000000 0.000000 0.000000 1.000000
0.639354 0.768911 -0.001303 10.592400 -0.538899 0.446888 -0.714058 -0.524600 -0.548465 0.457239 0.700085 -2.232100 0.000000 0.000000 0.000000 1.000000
0.604434 0.789830 0.104061 10.592400 -0.609903 0.542812 -0.577385 -0.524600 -0.512521 0.285524 0.809814 -2.232100 0.000000 0.000000 0.000000 1.000000
0.593417 0.792881 0.138550 10.592400 -0.715956 0.598621 -0.359249 -0.524600 -0.367780 0.113989 0.922900 -2.232100 0.000000 0.000000 0.000000 1.000000
0.614645 0.786170 0.064411 10.592400 -0.773502 0.616714 -0.146143 -0.524600 -0.154616 0.040004 0.987164 -2.232100 0.000000 0.000000 0.000000 1.000000
0.610421 0.786076 -0.097318 10.592400 -0.786477 0.616097 0.043334 -0.524600 0.094021 0.050087 0.994309 -2.232100 0.000000 0.000000 0.000000 1.000000
0.540476 0.814235 -0.211914 10.592400 -0.785229 0.578612 0.220509 -0.524600 0.302162 0.047222 0.952086 -2.232100 0.000000 0.000000 0.000000 1.000000
0.493706 0.844875 -0.206011 10.592400 -0.785461 0.534903 0.311336 -0.524600 0.373236 0.008105 0.927701 -2.232100 0.000000 0.000000 0.000000 1.000000
0.534654 0.822994 -0.191902 10.592400 -0.778409 0.568014 0.267284 -0.524600 0.328976 0.006474 0.944316 -2.232100 0.000000 0.000000 0.000000 1.000000
0.598997 0.766829 -0.230601 10.592400 -0.764020 0.633529 0.122128 -0.524600 0.239743 0.103030 0.965354 -2.232100 0.000000 0.000000 0.000000 1.000000
0.634484 0.729802 -0.254597 10.592400 -0.767698 0.633298 -0.097842 -0.524600 0.089831 0.257533 0.962085 -2.232100 0.000000 0.000000 0.000000 1.000000
0.612837 0.748608 -0.253014 10.592400 -0.789069 0.562543 -0.246809 -0.524600 -0.042432 0.350900 0.935451 -2.232100 0.000000 0.000000 0.000000 1.000000
0.532514 0.797571 -0.283391 10.592400 -0.840873 0.460215 -0.284842 -0.524600 -0.096761 0.389978 0.915726 -2.232100 0.000000 0.000000 0.000000 1.000000
0.420475 0.871499 -0.252368 10.592400 -0.900917 0.368094 -0.229903 -0.524600 -0.107465 0.324031 0.939923 -2.232100 0.000000 0.000000 0.000000 1.000000
0.390639 0.903809 -0.174731 10.592400 -0.908644 0.348159 -0.230546 -0.524600 -0.147535 0.248829 0.957245 -2.232100 0.000000 0.000000 0.000000 1.000000
0.429691 0.886753 -0.170399 10.592400 -0.848234 0.331682 -0.412900 -0.524600 -0.309622 0.321957 0.894694 -2.232100 0.000000 0.000000 0.000000 1.000000</float_array><technique_common><accessor source="#LeftArm-Matrix-animation-output-transform-array" count="18" stride="16"><param type="float4x4"/></accessor></technique_common></source><source id="LeftArm-Interpolations"><Name_array id="LeftArm-Interpolations-array" count="18">
 LINEAR LINEAR LINEAR LINEAR LINEAR LINEAR LINEAR LINEAR LINEAR LINEAR LINEAR
LINEAR LINEAR LINEAR LINEAR LINEAR LINEAR LINEAR</Name_array><technique_common><accessor source="#LeftArm-Interpolations-array" count="18"><param type="name"/></accessor></technique_common></source><sampler id="LeftArm-Matrix-animation-transform"><input semantic="INPUT" source="#LeftArm-Matrix-animation-input"/><input semantic="OUTPUT" source="#LeftArm-Matrix-animation-output-transform"/><input semantic="INTERPOLATION" source="#LeftArm-Interpolations"/></sampler><channel source="#LeftArm-Matrix-animation-transform" target="LeftArm/matrix"/></animation>
    <animation id="LeftForeArm-anim" name="LeftForeArm"><source id="LeftForeArm-Matrix-animation-input"><float_array id="LeftForeArm-Matrix-animation-input-array" count="18">

0.000000 0.033333 0.066667 0.100000 0.133333 0.166667 0.200000 0.233333 0.266667 0.300000 0.333333 0.366667 0.400000 0.433333 0.466667 0.500000
0.533333 0.566667</float_array><technique_common><accessor source="#LeftForeArm-Matrix-animation-input-array" count="18"><param name="TIME" type="float"/></accessor></technique_common></source><source id="LeftForeArm-Matrix-animation-output-transform"><float_array id="LeftForeArm-Matrix-animation-output-transform-array" count="288">

0.839364 0.000004 -0.543570 27.841499 -0.000003 1.000000 0.000002 -0.000100 0.543570 0.000000 0.839364 0.000000 0.000000 0.000000 0.000000 1.000000
0.651204 0.000004 -0.758903 27.841499 -0.000002 1.000000 0.000003 -0.000100 0.758903 0.000000 0.651204 0.000000 0.000000 0.000000 0.000000 1.000000
0.464599 0.000004 -0.885521 27.841499 -0.000002 1.000000 0.000003 -0.000100 0.885521 -0.000000 0.464599 0.000000 0.000000 0.000000 0.000000 1.000000
0.332359 0.000004 -0.943153 27.841499 -0.000001 1.000000 0.000003 -0.000100 0.943153 0.000000 0.332359 0.000000 0.000000 0.000000 0.000000 1.000000
0.375369 0.000003 -0.926876 27.841499 -0.000001 1.000000 0.000003 -0.000100 0.926876 0.000000 0.375369 -0.000000 0.000000 0.000000 0.000000 1.000000
0.454725 0.000003 -0.890632 27.841499 -0.000002 1.000000 0.000003 -0.000100 0.890632 0.000000 0.454725 0.000000 0.000000 0.000000 0.000000 1.000000
0.481339 0.000004 -0.876535 27.841499 -0.000002 1.000000 0.000003 -0.000100 0.876535 -0.000000 0.481339 0.000000 0.000000 0.000000 0.000000 1.000000
0.446563 0.000003 -0.894752 27.841499 -0.000002 1.000000 0.000003 -0.000100 0.894752 -0.000000 0.446563 0.000000 0.000000 0.000000 0.000000 1.000000
0.324829 0.000004 -0.945773 27.841499 -0.000001 1.000000 0.000004 -0.000100 0.945773 -0.000000 0.324829 0.000000 0.000000 0.000000 0.000000 1.000000
0.112878 0.000004 -0.993609 27.841499 -0.000000 1.000000 0.000004 -0.000100 0.993609 -0.000000 0.112878 0.000000 0.000000 0.000000 0.000000 1.000000
-0.179905 0.000004 -0.983684 27.841499 0.000001 1.000000 0.000004 -0.000100 0.983684 0.000000 -0.179905 -0.000000 0.000000 0.000000 0.000000 1.000000
-0.328781 0.000004 -0.944406 27.841499 0.000001 1.000000 0.000004 -0.000100 0.944406 0.000000 -0.328781 0.000000 0.000000 0.000000 0.000000 1.000000
-0.249071 0.000003 -0.968485 27.841499 0.000001 1.000000 0.000003 -0.000100 0.968485 -0.000000 -0.249071 0.000000 0.000000 0.000000 0.000000 1.000000
0.017413 0.000003 -0.999848 27.841499 -0.000000 1.000000 0.000003 -0.000100 0.999848 0.000000 0.017413 0.000000 0.000000 0.000000 0.000000 1.000000
0.436158 0.000004 -0.899870 27.841499 -0.000002 1.000000 0.000003 -0.000100 0.899870 0.000000 0.436158 -0.000000 0.000000 0.000000 0.000000 1.000000
0.790680 0.000004 -0.612230 27.841499 -0.000003 1.000000 0.000002 -0.000100 0.612230 0.000000 0.790680 -0.000000 0.000000 0.000000 0.000000 1.000000
0.914443 0.000004 -0.404714 27.841499 -0.000003 1.000000 0.000002 -0.000100 0.404714 -0.000000 0.914443 0.000000 0.000000 0.000000 0.000000 1.000000
0.839364 0.000004 -0.543570 27.841499 -0.000003 1.000000 0.000002 -0.000100 0.543570 0.000000 0.839364 0.000000 0.000000 0.000000 0.000000 1.000000</float_array><technique_common><accessor source="#LeftForeArm-Matrix-animation-output-transform-array" count="18" stride="16"><param type="float4x4"/></accessor></technique_common></source><source id="LeftForeArm-Interpolations"><Name_array id="LeftForeArm-Interpolations-array" count="18">
 LINEAR LINEAR LINEAR LINEAR LINEAR LINEAR LINEAR LINEAR LINEAR LINEAR LINEAR
LINEAR LINEAR LINEAR LINEAR LINEAR LINEAR LINEAR</Name_array><technique_common><accessor source="#LeftForeArm-Interpolations-array" count="18"><param type="name"/></accessor></technique_common></source><sampler id="LeftForeArm-Matrix-animation-transform"><input semantic="INPUT" source="#LeftForeArm-Matrix-animation-input"/><input semantic="OUTPUT" source="#LeftForeArm-Matrix-animation-output-transform"/><input semantic="INTERPOLATION" source="#LeftForeArm-Interpolations"/></sampler><channel source="#LeftForeArm-Matrix-animation-transform" target="LeftForeArm/matrix"/></animation>
    <animation id="LeftHand-anim" name="LeftHand"><source id="LeftHand-Matrix-animation-input"><float_array id="LeftHand-Matrix-animation-input-array" count="18">

0.000000 0.033333 0.066667 0.100000 0.133333 0.166667 0.200000 0.233333 0.266667 0.300000 0.333333 0.366667 0.400000 0.433333 0.466667 0.500000
0.533333 0.566667</float_array><technique_common><accessor source="#LeftHand-Matrix-animation-input-array" count="18"><param name="TIME" type="float"/></accessor></technique_common></source><source id="LeftHand-Matrix-animation-output-transform"><float_array id="LeftHand-Matrix-animation-output-transform-array" count="288">

0.963413 0.162569 -0.213091 28.328800 -0.049786 0.889757 0.453711 0.000000 0.263358 -0.426502 0.865297 -0.000000 0.000000 0.000000 0.000000 1.000000
0.987334 0.071631 -0.141566 28.328800 0.011295 0.858280 0.513058 -0.000000 0.158254 -0.508158 0.846600 0.000000 0.000000 0.000000 0.000000 1.000000
0.990736 0.002125 -0.135782 28.328800 0.074974 0.825122 0.559958 -0.000000 0.113227 -0.564951 0.817319 0.000000 0.000000 0.000000 0.000000 1.000000
0.987009 -0.020175 -0.159390 28.328800 0.108225 0.816719 0.566796 -0.000000 0.118742 -0.576683 0.808293 0.000000 0.000000 0.000000 0.000000 1.000000
0.978806 -0.027622 -0.202918 28.328800 0.136033 0.828369 0.543415 0.000000 0.153080 -0.559502 0.814570 -0.000000 0.000000 0.000000 0.000000 1.000000
0.964361 -0.083721 -0.250996 28.328800 0.204201 0.838735 0.504802 0.000000 0.168257 -0.538065 0.825939 0.000000 0.000000 0.000000 0.000000 1.000000
