<?xml version="1.0" encoding="utf-8"?>
<COLLADA xmlns="http://www.collada.org/2005/11/COLLADASchema" version="1.4.1">
  <asset><contributor><author>Mixamo</author><authoring_tool>COLLADA Mixamo exporter</authoring_tool><comments></comments></contributor><created>2020-08-05T16:37:28Z</created><modified>2020-08-05T16:37:28Z</modified><revision></revision><title></title><unit meter="0.010000"/><up_axis>Y_UP</up_axis></asset>
  <library_animations>
    <animation id="Hips-anim" name="Hips"><source id="Hips-Matrix-animation-input"><float_array id="Hips-Matrix-animation-input-array" count="71">

0.000000 0.033333 0.066667 0.100000 0.133333 0.166667 0.200000 0.233333 0.266667 0.300000 0.333333 0.366667 0.400000 0.433333 0.466667 0.500000
0.533333 0.566667 0.600000 0.633333 0.666667 0.700000 0.733333 0.766667 0.800000 0.833333 0.866667 0.900000 0.933333 0.966667 1.000000 1.033333
1.066667 1.100000 1.133333 1.166667 1.200000 1.233333 1.266667 1.300000 1.333333 1.366667 1.400000 1.433333 1.466667 1.500000 1.533333 1.566667
1.600000 1.633333 1.666667 1.700000 1.733333 1.766667 1.800000 1.833333 1.866667 1.900000 1.933333 1.966667 2.000000 2.033333 2.066667 2.100000
2.133333 2.166667 2.200000 2.233333 2.266667 2.300000 2.333333</float_array><technique_common><accessor source="#Hips-Matrix-animation-input-array" count="71"><param name="TIME" type="float"/></accessor></technique_common></source><source id="Hips-Matrix-animation-output-transform"><float_array id="Hips-Matrix-animation-output-transform-array" count="1136">

0.467338 -0.083750 -0.880103 -0.000006 0.030092 0.996433 -0.078842 93.965210 0.883566 0.010362 0.468191 -0.000010 0.000000 0.000000 0.000000 1.000000
0.582714 -0.112472 -0.804857 -1.400191 0.094909 0.993018 -0.070052 91.152473 0.807116 -0.035567 0.589320 -5.004795 0.000000 0.000000 0.000000 1.000000
0.248035 -0.038913 -0.967969 -4.286849 0.118259 0.992936 -0.009614 90.874634 0.961506 -0.112086 0.250885 -6.001234 0.000000 0.000000 0.000000 1.000000
-0.109974 0.066809 -0.991687 -7.501172 0.135711 0.989404 0.051606 91.692390 0.984626 -0.128907 -0.117875 -5.996159 0.000000 0.000000 0.000000 1.000000
-0.386628 0.142993 -0.911083 -10.459407 0.160079 0.983316 0.086398 92.598915 0.908236 -0.112441 -0.403068 -6.525581 0.000000 0.000000 0.000000 1.000000
-0.564686 0.176809 -0.806144 -12.808602 0.173329 0.980405 0.093616 93.269943 0.806900 -0.086864 -0.584266 -7.155428 0.000000 0.000000 0.000000 1.000000
-0.666448 0.181138 -0.723213 -15.079389 0.148287 0.982861 0.109522 93.745384 0.730656 -0.034253 -0.681886 -7.529264 0.000000 0.000000 0.000000 1.000000
-0.712774 0.153858 -0.684310 -17.091021 0.107217 0.988078 0.110480 94.215759 0.693150 0.005377 -0.720773 -7.989185 0.000000 0.000000 0.000000 1.000000
-0.710284 0.125165 -0.692697 -18.600428 0.074328 0.991899 0.103013 94.779694 0.699980 0.021682 -0.713834 -8.420963 0.000000 0.000000 0.000000 1.000000
-0.672051 0.087394 -0.735330 -19.991245 0.043511 0.995956 0.078602 95.327614 0.739226 0.020830 -0.673136 -8.654847 0.000000 0.000000 0.000000 1.000000
-0.631372 0.041631 -0.774361 -21.544460 0.025883 0.999133 0.032612 95.753876 0.775048 0.000548 -0.631903 -8.709643 0.000000 0.000000 0.000000 1.000000
-0.604457 0.007689 -0.796601 -23.060125 0.024792 0.999651 -0.009163 95.929184 0.796252 -0.025288 -0.604437 -8.759101 0.000000 0.000000 0.000000 1.000000
-0.593219 -0.016048 -0.804881 -24.550095 0.025447 0.998928 -0.038673 95.888260 0.804639 -0.043423 -0.592174 -8.761705 0.000000 0.000000 0.000000 1.000000
-0.600308 -0.029773 -0.799215 -26.105560 0.021588 0.998339 -0.053406 95.627670 0.799478 -0.049314 -0.598668 -8.557123 0.000000 0.000000 0.000000 1.000000
-0.615607 -0.037619 -0.787155 -27.767345 0.014410 0.998156 -0.058972 95.205894 0.787922 -0.047647 -0.613929 -8.160748 0.000000 0.000000 0.000000 1.000000
-0.627494 -0.039520 -0.777618 -29.575232 0.006772 0.998396 -0.056205 94.649590 0.778592 -0.040534 -0.626220 -7.701343 0.000000 0.000000 0.000000 1.000000
-0.637316 -0.045664 -0.769248 -31.604235 0.001204 0.998182 -0.060252 93.872238 0.770602 -0.039326 -0.636103 -7.203609 0.000000 0.000000 0.000000 1.000000
-0.641163 -0.053373 -0.765547 -33.848167 -0.002687 0.997729 -0.067309 92.850014 0.767400 -0.041099 -0.639850 -6.691308 0.000000 0.000000 0.000000 1.000000
-0.635440 -0.058027 -0.769967 -36.229767 -0.004589 0.997438 -0.071383 91.490616 0.772137 -0.041827 -0.634078 -6.143219 0.000000 0.000000 0.000000 1.000000
-0.618568 -0.057989 -0.783589 -38.853371 -0.002304 0.997402 -0.071993 89.786339 0.785728 -0.042727 -0.617095 -5.696985 0.000000 0.000000 0.000000 1.000000
-0.591620 -0.052876 -0.804481 -41.565811 0.004549 0.997612 -0.068916 87.640984 0.806204 -0.044432 -0.589967 -5.393847 0.000000 0.000000 0.000000 1.000000
-0.547704 -0.039100 -0.835758 -44.581841 0.015976 0.998237 -0.057171 84.627205 0.836519 -0.044664 -0.546114 -5.306990 0.000000 0.000000 0.000000 1.000000
-0.484586 -0.024821 -0.874392 -47.904919 0.029472 0.998567 -0.044680 80.735909 0.874247 -0.047422 -0.483159 -5.347323 0.000000 0.000000 0.000000 1.000000
-0.410513 0.000191 -0.911855 -51.244339 0.045546 0.998756 -0.020295 75.563156 0.910716 -0.049863 -0.410011 -5.419989 0.000000 0.000000 0.000000 1.000000
-0.329309 0.042940 -0.943245 -54.432137 0.066527 0.997538 0.022185 69.420044 0.941876 -0.055446 -0.331355 -5.491527 0.000000 0.000000 0.000000 1.000000
-0.237394 0.075920 -0.968442 -57.518883 0.079444 0.995119 0.058537 62.192032 0.968159 -0.063040 -0.242267 -5.557647 0.000000 0.000000 0.000000 1.000000
-0.157999 0.090589 -0.983275 -60.903458 0.070342 0.994286 0.080300 54.670376 0.984931 -0.056478 -0.163468 -5.464461 0.000000 0.000000 0.000000 1.000000
-0.186773 0.052350 -0.981007 -64.660927 0.102008 0.994215 0.033634 49.975067 0.977093 -0.093789 -0.191033 -6.078045 0.000000 0.000000 0.000000 1.000000
-0.354567 0.016488 -0.934885 -68.797867 0.075240 0.997105 -0.010951 48.834476 0.931999 -0.074224 -0.354781 -7.476190 0.000000 0.000000 0.000000 1.000000
-0.461042 -0.055314 -0.885652 -72.507469 0.019961 0.997156 -0.072669 50.036312 0.887154 -0.051182 -0.458627 -8.676313 0.000000 0.000000 0.000000 1.000000
-0.433509 -0.105319 -0.894974 -75.743530 0.022075 0.991608 -0.127384 51.567894 0.900879 -0.074979 -0.427546 -9.413766 0.000000 0.000000 0.000000 1.000000
-0.364168 -0.151348 -0.918953 -78.855980 0.047765 0.982374 -0.180722 52.899456 0.930108 -0.109707 -0.350520 -9.880885 0.000000 0.000000 0.000000 1.000000
-0.300055 -0.206080 -0.931396 -82.020851 0.073268 0.968523 -0.237898 53.795387 0.951104 -0.139624 -0.275511 -10.066164 0.000000 0.000000 0.000000 1.000000
-0.250269 -0.275291 -0.928213 -85.317917 0.078204 0.949843 -0.302792 54.008766 0.965013 -0.148369 -0.216187 -9.825131 0.000000 0.000000 0.000000 1.000000
-0.211609 -0.336663 -0.917540 -88.414925 0.083271 0.929176 -0.360137 54.083267 0.973801 -0.152612 -0.168588 -9.417442 0.000000 0.000000 0.000000 1.000000
-0.162512 -0.385356 -0.908345 -91.593536 0.089817 0.910983 -0.402545 53.827282 0.982610 -0.147003 -0.113435 -9.230403 0.000000 0.000000 0.000000 1.000000
-0.125650 -0.435724 -0.891267 -94.875053 0.096115 0.888814 -0.448075 53.139458 0.987408 -0.141965 -0.069800 -9.134798 0.000000 0.000000 0.000000 1.000000
-0.111008 -0.491448 -0.863803 -98.723579 0.078464 0.862128 -0.500578 52.222626 0.990717 -0.123345 -0.057142 -9.074199 0.000000 0.000000 0.000000 1.000000
-0.118319 -0.556481 -0.822393 -103.040726 0.046798 0.824165 -0.564413 50.314487 0.991872 -0.105267 -0.071472 -8.821890 0.000000 0.000000 0.000000 1.000000
-0.130480 -0.622835 -0.771396 -107.530350 0.020875 0.776149 -0.630203 47.230034 0.991231 -0.098332 -0.088271 -8.468435 0.000000 0.000000 0.000000 1.000000
-0.123609 -0.693921 -0.709362 -111.988182 0.008549 0.714073 -0.700019 43.455463 0.992294 -0.092593 -0.082334 -7.986531 0.000000 0.000000 0.000000 1.000000
-0.116641 -0.762884 -0.635927 -116.572655 0.000086 0.640290 -0.768133 38.953064 0.993174 -0.089651 -0.074619 -7.585231 0.000000 0.000000 0.000000 1.000000
-0.120728 -0.816854 -0.564070 -121.105972 -0.012362 0.569419 -0.821954 33.614182 0.992609 -0.092260 -0.078843 -7.335862 0.000000 0.000000 0.000000 1.000000
-0.130349 -0.868821 -0.477661 -125.515427 -0.022981 0.484289 -0.874606 27.340439 0.991202 -0.103027 -0.083093 -7.038821 0.000000 0.000000 0.000000 1.000000
-0.145560 -0.928326 -0.342087 -129.714828 -0.028237 0.349527 -0.936501 19.625025 0.988946 -0.126658 -0.077091 -6.830554 0.000000 0.000000 0.000000 1.000000
-0.153992 -0.979718 -0.128217 -132.927811 -0.087396 0.142762 -0.985891 12.801602 0.984199 -0.140614 -0.107608 -6.614548 0.000000 0.000000 0.000000 1.000000
-0.105576 -0.989705 0.096637 -134.923950 -0.113170 -0.084590 -0.989968 12.089281 0.987951 -0.115453 -0.103074 -6.064608 0.000000 0.000000 0.000000 1.000000
-0.087683 -0.981327 0.171201 -137.739990 -0.102120 -0.162102 -0.981476 13.299800 0.990900 -0.103542 -0.085999 -6.254950 0.000000 0.000000 0.000000 1.000000
-0.076143 -0.976666 0.200814 -140.114059 -0.106750 -0.192256 -0.975521 14.234312 0.991366 -0.095716 -0.089621 -6.476870 0.000000 0.000000 0.000000 1.000000
-0.066820 -0.973197 0.220050 -142.306091 -0.118479 -0.211244 -0.970226 15.047310 0.990706 -0.090901 -0.101188 -6.672318 0.000000 0.000000 0.000000 1.000000
-0.059134 -0.970797 0.232499 -144.321213 -0.133268 -0.223145 -0.965632 15.698355 0.989314 -0.088087 -0.116181 -6.858831 0.000000 0.000000 0.000000 1.000000
-0.052553 -0.968852 0.242000 -146.167343 -0.146843 -0.232203 -0.961519 16.153244 0.987763 -0.086066 -0.130066 -7.053706 0.000000 0.000000 0.000000 1.000000
-0.046487 -0.966491 0.252457 -147.857742 -0.154945 -0.242695 -0.957649 16.386248 0.986829 -0.083635 -0.138471 -7.274088 0.000000 0.000000 0.000000 1.000000
-0.044696 -0.963273 0.264777 -148.960938 -0.145620 -0.255929 -0.955665 15.868690 0.988330 -0.081271 -0.128833 -7.541299 0.000000 0.000000 0.000000 1.000000
-0.047791 -0.960484 0.274200 -149.442993 -0.121391 -0.266894 -0.956050 15.244040 0.991454 -0.078976 -0.103839 -7.856390 0.000000 0.000000 0.000000 1.000000
-0.051769 -0.968357 0.244141 -149.057114 -0.084672 -0.239332 -0.967239 14.716848 0.995063 -0.070745 -0.069602 -8.364923 0.000000 0.000000 0.000000 1.000000
-0.056957 -0.983053 0.174250 -148.066772 -0.039570 -0.172174 -0.984272 14.224419 0.997592 -0.062956 -0.029093 -9.123889 0.000000 0.000000 0.000000 1.000000
-0.059138 -0.994659 0.084591 -147.029404 -0.001358 -0.084659 -0.996409 14.075661 0.998249 -0.059040 0.003655 -9.713010 0.000000 0.000000 0.000000 1.000000
-0.052541 -0.998318 0.024496 -146.299744 0.018987 -0.025524 -0.999494 14.320715 0.998438 -0.052049 0.020296 -9.810761 0.000000 0.000000 0.000000 1.000000
-0.054485 -0.998447 0.011599 -145.925583 0.031227 -0.013314 -0.999424 14.573521 0.998026 -0.054091 0.031904 -9.794068 0.000000 0.000000 0.000000 1.000000
-0.061938 -0.998037 0.009233 -145.697617 0.042578 -0.011885 -0.999022 14.814439 0.997171 -0.061485 0.043231 -9.784277 0.000000 0.000000 0.000000 1.000000
-0.069735 -0.997558 0.003775 -145.568771 0.046831 -0.007054 -0.998878 14.999241 0.996466 -0.069480 0.047208 -9.765788 0.000000 0.000000 0.000000 1.000000
-0.068934 -0.997503 -0.015366 -145.484207 0.030979 0.013255 -0.999432 15.066671 0.997140 -0.069371 0.029988 -9.647459 0.000000 0.000000 0.000000 1.000000
-0.063895 -0.997374 -0.034088 -145.475204 0.003121 0.033957 -0.999418 15.043000 0.997952 -0.063965 0.000944 -9.457856 0.000000 0.000000 0.000000 1.000000
-0.060704 -0.997475 -0.036859 -145.529114 -0.020323 0.038154 -0.999065 15.006961 0.997949 -0.059899 -0.022588 -9.275979 0.000000 0.000000 0.000000 1.000000
-0.059930 -0.997888 -0.025064 -145.620789 -0.036740 0.027297 -0.998952 14.973205 0.997526 -0.058946 -0.038298 -9.120707 0.000000 0.000000 0.000000 1.000000
-0.062206 -0.998061 -0.002131 -145.730759 -0.045938 0.004996 -0.998932 14.932389 0.997006 -0.062042 -0.046159 -8.996103 0.000000 0.000000 0.000000 1.000000
-0.065646 -0.997674 0.018366 -145.823318 -0.054034 -0.014825 -0.998429 14.879688 0.996379 -0.066535 -0.052935 -8.879622 0.000000 0.000000 0.000000 1.000000
-0.070509 -0.996898 0.034982 -145.893188 -0.060719 -0.030715 -0.997682 14.815720 0.995661 -0.072470 -0.058365 -8.774999 0.000000 0.000000 0.000000 1.000000
-0.076062 -0.996107 0.044564 -145.934586 -0.066879 -0.039496 -0.996979 14.752083 0.994858 -0.078813 -0.063614 -8.681742 0.000000 0.000000 0.000000 1.000000
-0.079728 -0.995756 0.045966 -145.954941 -0.071241 -0.040303 -0.996645 14.711412 0.994268 -0.082735 -0.067726 -8.634888 0.000000 0.000000 0.000000 1.000000</float_array><technique_common><accessor source="#Hips-Matrix-animation-output-transform-array" count="71" stride="16"><param type="float4x4"/></accessor></technique_common></source><source id="Hips-Interpolations"><Name_array id="Hips-Interpolations-array" count="71">
 LINEAR LINEAR LINEAR LINEAR LINEAR LINEAR LINEAR LINEAR LINEAR LINEAR LINEAR
LINEAR LINEAR LINEAR LINEAR LINEAR LINEAR LINEAR LINEAR LINEAR LINEAR LINEAR LINEAR
LINEAR LINEAR LINEAR LINEAR LINEAR LINEAR LINEAR LINEAR LINEAR LINEAR LINEAR LINEAR
LINEAR LINEAR LINEAR LINEAR LINEAR LINEAR LINEAR LINEAR LINEAR LINEAR LINEAR LINEAR
LINEAR LINEAR LINEAR LINEAR LINEAR LINEAR LINEAR LINEAR LINEAR LINEAR LINEAR LINEAR
LINEAR LINEAR LINEAR LINEAR LINEAR LINEAR LINEAR LINEAR LINEAR LINEAR LINEAR LINEAR</Name_array><technique_common><accessor source="#Hips-Interpolations-array" count="71"><param type="name"/></accessor></technique_common></source><sampler id="Hips-Matrix-animation-transform"><input semantic="INPUT" source="#Hips-Matrix-animation-input"/><input semantic="OUTPUT" source="#Hips-Matrix-animation-output-transform"/><input semantic="INTERPOLATION" source="#Hips-Interpolations"/></sampler><channel source="#Hips-Matrix-animation-transform" target="Hips/matrix"/></animation>
    <animation id="Spine-anim" name="Spine"><source id="Spine-Matrix-animation-input"><float_array id="Spine-Matrix-animation-input-array" count="71">

0.000000 0.033333 0.066667 0.100000 0.133333 0.166667 0.200000 0.233333 0.266667 0.300000 0.333333 0.366667 0.400000 0.433333 0.466667 0.500000
0.533333 0.566667 0.600000 0.633333 0.666667 0.700000 0.733333 0.766667 0.800000 0.833333 0.866667 0.900000 0.933333 0.966667 1.000000 1.033333
1.066667 1.100000 1.133333 1.166667 1.200000 1.233333 1.266667 1.300000 1.333333 1.366667 1.400000 1.433333 1.466667 1.500000 1.533333 1.566667
1.600000 1.633333 1.666667 1.700000 1.733333 1.766667 1.800000 1.833333 1.866667 1.900000 1.933333 1.966667 2.000000 2.033333 2.066667 2.100000
2.133333 2.166667 2.200000 2.233333 2.266667 2.300000 2.333333</float_array><technique_common><accessor source="#Spine-Matrix-animation-input-array" count="71"><param name="TIME" type="float"/></accessor></technique_common></source><source id="Spine-Matrix-animation-output-transform"><float_array id="Spine-Matrix-animation-output-transform-array" count="1136">

0.997177 0.074918 -0.005031 0.000000 -0.073648 0.962826 -0.259889 10.181600 -0.014626 0.259526 0.965625 0.131500 0.000000 0.000000 0.000000 1.000000
0.990851 0.131617 0.029839 0.000000 -0.112126 0.925899 -0.360747 10.181600 -0.075109 0.354101 0.932186 0.131500 0.000000 0.000000 0.000000 1.000000
0.988870 0.146145 0.027882 -0.000000 -0.130544 0.942187 -0.308614 10.181600 -0.071373 0.301540 0.950778 0.131500 0.000000 0.000000 0.000000 1.000000
0.993158 0.114714 0.021857 -0.000000 -0.105430 0.961283 -0.254595 10.181600 -0.050216 0.250549 0.966801 0.131500 0.000000 0.000000 0.000000 1.000000
0.995964 0.089372 0.008287 0.000000 -0.085452 0.972406 -0.217083 10.181600 -0.027459 0.215499 0.976118 0.131500 0.000000 0.000000 0.000000 1.000000
0.996664 0.081559 -0.002980 -0.000000 -0.080752 0.980207 -0.180756 10.181600 -0.011822 0.180394 0.983523 0.131500 0.000000 0.000000 0.000000 1.000000
0.997885 0.064649 -0.006828 -0.000000 -0.064896 0.984467 -0.163136 10.181600 -0.003824 0.163234 0.986580 0.131500 0.000000 0.000000 0.000000 1.000000
0.998214 0.057455 -0.016335 0.000000 -0.059317 0.985674 -0.157884 10.181600 0.007030 0.158571 0.987323 0.131500 0.000000 0.000000 0.000000 1.000000
0.997737 0.059641 -0.031049 0.000000 -0.064142 0.982761 -0.173398 10.181600 0.020173 0.174997 0.984362 0.131500 0.000000 0.000000 0.000000 1.000000
0.998052 0.043975 -0.044252 -0.000000 -0.051474 0.981231 -0.185837 10.181600 0.035249 0.187753 0.981584 0.131500 0.000000 0.000000 0.000000 1.000000
0.997953 0.022061 -0.060018 0.000000 -0.032592 0.983017 -0.180595 10.181600 0.055015 0.182182 0.981725 0.131500 0.000000 0.000000 0.000000 1.000000
0.997171 0.013149 -0.074002 0.000000 -0.025727 0.984815 -0.171689 10.181600 0.070621 0.173108 0.982368 0.131500 0.000000 0.000000 0.000000 1.000000
0.996354 0.007345 -0.084993 -0.000000 -0.020948 0.986847 -0.160294 10.181600 0.082698 0.161490 0.983403 0.131500 0.000000 0.000000 0.000000 1.000000
0.996293 -0.003366 -0.085957 0.000000 -0.009430 0.988939 -0.148025 10.181600 0.085505 0.148287 0.985241 0.131500 0.000000 0.000000 0.000000 1.000000
0.996458 -0.015250 -0.082694 0.000000 0.003762 0.990518 -0.137330 10.181600 0.084004 0.136532 0.987068 0.131500 0.000000 0.000000 0.000000 1.000000
0.996439 -0.026486 -0.080053 -0.000000 0.015852 0.991300 -0.130666 10.181600 0.082818 0.128932 0.988189 0.131500 0.000000 0.000000 0.000000 1.000000
0.996242 -0.036815 -0.078398 0.000000 0.027476 0.992747 -0.117040 10.181600 0.082138 0.114446 0.990028 0.131500 0.000000 0.000000 0.000000 1.000000
0.995912 -0.046536 -0.077419 0.000000 0.038606 0.994143 -0.100941 10.181600 0.081663 0.097540 0.991876 0.131500 0.000000 0.000000 0.000000 1.000000
0.995511 -0.055478 -0.076686 0.000000 0.048457 0.994711 -0.090564 10.181600 0.081304 0.086441 0.992934 0.131500 0.000000 0.000000 0.000000 1.000000
0.995286 -0.059893 -0.076279 0.000000 0.053390 0.994982 -0.084615 10.181600 0.080964 0.080144 0.993490 0.131500 0.000000 0.000000 0.000000 1.000000
0.995191 -0.061114 -0.076553 0.000000 0.054902 0.995220 -0.080770 10.181600 0.081123 0.076179 0.993789 0.131500 0.000000 0.000000 0.000000 1.000000
0.995084 -0.059799 -0.078940 0.000000 0.053559 0.995440 -0.078934 10.181600 0.083300 0.074318 0.993749 0.131500 0.000000 0.000000 0.000000 1.000000
0.995110 -0.054894 -0.082115 0.000000 0.048990 0.996181 -0.072270 10.181600 0.085769 0.067894 0.993999 0.131500 0.000000 0.000000 0.000000 1.000000
0.995535 -0.043567 -0.083743 -0.000000 0.037726 0.996826 -0.070111 10.181600 0.086531 0.066638 0.994018 0.131500 0.000000 0.000000 0.000000 1.000000
0.996214 -0.024502 -0.083408 -0.000000 0.017511 0.996351 -0.083537 10.181600 0.085150 0.081760 0.993008 0.131500 0.000000 0.000000 0.000000 1.000000
0.996501 -0.008263 -0.083168 0.000000 0.000184 0.995315 -0.096684 10.181600 0.083577 0.096331 0.991834 0.131500 0.000000 0.000000 0.000000 1.000000
0.997130 -0.007825 -0.075301 -0.000000 -0.000125 0.994472 -0.105005 10.181600 0.075706 0.104713 0.991617 0.131500 0.000000 0.000000 0.000000 1.000000
0.998025 0.030873 -0.054714 0.000000 -0.034281 0.997457 -0.062489 10.181600 0.052646 0.064241 0.996545 0.131500 0.000000 0.000000 0.000000 1.000000
0.999166 0.035553 -0.020089 0.000000 -0.036124 0.998931 -0.028827 10.181600 0.019042 0.029528 0.999383 0.131500 0.000000 0.000000 0.000000 1.000000
0.999866 0.007653 -0.014467 0.000000 -0.007685 0.999968 -0.002169 10.181600 0.014450 0.002280 0.999893 0.131500 0.000000 0.000000 0.000000 1.000000
0.999401 0.006189 -0.034063 0.000000 -0.006357 0.999968 -0.004835 10.181600 0.034032 0.005049 0.999408 0.131500 0.000000 0.000000 0.000000 1.000000
0.998311 0.013397 -0.056538 -0.000000 -0.014320 0.999770 -0.015965 10.181600 0.056311 0.016748 0.998273 0.131500 0.000000 0.000000 0.000000 1.000000
0.997858 0.016936 -0.063189 0.000000 -0.018463 0.999550 -0.023657 10.181600 0.062760 0.024773 0.997721 0.131500 0.000000 0.000000 0.000000 1.000000
0.999029 0.005893 -0.043658 0.000000 -0.007001 0.999656 -0.025271 10.181600 0.043494 0.025552 0.998727 0.131500 0.000000 0.000000 0.000000 1.000000
0.999731 -0.010639 -0.020622 -0.000000 0.009965 0.999421 -0.032523 10.181600 0.020956 0.032309 0.999258 0.131500 0.000000 0.000000 0.000000 1.000000
0.999737 -0.019320 -0.012378 0.000000 0.018762 0.998870 -0.043671 10.181600 0.013208 0.043427 0.998969 0.131500 0.000000 0.000000 0.000000 1.000000
0.999734 -0.020526 -0.010540 -0.000000 0.019927 0.998338 -0.054068 10.181600 0.011632 0.053844 0.998482 0.131500 0.000000 0.000000 0.000000 1.000000
0.999533 -0.030374 -0.003285 -0.000000 0.030125 0.997772 -0.059529 10.181600 0.005086 0.059402 0.998221 0.131500 0.000000 0.000000 0.000000 1.000000
0.999058 -0.042943 0.006310 0.000000 0.043225 0.997562 -0.054783 10.181600 -0.003942 0.055004 0.998478 0.131500 0.000000 0.000000 0.000000 1.000000
0.998582 -0.052047 0.011180 0.000000 0.052533 0.997424 -0.048840 10.181600 -0.008609 0.049358 0.998744 0.131500 0.000000 0.000000 0.000000 1.000000
0.997699 -0.066534 0.013001 -0.000000 0.067033 0.996834 -0.042754 10.181600 -0.010115 0.043528 0.999001 0.131500 0.000000 0.000000 0.000000 1.000000
0.996952 -0.076640 0.014586 -0.000000 0.077164 0.996230 -0.039635 10.181600 -0.011494 0.040639 0.999108 0.131500 0.000000 0.000000 0.000000 1.000000
0.996578 -0.080913 0.016878 0.000000 0.081599 0.995651 -0.044950 10.181600 -0.013168 0.046173 0.998847 0.131500 0.000000 0.000000 0.000000 1.000000
0.996732 -0.079002 0.016840 -0.000000 0.079639 0.995970 -0.041259 10.181600 -0.013513 0.042465 0.999007 0.131500 0.000000 0.000000 0.000000 1.000000
0.997441 -0.070450 0.012183 0.000000 0.070463 0.997514 -0.000652 10.181600 -0.012107 0.001509 0.999926 0.131500 0.000000 0.000000 0.000000 1.000000
0.997955 -0.061797 0.016341 0.000000 0.061307 0.997699 0.028958 10.181600 -0.018093 -0.027897 0.999447 0.131500 0.000000 0.000000 0.000000 1.000000
0.998211 -0.059173 0.008521 0.000000 0.059157 0.998246 0.002136 10.181600 -0.008633 -0.001628 0.999961 0.131500 0.000000 0.000000 0.000000 1.000000
0.998873 -0.047445 0.001441 0.000000 0.047434 0.998850 0.007045 10.181600 -0.001774 -0.006968 0.999974 0.131500 0.000000 0.000000 0.000000 1.000000
0.999038 -0.043845 -0.001282 0.000000 0.043855 0.999000 0.008760 10.181600 0.000897 -0.008808 0.999961 0.131500 0.000000 0.000000 0.000000 1.000000
0.999186 -0.040249 -0.002820 0.000000 0.040264 0.999174 0.005481 10.181600 0.002597 -0.005590 0.999981 0.131500 0.000000 0.000000 0.000000 1.000000
0.999305 -0.037133 -0.003292 0.000000 0.037134 0.999310 0.000243 10.181600 0.003281 -0.000365 0.999995 0.131500 0.000000 0.000000 0.000000 1.000000
0.999386 -0.034917 -0.002862 0.000000 0.034906 0.999383 -0.003853 10.181600 0.002994 0.003751 0.999988 0.131500 0.000000 0.000000 0.000000 1.000000
0.999420 -0.034021 -0.001721 0.000000 0.034014 0.999414 -0.003753 10.181600 0.001847 0.003692 0.999991 0.131500 0.000000 0.000000 0.000000 1.000000
0.999250 -0.038706 0.000973 0.000000 0.038693 0.999193 0.010770 10.181600 -0.001389 -0.010724 0.999942 0.131500 0.000000 0.000000 0.000000 1.000000
0.999067 -0.043162 0.001281 0.000000 0.043109 0.998682 0.027853 10.181600 -0.002482 -0.027772 0.999611 0.131500 0.000000 0.000000 0.000000 1.000000
0.998929 -0.046269 -0.000749 0.000000 0.046274 0.998672 0.022628 10.181600 -0.000299 -0.022639 0.999744 0.131500 0.000000 0.000000 0.000000 1.000000
0.999233 -0.038703 -0.005880 -0.000000 0.038631 0.999182 -0.011993 10.181600 0.006340 0.011756 0.999911 0.131500 0.000000 0.000000 0.000000 1.000000
0.999363 -0.033875 -0.011205 0.000000 0.033092 0.997406 -0.063928 10.181600 0.013341 0.063516 0.997892 0.131500 0.000000 0.000000 0.000000 1.000000
0.998640 -0.051134 -0.010144 -0.000000 0.049726 0.992790 -0.109069 10.181600 0.015648 0.108416 0.993982 0.131500 0.000000 0.000000 0.000000 1.000000
0.997945 -0.063833 -0.005616 0.000000 0.062627 0.990132 -0.125364 10.181600 0.013563 0.124755 0.992095 0.131500 0.000000 0.000000 0.000000 1.000000
0.998153 -0.060610 -0.004172 0.000000 0.059639 0.990625 -0.122907 10.181600 0.011582 0.122431 0.992409 0.131500 0.000000 0.000000 0.000000 1.000000
0.998740 -0.050030 -0.003937 -0.000000 0.049152 0.991004 -0.124480 10.181600 0.010130 0.124130 0.992214 0.131500 0.000000 0.000000 0.000000 1.000000
0.998566 -0.053532 -0.000474 0.000000 0.052905 0.988147 -0.144105 10.181600 0.008183 0.143873 0.989562 0.131500 0.000000 0.000000 0.000000 1.000000
0.997689 -0.067827 0.004025 0.000000 0.067587 0.984583 -0.161331 10.181600 0.006980 0.161230 0.986892 0.131500 0.000000 0.000000 0.000000 1.000000
0.996915 -0.078228 0.006364 0.000000 0.078220 0.983592 -0.162566 10.181600 0.006458 0.162562 0.986677 0.131500 0.000000 0.000000 0.000000 1.000000
0.996739 -0.080457 0.006191 0.000000 0.080477 0.985487 -0.149459 10.181600 0.005924 0.149470 0.988748 0.131500 0.000000 0.000000 0.000000 1.000000
0.996947 -0.077958 0.004280 -0.000000 0.077887 0.989253 -0.123740 10.181600 0.005413 0.123695 0.992305 0.131500 0.000000 0.000000 0.000000 1.000000
0.997073 -0.076409 0.002714 0.000000 0.076280 0.991720 -0.103308 10.181600 0.005202 0.103213 0.994646 0.131500 0.000000 0.000000 0.000000 1.000000
0.997295 -0.073443 0.003114 -0.000000 0.073415 0.992974 -0.092811 10.181600 0.003724 0.092788 0.995679 0.131500 0.000000 0.000000 0.000000 1.000000
0.997389 -0.072033 0.005162 0.000000 0.072205 0.993320 -0.090016 10.181600 0.001356 0.090154 0.995927 0.131500 0.000000 0.000000 0.000000 1.000000
0.997413 -0.071650 0.005855 0.000000 0.071886 0.993353 -0.089897 10.181600 0.000625 0.090085 0.995934 0.131500 0.000000 0.000000 0.000000 1.000000</float_array><technique_common><accessor source="#Spine-Matrix-animation-output-transform-array" count="71" stride="16"><param type="float4x4"/></accessor></technique_common></source><source id="Spine-Interpolations"><Name_array id="Spine-Interpolations-array" count="71">
 LINEAR LINEAR LINEAR LINEAR LINEAR LINEAR LINEAR LINEAR LINEAR LINEAR LINEAR
LINEAR LINEAR LINEAR LINEAR LINEAR LINEAR LINEAR LINEAR LINEAR LINEAR LINEAR LINEAR
LINEAR LINEAR LINEAR LINEAR LINEAR LINEAR LINEAR LINEAR LINEAR LINEAR LINEAR LINEAR
LINEAR LINEAR LINEAR LINEAR LINEAR LINEAR LINEAR LINEAR LINEAR LINEAR LINEAR LINEAR
LINEAR LINEAR LINEAR LINEAR LINEAR LINEAR LINEAR LINEAR LINEAR LINEAR LINEAR LINEAR
LINEAR LINEAR LINEAR LINEAR LINEAR LINEAR LINEAR LINEAR LINEAR LINEAR LINEAR LINEAR</Name_array><technique_common><accessor source="#Spine-Interpolations-array" count="71"><param type="name"/></accessor></technique_common></source><sampler id="Spine-Matrix-animation-transform"><input semantic="INPUT" source="#Spine-Matrix-animation-input"/><input semantic="OUTPUT" source="#Spine-Matrix-animation-output-transform"/><input semantic="INTERPOLATION" source="#Spine-Interpolations"/></sampler><channel source="#Spine-Matrix-animation-transform" target="Spine/matrix"/></animation>
    <animation id="Spine1-anim" name="Spine1"><source id="Spine1-Matrix-animation-input"><float_array id="Spine1-Matrix-animation-input-array" count="71">

0.000000 0.033333 0.066667 0.100000 0.133333 0.166667 0.200000 0.233333 0.266667 0.300000 0.333333 0.366667 0.400000 0.433333 0.466667 0.500000
0.533333 0.566667 0.600000 0.633333 0.666667 0.700000 0.733333 0.766667 0.800000 0.833333 0.866667 0.900000 0.933333 0.966667 1.000000 1.033333
1.066667 1.100000 1.133333 1.166667 1.200000 1.233333 1.266667 1.300000 1.333333 1.366667 1.400000 1.433333 1.466667 1.500000 1.533333 1.566667
1.600000 1.633333 1.666667 1.700000 1.733333 1.766667 1.800000 1.833333 1.866667 1.900000 1.933333 1.966667 2.000000 2.033333 2.066667 2.100000
2.133333 2.166667 2.200000 2.233333 2.266667 2.300000 2.333333</float_array><technique_common><accessor source="#Spine1-Matrix-animation-input-array" count="71"><param name="TIME" type="float"/></accessor></technique_common></source><source id="Spine1-Matrix-animation-output-transform"><float_array id="Spine1-Matrix-animation-output-transform-array" count="1136">

0.998759 0.048816 0.009842 -0.000000 -0.047557 0.993615 -0.102308 10.083500 -0.014774 0.101713 0.994704 -1.000800 0.000000 0.000000 0.000000 1.000000
0.984616 0.138696 0.106278 -0.000000 -0.114394 0.971430 -0.207938 10.083500 -0.132081 0.192582 0.972351 -1.000800 0.000000 0.000000 0.000000 1.000000
0.981199 0.160620 0.107000 0.000000 -0.139331 0.973161 -0.183154 10.083500 -0.133546 0.164802 0.977244 -1.000800 0.000000 0.000000 0.000000 1.000000
0.983728 0.163967 0.073443 0.000000 -0.151309 0.976506 -0.153430 10.083500 -0.096875 0.139821 0.985426 -1.000800 0.000000 0.000000 0.000000 1.000000
0.985379 0.167566 0.030818 0.000000 -0.162380 0.978406 -0.127886 10.083500 -0.051582 0.121012 0.991310 -1.000800 0.000000 0.000000 0.000000 1.000000
0.988181 0.153252 0.003536 0.000000 -0.151926 0.982184 -0.110600 10.083500 -0.020423 0.108755 0.993859 -1.000800 0.000000 0.000000 0.000000 1.000000
0.992058 0.125489 -0.008522 0.000000 -0.125749 0.988088 -0.088704 10.083500 -0.002711 0.089071 0.996022 -1.000800 0.000000 0.000000 0.000000 1.000000
0.995410 0.092479 -0.024633 0.000000 -0.094061 0.992845 -0.073565 10.083500 0.017654 0.075545 0.996986 -1.000800 0.000000 0.000000 0.000000 1.000000
0.997002 0.062286 -0.045905 0.000000 -0.065119 0.995883 -0.063057 10.083500 0.041788 0.065857 0.996954 -1.000800 0.000000 0.000000 0.000000 1.000000
0.996227 0.041378 -0.076283 -0.000000 -0.046149 0.997016 -0.061882 10.083500 0.073495 0.065169 0.995164 -1.000800 0.000000 0.000000 0.000000 1.000000
0.992830 0.029388 -0.115870 0.000000 -0.036065 0.997782 -0.055952 10.083500 0.113969 0.059730 0.991687 -1.000800 0.000000 0.000000 0.000000 1.000000
0.989437 0.010772 -0.144563 0.000000 -0.017661 0.998764 -0.046454 10.083500 0.143884 0.048517 0.988405 -1.000800 0.000000 0.000000 0.000000 1.000000
0.986121 -0.008342 -0.165818 -0.000000 0.001205 0.999070 -0.043094 10.083500 0.166023 0.042296 0.985214 -1.000800 0.000000 0.000000 0.000000 1.000000
0.984970 -0.024203 -0.171023 0.000000 0.016192 0.998712 -0.048083 10.083500 0.171966 0.044591 0.984093 -1.000800 0.000000 0.000000 0.000000 1.000000
0.984954 -0.037251 -0.168754 0.000000 0.028626 0.998170 -0.053258 10.083500 0.170429 0.047626 0.984218 -1.000800 0.000000 0.000000 0.000000 1.000000
0.984649 -0.048807 -0.167585 -0.000000 0.039683 0.997564 -0.057371 10.083500 0.169977 0.049840 0.984187 -1.000800 0.000000 0.000000 0.000000 1.000000
0.984417 -0.056388 -0.166563 0.000000 0.046880 0.997068 -0.060477 10.083500 0.169485 0.051726 0.984174 -1.000800 0.000000 0.000000 0.000000 1.000000
0.984184 -0.062682 -0.165688 0.000000 0.052495 0.996493 -0.065168 10.083500 0.169192 0.055440 0.984023 -1.000800 0.000000 0.000000 0.000000 1.000000
0.983854 -0.068494 -0.165349 0.000000 0.057591 0.995893 -0.069862 10.083500 0.169455 0.059211 0.983758 -1.000800 0.000000 0.000000 0.000000 1.000000
0.983655 -0.073475 -0.164388 0.000000 0.061940 0.995316 -0.074232 10.083500 0.169072 0.062836 0.983599 -1.000800 0.000000 0.000000 0.000000 1.000000
0.983956 -0.070951 -0.163699 0.000000 0.057865 0.994837 -0.083375 10.083500 0.168769 0.072565 0.982981 -1.000800 0.000000 0.000000 0.000000 1.000000
0.983890 -0.064511 -0.166730 0.000000 0.049533 0.994481 -0.092487 10.083500 0.171776 0.082739 0.981655 -1.000800 0.000000 0.000000 0.000000 1.000000
0.983760 -0.057939 -0.169880 -0.000000 0.041533 0.994261 -0.098587 10.083500 0.174617 0.089931 0.980521 -1.000800 0.000000 0.000000 0.000000 1.000000
0.984479 -0.045899 -0.169392 0.000000 0.028179 0.994013 -0.105570 10.083500 0.173223 0.099158 0.979878 -1.000800 0.000000 0.000000 0.000000 1.000000
0.985870 -0.029458 -0.164899 0.000000 0.010392 0.993275 -0.115312 10.083500 0.167187 0.111969 0.979547 -1.000800 0.000000 0.000000 0.000000 1.000000
0.986845 -0.011572 -0.161253 0.000000 -0.008527 0.992320 -0.123400 10.083500 0.161443 0.123151 0.979168 -1.000800 0.000000 0.000000 0.000000 1.000000
0.989177 -0.000692 -0.146729 -0.000000 -0.018160 0.991723 -0.127102 10.083500 0.145602 0.128391 0.980977 -1.000800 0.000000 0.000000 0.000000 1.000000
0.994787 0.020729 -0.099845 0.000000 -0.032881 0.992029 -0.121645 10.083500 0.096527 0.124294 0.987539 -1.000800 0.000000 0.000000 0.000000 1.000000
0.999297 0.019020 -0.032297 0.000000 -0.021765 0.995982 -0.086868 10.083500 0.030515 0.087510 0.995696 -1.000800 0.000000 0.000000 0.000000 1.000000
0.999665 -0.003785 -0.025606 -0.000000 0.002702 0.999105 -0.042203 10.083500 0.025743 0.042119 0.998781 -1.000800 0.000000 0.000000 0.000000 1.000000
0.997927 -0.016311 -0.062260 -0.000000 0.014102 0.999261 -0.035760 10.083500 0.062797 0.034808 0.997419 -1.000800 0.000000 0.000000 0.000000 1.000000
0.994423 -0.021844 -0.103178 0.000000 0.017599 0.998968 -0.041874 10.083500 0.103986 0.039825 0.993781 -1.000800 0.000000 0.000000 0.000000 1.000000
0.993134 -0.017481 -0.115666 0.000000 0.012256 0.998879 -0.045729 10.083500 0.116336 0.043998 0.992235 -1.000800 0.000000 0.000000 0.000000 1.000000
0.996523 -0.015199 -0.081921 -0.000000 0.012074 0.999185 -0.038513 10.083500 0.082440 0.037390 0.995894 -1.000800 0.000000 0.000000 0.000000 1.000000
0.998965 -0.012899 -0.043621 0.000000 0.011387 0.999332 -0.034722 10.083500 0.044040 0.034190 0.998445 -1.000800 0.000000 0.000000 0.000000 1.000000
0.999427 -0.012883 -0.031292 0.000000 0.011806 0.999339 -0.034378 10.083500 0.031714 0.033989 0.998919 -1.000800 0.000000 0.000000 0.000000 1.000000
0.999511 -0.011197 -0.029181 0.000000 0.010372 0.999546 -0.028278 10.083500 0.029484 0.027961 0.999174 -1.000800 0.000000 0.000000 0.000000 1.000000
0.999699 -0.015306 -0.019177 0.000000 0.014860 0.999621 -0.023182 10.083500 0.019524 0.022890 0.999547 -1.000800 0.000000 0.000000 0.000000 1.000000
0.999724 -0.022963 -0.004918 0.000000 0.022876 0.999591 -0.017189 10.083500 0.005310 0.017072 0.999840 -1.000800 0.000000 0.000000 0.000000 1.000000
0.999543 -0.030207 0.001136 -0.000000 0.030213 0.999527 -0.005745 10.083500 -0.000962 0.005777 0.999983 -1.000800 0.000000 0.000000 0.000000 1.000000
0.999296 -0.037505 -0.000301 0.000000 0.037506 0.999283 0.005244 10.083500 0.000104 -0.005251 0.999986 -1.000800 0.000000 0.000000 0.000000 1.000000
0.999158 -0.041022 -0.000607 0.000000 0.041027 0.999093 0.011442 10.083500 0.000137 -0.011457 0.999934 -1.000800 0.000000 0.000000 0.000000 1.000000
0.999287 -0.037712 0.002074 -0.000000 0.037692 0.999250 0.008862 10.083500 -0.002406 -0.008777 0.999959 -1.000800 0.000000 0.000000 0.000000 1.000000
0.999337 -0.036204 0.003728 -0.000000 0.036170 0.999308 0.008626 10.083500 -0.004038 -0.008486 0.999956 -1.000800 0.000000 0.000000 0.000000 1.000000
0.999513 -0.031031 0.003234 0.000000 0.030977 0.999402 0.015353 10.083500 -0.003708 -0.015245 0.999877 -1.000800 0.000000 0.000000 0.000000 1.000000
0.999361 -0.032887 0.014012 0.000000 0.032130 0.998169 0.051238 10.083500 -0.015671 -0.050755 0.998588 -1.000800 0.000000 0.000000 0.000000 1.000000
0.998999 -0.043855 -0.008819 -0.000000 0.044489 0.994622 0.093527 10.083500 0.004670 -0.093826 0.995578 -1.000800 0.000000 0.000000 0.000000 1.000000
0.998969 -0.043965 -0.011346 -0.000000 0.044425 0.998041 0.044058 10.083500 0.009387 -0.044517 0.998965 -1.000800 0.000000 0.000000 0.000000 1.000000
0.998889 -0.045757 -0.011236 0.000000 0.045898 0.998866 0.012636 10.083500 0.010645 -0.013137 0.999857 -1.000800 0.000000 0.000000 0.000000 1.000000
0.998703 -0.049750 -0.010815 -0.000000 0.049667 0.998735 -0.007878 10.083500 0.011193 0.007330 0.999910 -1.000800 0.000000 0.000000 0.000000 1.000000
0.998479 -0.054270 -0.009701 -0.000000 0.054058 0.998319 -0.020905 10.083500 0.010819 0.020349 0.999734 -1.000800 0.000000 0.000000 0.000000 1.000000
0.998310 -0.057620 -0.007536 -0.000000 0.057369 0.997898 -0.030135 10.083500 0.009257 0.029652 0.999517 -1.000800 0.000000 0.000000 0.000000 1.000000
0.998299 -0.058160 -0.004007 0.000000 0.057957 0.997541 -0.039397 10.083500 0.006288 0.039098 0.999216 -1.000800 0.000000 0.000000 0.000000 1.000000
0.998776 -0.049445 0.001615 0.000000 0.049468 0.997791 -0.044349 10.083500 0.000581 0.044375 0.999015 -1.000800 0.000000 0.000000 0.000000 1.000000
0.999174 -0.040524 0.003046 0.000000 0.040627 0.997838 -0.051667 10.083500 -0.000945 0.051748 0.998660 -1.000800 0.000000 0.000000 0.000000 1.000000
0.999428 -0.033770 -0.001532 0.000000 0.033592 0.997196 -0.066878 10.083500 0.003786 0.066788 0.997760 -1.000800 0.000000 0.000000 0.000000 1.000000
0.999407 -0.032103 -0.012472 -0.000000 0.030899 0.995727 -0.087024 10.083500 0.015212 0.086587 0.996128 -1.000800 0.000000 0.000000 0.000000 1.000000
0.999172 -0.032246 -0.024815 0.000000 0.029352 0.993577 -0.109289 10.083500 0.028180 0.108471 0.993700 -1.000800 0.000000 0.000000 0.000000 1.000000
0.999193 -0.028804 -0.027998 0.000000 0.025119 0.991956 -0.124064 10.083500 0.031346 0.123260 0.991879 -1.000800 0.000000 0.000000 0.000000 1.000000
0.999512 -0.021435 -0.022731 0.000000 0.018514 0.992392 -0.121721 10.083500 0.025167 0.121241 0.992304 -1.000800 0.000000 0.000000 0.000000 1.000000
0.999734 -0.012716 -0.019242 0.000000 0.010441 0.993426 -0.114001 10.083500 0.020565 0.113770 0.993294 -1.000800 0.000000 0.000000 0.000000 1.000000
0.999841 -0.006149 -0.016750 0.000000 0.004302 0.994120 -0.108199 10.083500 0.017316 0.108110 0.993988 -1.000800 0.000000 0.000000 0.000000 1.000000
0.999924 -0.004337 -0.011515 0.000000 0.003014 0.993649 -0.112484 10.083500 0.011929 0.112441 0.993587 -1.000800 0.000000 0.000000 0.000000 1.000000
0.999955 -0.006966 -0.006501 0.000000 0.006135 0.992741 -0.120114 10.083500 0.007291 0.120069 0.992739 -1.000800 0.000000 0.000000 0.000000 1.000000
0.999921 -0.011791 -0.004321 0.000000 0.011168 0.992294 -0.123398 10.083500 0.005743 0.123340 0.992348 -1.000800 0.000000 0.000000 0.000000 1.000000
0.999875 -0.015238 -0.004277 0.000000 0.014605 0.992472 -0.121594 10.083500 0.006098 0.121517 0.992571 -1.000800 0.000000 0.000000 0.000000 1.000000
0.999842 -0.016874 -0.005671 0.000000 0.016106 0.993175 -0.115513 10.083500 0.007582 0.115404 0.993290 -1.000800 0.000000 0.000000 0.000000 1.000000
0.999840 -0.016558 -0.006813 0.000000 0.015694 0.993624 -0.111650 10.083500 0.008618 0.111526 0.993724 -1.000800 0.000000 0.000000 0.000000 1.000000
0.999910 -0.012579 -0.004575 0.000000 0.011997 0.993814 -0.110411 10.083500 0.005935 0.110346 0.993875 -1.000800 0.000000 0.000000 0.000000 1.000000
0.999976 -0.006976 0.000055 -0.000000 0.006939 0.993772 -0.111221 10.083500 0.000721 0.111218 0.993796 -1.000800 0.000000 0.000000 0.000000 1.000000
0.999991 -0.003814 0.001651 -0.000000 0.003975 0.993702 -0.111987 10.083500 -0.001214 0.111993 0.993708 -1.000800 0.000000 0.000000 0.000000 1.000000</float_array><technique_common><accessor source="#Spine1-Matrix-animation-output-transform-array" count="71" stride="16"><param type="float4x4"/></accessor></technique_common></source><source id="Spine1-Interpolations"><Name_array id="Spine1-Interpolations-array" count="71">
 LINEAR LINEAR LINEAR LINEAR LINEAR LINEAR LINEAR LINEAR LINEAR LINEAR LINEAR
LINEAR LINEAR LINEAR LINEAR LINEAR LINEAR LINEAR LINEAR LINEAR LINEAR LINEAR LINEAR
LINEAR LINEAR LINEAR LINEAR LINEAR LINEAR LINEAR LINEAR LINEAR LINEAR LINEAR LINEAR
LINEAR LINEAR LINEAR LINEAR LINEAR LINEAR LINEAR LINEAR LINEAR LINEAR LINEAR LINEAR
LINEAR LINEAR LINEAR LINEAR LINEAR LINEAR LINEAR LINEAR LINEAR LINEAR LINEAR LINEAR
LINEAR LINEAR LINEAR LINEAR LINEAR LINEAR LINEAR LINEAR LINEAR LINEAR LINEAR LINEAR</Name_array><technique_common><accessor source="#Spine1-Interpolations-array" count="71"><param type="name"/></accessor></technique_common></source><sampler id="Spine1-Matrix-animation-transform"><input semantic="INPUT" source="#Spine1-Matrix-animation-input"/><input semantic="OUTPUT" source="#Spine1-Matrix-animation-output-transform"/><input semantic="INTERPOLATION" source="#Spine1-Interpolations"/></sampler><channel source="#Spine1-Matrix-animation-transform" target="Spine1/matrix"/></animation>
    <animation id="Spine2-anim" name="Spine2"><source id="Spine2-Matrix-animation-input"><float_array id="Spine2-Matrix-animation-input-array" count="71">

0.000000 0.033333 0.066667 0.100000 0.133333 0.166667 0.200000 0.233333 0.266667 0.300000 0.333333 0.366667 0.400000 0.433333 0.466667 0.500000
