<?xml version="1.0" encoding="utf-8"?>
<COLLADA xmlns="http://www.collada.org/2005/11/COLLADASchema" version="1.4.1">
  <asset><contributor><author>Mixamo</author><authoring_tool>COLLADA Mixamo exporter</authoring_tool><comments></comments></contributor><created>2020-08-05T16:33:47Z</created><modified>2020-08-05T16:33:47Z</modified><revision></revision><title></title><unit meter="0.010000"/><up_axis>Y_UP</up_axis></asset>
  <library_animations>
    <animation id="Hips-anim" name="Hips"><source id="Hips-Matrix-animation-input"><float_array id="Hips-Matrix-animation-input-array" count="154">

0.000000 0.033333 0.066667 0.100000 0.133333 0.166667 0.200000 0.233333 0.266667 0.300000 0.333333 0.366667 0.400000 0.433333 0.466667 0.500000
0.533333 0.566667 0.600000 0.633333 0.666667 0.700000 0.733333 0.766667 0.800000 0.833333 0.866667 0.900000 0.933333 0.966667 1.000000 1.033333
1.066667 1.100000 1.133333 1.166667 1.200000 1.233333 1.266667 1.300000 1.333333 1.366667 1.400000 1.433333 1.466667 1.500000 1.533333 1.566667
1.600000 1.633333 1.666667 1.700000 1.733333 1.766667 1.800000 1.833333 1.866667 1.900000 1.933333 1.966667 2.000000 2.033333 2.066667 2.100000
2.133333 2.166667 2.200000 2.233333 2.266667 2.300000 2.333333 2.366667 2.400000 2.433333 2.466667 2.500000 2.533333 2.566667 2.600000 2.633333
2.666667 2.700000 2.733333 2.766667 2.800000 2.833333 2.866667 2.900000 2.933333 2.966667 3.000000 3.033333 3.066667 3.100000 3.133333 3.166667
3.200000 3.233333 3.266667 3.300000 3.333333 3.366667 3.400000 3.433333 3.466667 3.500000 3.533333 3.566667 3.600000 3.633333 3.666667 3.700000
3.733333 3.766667 3.800000 3.833333 3.866667 3.900000 3.933333 3.966667 4.000000 4.033333 4.066667 4.100000 4.133333 4.166667 4.200000 4.233333
4.266667 4.300000 4.333333 4.366667 4.400000 4.433333 4.466667 4.500000 4.533333 4.566667 4.600000 4.633333 4.666667 4.700000 4.733333 4.766667
4.800000 4.833333 4.866667 4.900000 4.933333 4.966667 5.000000 5.033333 5.066667 5.100000</float_array><technique_common><accessor source="#Hips-Matrix-animation-input-array" count="154"><param name="TIME" type="float"/></accessor></technique_common></source><source id="Hips-Matrix-animation-output-transform"><float_array id="Hips-Matrix-animation-output-transform-array" count="2464">

0.998763 0.049725 0.000246 -0.000010 -0.049726 0.998751 0.004950 101.797356 0.000000 -0.004956 0.999988 -0.000003 0.000000 0.000000 0.000000 1.000000
0.998753 0.049915 0.000246 0.000679 -0.049916 0.998738 0.005550 101.798737 0.000032 -0.005556 0.999985 -0.004561 0.000000 0.000000 0.000000 1.000000
0.998743 0.050129 0.000255 -0.000241 -0.050129 0.998722 0.006373 101.795868 0.000065 -0.006377 0.999980 -0.012067 0.000000 0.000000 0.000000 1.000000
0.998731 0.050361 0.000276 -0.002496 -0.050361 0.998705 0.007266 101.790710 0.000090 -0.007271 0.999974 -0.021272 0.000000 0.000000 0.000000 1.000000
0.998718 0.050610 0.000307 -0.005961 -0.050611 0.998685 0.008224 101.783363 0.000110 -0.008229 0.999966 -0.031992 0.000000 0.000000 0.000000 1.000000
0.998705 0.050874 0.000349 -0.010540 -0.050875 0.998662 0.009238 101.774048 0.000122 -0.009243 0.999957 -0.044111 0.000000 0.000000 0.000000 1.000000
0.998691 0.051151 0.000397 -0.016148 -0.051152 0.998638 0.010301 101.762878 0.000130 -0.010308 0.999947 -0.057479 0.000000 0.000000 0.000000 1.000000
0.998676 0.051439 0.000454 -0.022690 -0.051441 0.998611 0.011407 101.750053 0.000133 -0.011415 0.999935 -0.071968 0.000000 0.000000 0.000000 1.000000
0.998661 0.051737 0.000521 -0.030030 -0.051739 0.998582 0.012547 101.735847 0.000129 -0.012558 0.999921 -0.087421 0.000000 0.000000 0.000000 1.000000
0.998645 0.052042 0.000593 -0.038115 -0.052045 0.998551 0.013716 101.720352 0.000121 -0.013728 0.999906 -0.103707 0.000000 0.000000 0.000000 1.000000
0.998628 0.052352 0.000673 -0.046842 -0.052356 0.998517 0.014904 101.703613 0.000109 -0.014919 0.999889 -0.120699 0.000000 0.000000 0.000000 1.000000
0.998612 0.052666 0.000758 -0.056090 -0.052672 0.998482 0.016106 101.686104 0.000091 -0.016124 0.999870 -0.138237 0.000000 0.000000 0.000000 1.000000
0.998595 0.052982 0.000849 -0.065766 -0.052988 0.998445 0.017314 101.667686 0.000070 -0.017334 0.999850 -0.156182 0.000000 0.000000 0.000000 1.000000
0.998578 0.053297 0.000944 -0.075777 -0.053305 0.998407 0.018520 101.648758 0.000045 -0.018544 0.999828 -0.174398 0.000000 0.000000 0.000000 1.000000
0.998561 0.053610 0.001042 -0.086026 -0.053620 0.998367 0.019718 101.629440 0.000016 -0.019745 0.999805 -0.192762 0.000000 0.000000 0.000000 1.000000
0.998545 0.053919 0.001145 -0.096424 -0.053931 0.998326 0.020899 101.609909 -0.000016 -0.020931 0.999781 -0.211105 0.000000 0.000000 0.000000 1.000000
0.998528 0.054222 0.001247 -0.106862 -0.054236 0.998284 0.022058 101.590378 -0.000049 -0.022093 0.999756 -0.229288 0.000000 0.000000 0.000000 1.000000
0.998512 0.054518 0.001351 -0.117241 -0.054534 0.998243 0.023186 101.570915 -0.000084 -0.023225 0.999730 -0.247190 0.000000 0.000000 0.000000 1.000000
0.998496 0.054803 0.001454 -0.127483 -0.054822 0.998201 0.024277 101.551765 -0.000121 -0.024320 0.999704 -0.264660 0.000000 0.000000 0.000000 1.000000
0.998481 0.055077 0.001555 -0.137455 -0.055099 0.998160 0.025323 101.533096 -0.000157 -0.025370 0.999678 -0.281565 0.000000 0.000000 0.000000 1.000000
0.998466 0.055337 0.001654 -0.147097 -0.055362 0.998119 0.026317 101.515015 -0.000195 -0.026368 0.999652 -0.297752 0.000000 0.000000 0.000000 1.000000
0.998453 0.055582 0.001750 -0.156292 -0.055609 0.998081 0.027251 101.497894 -0.000232 -0.027306 0.999627 -0.313090 0.000000 0.000000 0.000000 1.000000
0.998440 0.055809 0.001841 -0.164937 -0.055839 0.998044 0.028119 101.481781 -0.000268 -0.028178 0.999603 -0.327437 0.000000 0.000000 0.000000 1.000000
0.998428 0.056017 0.001925 -0.172961 -0.056050 0.998009 0.028914 101.466705 -0.000302 -0.028976 0.999580 -0.340646 0.000000 0.000000 0.000000 1.000000
0.998417 0.056204 0.002003 -0.180249 -0.056239 0.997978 0.029627 101.453148 -0.000333 -0.029693 0.999559 -0.352583 0.000000 0.000000 0.000000 1.000000
0.998408 0.056368 0.002071 -0.186714 -0.056405 0.997950 0.030252 101.441147 -0.000362 -0.030321 0.999540 -0.363097 0.000000 0.000000 0.000000 1.000000
0.998400 0.056507 0.002130 -0.192228 -0.056546 0.997925 0.030782 101.430916 -0.000387 -0.030853 0.999524 -0.372060 0.000000 0.000000 0.000000 1.000000
0.998394 0.056619 0.002179 -0.196731 -0.056659 0.997906 0.031209 101.422493 -0.000407 -0.031282 0.999511 -0.379320 0.000000 0.000000 0.000000 1.000000
0.998389 0.056702 0.002215 -0.200108 -0.056744 0.997891 0.031526 101.416214 -0.000423 -0.031601 0.999500 -0.384742 0.000000 0.000000 0.000000 1.000000
0.998386 0.056755 0.002239 -0.202259 -0.056797 0.997882 0.031726 101.412224 -0.000434 -0.031802 0.999494 -0.388182 0.000000 0.000000 0.000000 1.000000
0.998385 0.056774 0.002247 -0.203103 -0.056817 0.997878 0.031802 101.410667 -0.000437 -0.031878 0.999492 -0.389514 0.000000 0.000000 0.000000 1.000000
0.998386 0.056755 0.002241 -0.202577 -0.056797 0.997881 0.031728 101.411697 -0.000436 -0.031804 0.999494 -0.388468 0.000000 0.000000 0.000000 1.000000
0.998389 0.056691 0.002217 -0.200725 -0.056732 0.997893 0.031484 101.415321 -0.000428 -0.031559 0.999502 -0.384910 0.000000 0.000000 0.000000 1.000000
0.998395 0.056585 0.002179 -0.197631 -0.056625 0.997912 0.031078 101.421257 -0.000416 -0.031151 0.999515 -0.378932 0.000000 0.000000 0.000000 1.000000
0.998401 0.056487 0.002145 -0.194849 -0.056526 0.997929 0.030702 101.426697 -0.000406 -0.030774 0.999526 -0.373546 0.000000 0.000000 0.000000 1.000000
0.998407 0.056376 0.002106 -0.191658 -0.056414 0.997948 0.030279 101.432800 -0.000394 -0.030350 0.999539 -0.367399 0.000000 0.000000 0.000000 1.000000
0.998415 0.056250 0.002062 -0.188033 -0.056287 0.997970 0.029797 101.439735 -0.000382 -0.029866 0.999554 -0.360414 0.000000 0.000000 0.000000 1.000000
0.998423 0.056110 0.002013 -0.183993 -0.056145 0.997994 0.029259 101.447556 -0.000368 -0.029326 0.999570 -0.352617 0.000000 0.000000 0.000000 1.000000
0.998431 0.055955 0.001961 -0.179566 -0.055988 0.998020 0.028670 101.456116 -0.000353 -0.028735 0.999587 -0.344068 0.000000 0.000000 0.000000 1.000000
0.998441 0.055789 0.001906 -0.174780 -0.055820 0.998047 0.028033 101.465317 -0.000338 -0.028095 0.999605 -0.334826 0.000000 0.000000 0.000000 1.000000
0.998451 0.055611 0.001845 -0.169662 -0.055640 0.998076 0.027351 101.475189 -0.000320 -0.027412 0.999624 -0.324944 0.000000 0.000000 0.000000 1.000000
0.998461 0.055422 0.001781 -0.164237 -0.055450 0.998106 0.026630 101.485619 -0.000301 -0.026688 0.999644 -0.314485 0.000000 0.000000 0.000000 1.000000
0.998473 0.055224 0.001716 -0.158531 -0.055250 0.998137 0.025871 101.496590 -0.000284 -0.025927 0.999664 -0.303486 0.000000 0.000000 0.000000 1.000000
0.998484 0.055017 0.001650 -0.152583 -0.055041 0.998169 0.025080 101.507988 -0.000267 -0.025133 0.999684 -0.292036 0.000000 0.000000 0.000000 1.000000
0.998496 0.054802 0.001582 -0.146412 -0.054825 0.998201 0.024260 101.519897 -0.000249 -0.024310 0.999704 -0.280143 0.000000 0.000000 0.000000 1.000000
0.998508 0.054581 0.001511 -0.140044 -0.054602 0.998234 0.023414 101.532028 -0.000231 -0.023462 0.999725 -0.267890 0.000000 0.000000 0.000000 1.000000
0.998521 0.054355 0.001442 -0.133517 -0.054373 0.998266 0.022547 101.544556 -0.000213 -0.022592 0.999745 -0.255328 0.000000 0.000000 0.000000 1.000000
0.998533 0.054123 0.001372 -0.126856 -0.054141 0.998298 0.021663 101.557335 -0.000197 -0.021705 0.999764 -0.242520 0.000000 0.000000 0.000000 1.000000
0.998546 0.053888 0.001301 -0.120098 -0.053904 0.998330 0.020764 101.570305 -0.000180 -0.020804 0.999784 -0.229500 0.000000 0.000000 0.000000 1.000000
0.998559 0.053651 0.001231 -0.113244 -0.053665 0.998362 0.019855 101.583359 -0.000164 -0.019892 0.999802 -0.216346 0.000000 0.000000 0.000000 1.000000
0.998572 0.053412 0.001162 -0.106360 -0.053424 0.998392 0.018939 101.596596 -0.000149 -0.018974 0.999820 -0.203101 0.000000 0.000000 0.000000 1.000000
0.998585 0.053172 0.001093 -0.099444 -0.053183 0.998422 0.018021 101.609749 -0.000133 -0.018054 0.999837 -0.189815 0.000000 0.000000 0.000000 1.000000
0.998598 0.052932 0.001027 -0.092542 -0.052942 0.998451 0.017104 101.622894 -0.000120 -0.017135 0.999853 -0.176550 0.000000 0.000000 0.000000 1.000000
0.998610 0.052694 0.000961 -0.085659 -0.052703 0.998479 0.016192 101.636047 -0.000106 -0.016220 0.999868 -0.163347 0.000000 0.000000 0.000000 1.000000
0.998623 0.052458 0.000897 -0.078859 -0.052466 0.998506 0.015289 101.649048 -0.000094 -0.015315 0.999883 -0.150288 0.000000 0.000000 0.000000 1.000000
0.998635 0.052226 0.000835 -0.072143 -0.052232 0.998531 0.014398 101.661850 -0.000082 -0.014422 0.999896 -0.137399 0.000000 0.000000 0.000000 1.000000
0.998647 0.051997 0.000777 -0.065545 -0.052003 0.998555 0.013523 101.674377 -0.000072 -0.013545 0.999908 -0.124748 0.000000 0.000000 0.000000 1.000000
0.998659 0.051774 0.000720 -0.059122 -0.051779 0.998578 0.012669 101.686638 -0.000063 -0.012689 0.999919 -0.112397 0.000000 0.000000 0.000000 1.000000
0.998670 0.051557 0.000665 -0.052848 -0.051561 0.998600 0.011838 101.698532 -0.000053 -0.011857 0.999930 -0.100383 0.000000 0.000000 0.000000 1.000000
0.998681 0.051348 0.000613 -0.046784 -0.051351 0.998620 0.011035 101.710045 -0.000045 -0.011052 0.999939 -0.088785 0.000000 0.000000 0.000000 1.000000
0.998691 0.051146 0.000564 -0.040961 -0.051149 0.998638 0.010263 101.721100 -0.000039 -0.010279 0.999947 -0.077629 0.000000 0.000000 0.000000 1.000000
0.998701 0.050954 0.000520 -0.035395 -0.050957 0.998655 0.009526 101.731712 -0.000034 -0.009541 0.999954 -0.066984 0.000000 0.000000 0.000000 1.000000
0.998710 0.050772 0.000478 -0.030136 -0.050774 0.998671 0.008829 101.741676 -0.000029 -0.008842 0.999961 -0.056908 0.000000 0.000000 0.000000 1.000000
0.998719 0.050601 0.000437 -0.025192 -0.050603 0.998685 0.008174 101.751022 -0.000023 -0.008186 0.999966 -0.047445 0.000000 0.000000 0.000000 1.000000
0.998727 0.050443 0.000401 -0.020621 -0.050444 0.998698 0.007566 101.759697 -0.000019 -0.007576 0.999971 -0.038667 0.000000 0.000000 0.000000 1.000000
0.998734 0.050297 0.000369 -0.016396 -0.050298 0.998710 0.007008 101.767654 -0.000016 -0.007018 0.999975 -0.030607 0.000000 0.000000 0.000000 1.000000
0.998741 0.050165 0.000340 -0.012601 -0.050166 0.998720 0.006504 101.774811 -0.000013 -0.006513 0.999979 -0.023331 0.000000 0.000000 0.000000 1.000000
0.998747 0.050049 0.000315 -0.009225 -0.050050 0.998728 0.006058 101.781281 -0.000012 -0.006066 0.999982 -0.016896 0.000000 0.000000 0.000000 1.000000
0.998752 0.049949 0.000294 -0.006331 -0.049950 0.998736 0.005674 101.786728 -0.000010 -0.005682 0.999984 -0.011350 0.000000 0.000000 0.000000 1.000000
0.998756 0.049866 0.000277 -0.003921 -0.049867 0.998742 0.005355 101.791229 -0.000009 -0.005363 0.999986 -0.006756 0.000000 0.000000 0.000000 1.000000
0.998759 0.049800 0.000263 -0.002042 -0.049801 0.998746 0.005106 101.794785 -0.000008 -0.005113 0.999987 -0.003145 0.000000 0.000000 0.000000 1.000000
0.998761 0.049755 0.000253 -0.000714 -0.049755 0.998749 0.004930 101.797318 -0.000007 -0.004937 0.999988 -0.000702 0.000000 0.000000 0.000000 1.000000
0.998763 0.049726 0.000247 -0.000021 -0.049726 0.998751 0.004819 101.798706 -0.000007 -0.004826 0.999988 0.000673 0.000000 0.000000 0.000000 1.000000
0.998763 0.049728 0.000245 0.000385 -0.049729 0.998751 0.004829 101.799149 -0.000005 -0.004835 0.999988 0.001020 0.000000 0.000000 0.000000 1.000000
0.998761 0.049755 0.000245 0.000817 -0.049756 0.998749 0.004934 101.799599 0.000001 -0.004940 0.999988 0.000539 0.000000 0.000000 0.000000 1.000000
0.998760 0.049792 0.000244 0.001120 -0.049793 0.998747 0.005075 101.800003 0.000009 -0.005081 0.999987 -0.000346 0.000000 0.000000 0.000000 1.000000
0.998757 0.049839 0.000243 0.001313 -0.049839 0.998743 0.005254 101.800156 0.000019 -0.005260 0.999986 -0.001668 0.000000 0.000000 0.000000 1.000000
0.998754 0.049900 0.000243 0.001331 -0.049900 0.998739 0.005491 101.799889 0.000031 -0.005496 0.999985 -0.003533 0.000000 0.000000 0.000000 1.000000
0.998750 0.049989 0.000248 0.000710 -0.049990 0.998733 0.005834 101.798317 0.000044 -0.005839 0.999983 -0.006741 0.000000 0.000000 0.000000 1.000000
0.998740 0.050185 0.000259 -0.000679 -0.050186 0.998718 0.006591 101.794800 0.000072 -0.006596 0.999978 -0.014208 0.000000 0.000000 0.000000 1.000000
0.998728 0.050422 0.000283 -0.003245 -0.050422 0.998700 0.007501 101.789024 0.000095 -0.007505 0.999972 -0.023805 0.000000 0.000000 0.000000 1.000000
0.998715 0.050675 0.000317 -0.006991 -0.050676 0.998679 0.008473 101.781204 0.000113 -0.008478 0.999964 -0.034887 0.000000 0.000000 0.000000 1.000000
0.998702 0.050942 0.000360 -0.011860 -0.050943 0.998656 0.009500 101.771423 0.000124 -0.009506 0.999955 -0.047328 0.000000 0.000000 0.000000 1.000000
0.998687 0.051222 0.000411 -0.017699 -0.051224 0.998631 0.010574 101.759834 0.000132 -0.010581 0.999944 -0.060989 0.000000 0.000000 0.000000 1.000000
0.998672 0.051513 0.000470 -0.024446 -0.051515 0.998604 0.011689 101.746643 0.000133 -0.011698 0.999932 -0.075734 0.000000 0.000000 0.000000 1.000000
0.998657 0.051812 0.000539 -0.031981 -0.051815 0.998574 0.012837 101.732063 0.000127 -0.012848 0.999917 -0.091414 0.000000 0.000000 0.000000 1.000000
0.998641 0.052119 0.000613 -0.040234 -0.052123 0.998542 0.014011 101.716270 0.000119 -0.014024 0.999902 -0.107887 0.000000 0.000000 0.000000 1.000000
0.998624 0.052430 0.000694 -0.049104 -0.052435 0.998509 0.015203 101.699318 0.000104 -0.015219 0.999884 -0.125027 0.000000 0.000000 0.000000 1.000000
0.998608 0.052745 0.000780 -0.058458 -0.052750 0.998473 0.016407 101.681580 0.000086 -0.016425 0.999865 -0.142674 0.000000 0.000000 0.000000 1.000000
0.998591 0.053060 0.000872 -0.068229 -0.053067 0.998436 0.017615 101.663040 0.000064 -0.017636 0.999844 -0.160701 0.000000 0.000000 0.000000 1.000000
0.998574 0.053375 0.000968 -0.078314 -0.053384 0.998397 0.018819 101.644005 0.000038 -0.018844 0.999822 -0.178964 0.000000 0.000000 0.000000 1.000000
0.998557 0.053688 0.001068 -0.088602 -0.053698 0.998357 0.020013 101.624626 0.000008 -0.020042 0.999799 -0.197338 0.000000 0.000000 0.000000 1.000000
0.998541 0.053995 0.001170 -0.099026 -0.054008 0.998316 0.021190 101.605034 -0.000024 -0.021222 0.999775 -0.215656 0.000000 0.000000 0.000000 1.000000
0.998524 0.054297 0.001273 -0.109448 -0.054312 0.998274 0.022342 101.585480 -0.000058 -0.022378 0.999750 -0.233777 0.000000 0.000000 0.000000 1.000000
0.998508 0.054590 0.001376 -0.119803 -0.054607 0.998232 0.023461 101.566101 -0.000093 -0.023501 0.999724 -0.251592 0.000000 0.000000 0.000000 1.000000
0.998492 0.054873 0.001479 -0.129985 -0.054892 0.998191 0.024541 101.547028 -0.000130 -0.024585 0.999698 -0.268936 0.000000 0.000000 0.000000 1.000000
0.998477 0.055143 0.001580 -0.139892 -0.055166 0.998150 0.025575 101.528549 -0.000167 -0.025623 0.999672 -0.285662 0.000000 0.000000 0.000000 1.000000
0.998463 0.055399 0.001678 -0.149445 -0.055424 0.998110 0.026555 101.510635 -0.000204 -0.026607 0.999646 -0.301662 0.000000 0.000000 0.000000 1.000000
0.998449 0.055640 0.001773 -0.158497 -0.055668 0.998071 0.027473 101.493767 -0.000241 -0.027529 0.999621 -0.316764 0.000000 0.000000 0.000000 1.000000
0.998437 0.055863 0.001863 -0.167015 -0.055893 0.998035 0.028323 101.477928 -0.000277 -0.028383 0.999597 -0.330837 0.000000 0.000000 0.000000 1.000000
0.998425 0.056066 0.001945 -0.174845 -0.056099 0.998001 0.029098 101.463203 -0.000310 -0.029162 0.999575 -0.343744 0.000000 0.000000 0.000000 1.000000
0.998415 0.056247 0.002020 -0.181944 -0.056282 0.997970 0.029790 101.450020 -0.000341 -0.029857 0.999554 -0.355342 0.000000 0.000000 0.000000 1.000000
0.998406 0.056405 0.002087 -0.188162 -0.056442 0.997943 0.030392 101.438408 -0.000368 -0.030462 0.999536 -0.365477 0.000000 0.000000 0.000000 1.000000
0.998398 0.056537 0.002143 -0.193449 -0.056577 0.997920 0.030897 101.428650 -0.000392 -0.030969 0.999520 -0.374035 0.000000 0.000000 0.000000 1.000000
0.998392 0.056642 0.002189 -0.197685 -0.056683 0.997902 0.031297 101.420715 -0.000411 -0.031371 0.999508 -0.380845 0.000000 0.000000 0.000000 1.000000
0.998388 0.056718 0.002223 -0.200771 -0.056760 0.997888 0.031586 101.415016 -0.000426 -0.031661 0.999499 -0.385790 0.000000 0.000000 0.000000 1.000000
0.998385 0.056762 0.002242 -0.202594 -0.056805 0.997880 0.031756 101.411598 -0.000435 -0.031832 0.999493 -0.388714 0.000000 0.000000 0.000000 1.000000
0.998385 0.056773 0.002247 -0.203095 -0.056816 0.997878 0.031798 101.410690 -0.000437 -0.031874 0.999492 -0.389491 0.000000 0.000000 0.000000 1.000000
0.998386 0.056743 0.002237 -0.202233 -0.056786 0.997884 0.031682 101.410652 -0.000434 -0.031758 0.999495 -0.387809 0.000000 0.000000 0.000000 1.000000
0.998391 0.056668 0.002209 -0.200075 -0.056710 0.997897 0.031396 101.411041 -0.000425 -0.031471 0.999505 -0.383652 0.000000 0.000000 0.000000 1.000000
0.998397 0.056556 0.002169 -0.196819 -0.056596 0.997917 0.030968 101.412155 -0.000413 -0.031041 0.999518 -0.377370 0.000000 0.000000 0.000000 1.000000
0.998404 0.056436 0.002127 -0.193386 -0.056474 0.997938 0.030507 101.413918 -0.000401 -0.030578 0.999532 -0.370717 0.000000 0.000000 0.000000 1.000000
0.998412 0.056294 0.002077 -0.189321 -0.056331 0.997962 0.029967 101.416649 -0.000386 -0.030036 0.999549 -0.362881 0.000000 0.000000 0.000000 1.000000
0.998421 0.056135 0.002022 -0.184750 -0.056170 0.997989 0.029358 101.420059 -0.000370 -0.029426 0.999567 -0.354052 0.000000 0.000000 0.000000 1.000000
0.998431 0.055960 0.001963 -0.179719 -0.055994 0.998019 0.028690 101.424355 -0.000353 -0.028754 0.999586 -0.344352 0.000000 0.000000 0.000000 1.000000
0.998442 0.055772 0.001900 -0.174301 -0.055804 0.998050 0.027969 101.429459 -0.000336 -0.028031 0.999607 -0.333900 0.000000 0.000000 0.000000 1.000000
0.998453 0.055572 0.001832 -0.168550 -0.055601 0.998082 0.027204 101.435654 -0.000316 -0.027264 0.999628 -0.322811 0.000000 0.000000 0.000000 1.000000
0.998465 0.055362 0.001761 -0.162527 -0.055389 0.998116 0.026402 101.442863 -0.000296 -0.026459 0.999650 -0.311179 0.000000 0.000000 0.000000 1.000000
0.998477 0.055144 0.001691 -0.156249 -0.055169 0.998150 0.025569 101.451035 -0.000278 -0.025623 0.999672 -0.299110 0.000000 0.000000 0.000000 1.000000
0.998489 0.054920 0.001619 -0.149798 -0.054943 0.998184 0.024711 101.460381 -0.000259 -0.024762 0.999693 -0.286673 0.000000 0.000000 0.000000 1.000000
0.998502 0.054691 0.001546 -0.143181 -0.054712 0.998218 0.023832 101.471062 -0.000240 -0.023881 0.999715 -0.273934 0.000000 0.000000 0.000000 1.000000
0.998515 0.054457 0.001474 -0.136475 -0.054477 0.998251 0.022939 101.482712 -0.000222 -0.022985 0.999736 -0.261007 0.000000 0.000000 0.000000 1.000000
0.998528 0.054221 0.001400 -0.129664 -0.054239 0.998285 0.022036 101.495377 -0.000203 -0.022079 0.999756 -0.247920 0.000000 0.000000 0.000000 1.000000
0.998541 0.053983 0.001329 -0.122828 -0.053999 0.998317 0.021126 101.508896 -0.000187 -0.021167 0.999776 -0.234746 0.000000 0.000000 0.000000 1.000000
0.998554 0.053745 0.001259 -0.115954 -0.053759 0.998349 0.020214 101.523239 -0.000171 -0.020252 0.999795 -0.221536 0.000000 0.000000 0.000000 1.000000
0.998567 0.053507 0.001189 -0.109089 -0.053520 0.998380 0.019303 101.538139 -0.000154 -0.019339 0.999813 -0.208356 0.000000 0.000000 0.000000 1.000000
0.998580 0.053270 0.001121 -0.102273 -0.053282 0.998410 0.018396 101.553627 -0.000140 -0.018430 0.999830 -0.195231 0.000000 0.000000 0.000000 1.000000
0.998592 0.053035 0.001054 -0.095502 -0.053046 0.998439 0.017497 101.569397 -0.000124 -0.017528 0.999846 -0.182222 0.000000 0.000000 0.000000 1.000000
0.998604 0.052803 0.000991 -0.088797 -0.052812 0.998466 0.016608 101.585556 -0.000113 -0.016637 0.999862 -0.169369 0.000000 0.000000 0.000000 1.000000
0.998617 0.052574 0.000929 -0.082193 -0.052582 0.998493 0.015733 101.601959 -0.000100 -0.015760 0.999876 -0.156698 0.000000 0.000000 0.000000 1.000000
0.998628 0.052350 0.000868 -0.075723 -0.052357 0.998518 0.014873 101.618385 -0.000088 -0.014898 0.999889 -0.144265 0.000000 0.000000 0.000000 1.000000
0.998640 0.052130 0.000810 -0.069383 -0.052136 0.998541 0.014031 101.634720 -0.000077 -0.014054 0.999901 -0.132092 0.000000 0.000000 0.000000 1.000000
0.998651 0.051915 0.000756 -0.063194 -0.051921 0.998564 0.013210 101.650955 -0.000069 -0.013231 0.999912 -0.120224 0.000000 0.000000 0.000000 1.000000
0.998662 0.051707 0.000703 -0.057171 -0.051712 0.998585 0.012412 101.666878 -0.000060 -0.012432 0.999923 -0.108691 0.000000 0.000000 0.000000 1.000000
0.998673 0.051505 0.000652 -0.051342 -0.051509 0.998605 0.011639 101.682411 -0.000051 -0.011657 0.999932 -0.097516 0.000000 0.000000 0.000000 1.000000
0.998683 0.051311 0.000604 -0.045718 -0.051315 0.998623 0.010894 101.697411 -0.000044 -0.010910 0.999940 -0.086751 0.000000 0.000000 0.000000 1.000000
0.998692 0.051124 0.000559 -0.040339 -0.051127 0.998640 0.010179 101.711830 -0.000038 -0.010194 0.999948 -0.076422 0.000000 0.000000 0.000000 1.000000
0.998701 0.050946 0.000517 -0.035183 -0.050948 0.998656 0.009495 101.725533 -0.000033 -0.009509 0.999955 -0.066551 0.000000 0.000000 0.000000 1.000000
0.998710 0.050777 0.000479 -0.030289 -0.050779 0.998671 0.008847 101.738327 -0.000030 -0.008860 0.999961 -0.057190 0.000000 0.000000 0.000000 1.000000
0.998718 0.050617 0.000441 -0.025672 -0.050619 0.998684 0.008236 101.750076 -0.000023 -0.008248 0.999966 -0.048357 0.000000 0.000000 0.000000 1.000000
0.998726 0.050468 0.000406 -0.021364 -0.050469 0.998696 0.007664 101.758286 -0.000019 -0.007675 0.999971 -0.040105 0.000000 0.000000 0.000000 1.000000
0.998733 0.050330 0.000376 -0.017374 -0.050331 0.998707 0.007135 101.765854 -0.000017 -0.007145 0.999974 -0.032462 0.000000 0.000000 0.000000 1.000000
0.998739 0.050204 0.000349 -0.013731 -0.050205 0.998717 0.006651 101.772675 -0.000014 -0.006660 0.999978 -0.025480 0.000000 0.000000 0.000000 1.000000
0.998745 0.050090 0.000324 -0.010441 -0.050091 0.998725 0.006216 101.778931 -0.000013 -0.006224 0.999981 -0.019198 0.000000 0.000000 0.000000 1.000000
0.998750 0.049990 0.000302 -0.007524 -0.049991 0.998733 0.005832 101.784393 -0.000010 -0.005840 0.999983 -0.013649 0.000000 0.000000 0.000000 1.000000
0.998754 0.049904 0.000285 -0.005049 -0.049905 0.998739 0.005503 101.789162 -0.000010 -0.005510 0.999985 -0.008904 0.000000 0.000000 0.000000 1.000000
0.998757 0.049834 0.000270 -0.003007 -0.049834 0.998744 0.005232 101.793030 -0.000009 -0.005239 0.999986 -0.004995 0.000000 0.000000 0.000000 1.000000
0.998760 0.049780 0.000258 -0.001435 -0.049780 0.998748 0.005024 101.795883 -0.000008 -0.005031 0.999987 -0.002000 0.000000 0.000000 0.000000 1.000000
0.998762 0.049748 0.000252 -0.000541 -0.049749 0.998750 0.004906 101.797951 -0.000008 -0.004912 0.999988 -0.000517 0.000000 0.000000 0.000000 1.000000
0.998762 0.049735 0.000249 -0.000156 -0.049736 0.998751 0.004855 101.799057 -0.000007 -0.004862 0.999988 0.000225 0.000000 0.000000 0.000000 1.000000
0.998763 0.049730 0.000248 0.000013 -0.049730 0.998751 0.004833 101.799141 -0.000007 -0.004840 0.999988 0.000574 0.000000 0.000000 0.000000 1.000000
0.998763 0.049728 0.000247 0.000050 -0.049728 0.998751 0.004827 101.799164 -0.000007 -0.004833 0.999988 0.000709 0.000000 0.000000 0.000000 1.000000
0.998763 0.049726 0.000248 0.000143 -0.049727 0.998751 0.004822 101.799156 -0.000008 -0.004828 0.999988 0.000843 0.000000 0.000000 0.000000 1.000000
0.998763 0.049725 0.000246 -0.000007 -0.049726 0.998751 0.004950 101.798859 0.000000 -0.004956 0.999988 -0.000027 0.000000 0.000000 0.000000 1.000000</float_array><technique_common><accessor source="#Hips-Matrix-animation-output-transform-array" count="154" stride="16"><param type="float4x4"/></accessor></technique_common></source><source id="Hips-Interpolations"><Name_array id="Hips-Interpolations-array" count="154">
 LINEAR LINEAR LINEAR LINEAR LINEAR LINEAR LINEAR LINEAR LINEAR LINEAR LINEAR
LINEAR LINEAR LINEAR LINEAR LINEAR LINEAR LINEAR LINEAR LINEAR LINEAR LINEAR LINEAR
LINEAR LINEAR LINEAR LINEAR LINEAR LINEAR LINEAR LINEAR LINEAR LINEAR LINEAR LINEAR
LINEAR LINEAR LINEAR LINEAR LINEAR LINEAR LINEAR LINEAR LINEAR LINEAR LINEAR LINEAR
LINEAR LINEAR LINEAR LINEAR LINEAR LINEAR LINEAR LINEAR LINEAR LINEAR LINEAR LINEAR
LINEAR LINEAR LINEAR LINEAR LINEAR LINEAR LINEAR LINEAR LINEAR LINEAR LINEAR LINEAR
LINEAR LINEAR LINEAR LINEAR LINEAR LINEAR LINEAR LINEAR LINEAR LINEAR LINEAR LINEAR
LINEAR LINEAR LINEAR LINEAR LINEAR LINEAR LINEAR LINEAR LINEAR LINEAR LINEAR LINEAR
LINEAR LINEAR LINEAR LINEAR LINEAR LINEAR LINEAR LINEAR LINEAR LINEAR LINEAR LINEAR
LINEAR LINEAR LINEAR LINEAR LINEAR LINEAR LINEAR LINEAR LINEAR LINEAR LINEAR LINEAR
LINEAR LINEAR LINEAR LINEAR LINEAR LINEAR LINEAR LINEAR LINEAR LINEAR LINEAR LINEAR
LINEAR LINEAR LINEAR LINEAR LINEAR LINEAR LINEAR LINEAR LINEAR LINEAR LINEAR LINEAR
LINEAR LINEAR LINEAR LINEAR LINEAR LINEAR LINEAR LINEAR LINEAR LINEAR LINEAR</Name_array><technique_common><accessor source="#Hips-Interpolations-array" count="154"><param type="name"/></accessor></technique_common></source><sampler id="Hips-Matrix-animation-transform"><input semantic="INPUT" source="#Hips-Matrix-animation-input"/><input semantic="OUTPUT" source="#Hips-Matrix-animation-output-transform"/><input semantic="INTERPOLATION" source="#Hips-Interpolations"/></sampler><channel source="#Hips-Matrix-animation-transform" target="Hips/matrix"/></animation>
    <animation id="Spine-anim" name="Spine"><source id="Spine-Matrix-animation-input"><float_array id="Spine-Matrix-animation-input-array" count="154">

0.000000 0.033333 0.066667 0.100000 0.133333 0.166667 0.200000 0.233333 0.266667 0.300000 0.333333 0.366667 0.400000 0.433333 0.466667 0.500000
0.533333 0.566667 0.600000 0.633333 0.666667 0.700000 0.733333 0.766667 0.800000 0.833333 0.866667 0.900000 0.933333 0.966667 1.000000 1.033333
1.066667 1.100000 1.133333 1.166667 1.200000 1.233333 1.266667 1.300000 1.333333 1.366667 1.400000 1.433333 1.466667 1.500000 1.533333 1.566667
1.600000 1.633333 1.666667 1.700000 1.733333 1.766667 1.800000 1.833333 1.866667 1.900000 1.933333 1.966667 2.000000 2.033333 2.066667 2.100000
2.133333 2.166667 2.200000 2.233333 2.266667 2.300000 2.333333 2.366667 2.400000 2.433333 2.466667 2.500000 2.533333 2.566667 2.600000 2.633333
2.666667 2.700000 2.733333 2.766667 2.800000 2.833333 2.866667 2.900000 2.933333 2.966667 3.000000 3.033333 3.066667 3.100000 3.133333 3.166667
3.200000 3.233333 3.266667 3.300000 3.333333 3.366667 3.400000 3.433333 3.466667 3.500000 3.533333 3.566667 3.600000 3.633333 3.666667 3.700000
3.733333 3.766667 3.800000 3.833333 3.866667 3.900000 3.933333 3.966667 4.000000 4.033333 4.066667 4.100000 4.133333 4.166667 4.200000 4.233333
4.266667 4.300000 4.333333 4.366667 4.400000 4.433333 4.466667 4.500000 4.533333 4.566667 4.600000 4.633333 4.666667 4.700000 4.733333 4.766667
4.800000 4.833333 4.866667 4.900000 4.933333 4.966667 5.000000 5.033333 5.066667 5.100000</float_array><technique_common><accessor source="#Spine-Matrix-animation-input-array" count="154"><param name="TIME" type="float"/></accessor></technique_common></source><source id="Spine-Matrix-animation-output-transform"><float_array id="Spine-Matrix-animation-output-transform-array" count="2464">

0.999590 -0.014806 -0.024497 -0.000000 0.014566 0.999844 -0.009947 10.181600 0.024640 0.009586 0.999650 0.131500 0.000000 0.000000 0.000000 1.000000
0.999594 -0.014738 -0.024381 0.000000 0.014500 0.999846 -0.009915 10.181600 0.024524 0.009558 0.999654 0.131500 0.000000 0.000000 0.000000 1.000000
0.999594 -0.014738 -0.024382 0.000000 0.014499 0.999845 -0.009963 10.181600 0.024525 0.009605 0.999653 0.131500 0.000000 0.000000 0.000000 1.000000
0.999594 -0.014739 -0.024381 0.000000 0.014487 0.999840 -0.010474 10.181600 0.024532 0.010117 0.999648 0.131500 0.000000 0.000000 0.000000 1.000000
0.999594 -0.014737 -0.024371 0.000000 0.014476 0.999836 -0.010836 10.181600 0.024527 0.010478 0.999644 0.131500 0.000000 0.000000 0.000000 1.000000
0.999595 -0.014735 -0.024356 0.000000 0.014462 0.999831 -0.011333 10.181600 0.024519 0.010977 0.999639 0.131500 0.000000 0.000000 0.000000 1.000000
0.999597 -0.014624 -0.024350 -0.000000 0.014339 0.999827 -0.011863 10.181600 0.024520 0.011509 0.999633 0.131500 0.000000 0.000000 0.000000 1.000000
0.999598 -0.014532 -0.024342 0.000000 0.014231 0.999821 -0.012479 10.181600 0.024519 0.012128 0.999626 0.131500 0.000000 0.000000 0.000000 1.000000
0.999600 -0.014372 -0.024341 -0.000000 0.014055 0.999815 -0.013144 10.181600 0.024525 0.012797 0.999617 0.131500 0.000000 0.000000 0.000000 1.000000
0.999603 -0.014144 -0.024350 0.000000 0.013808 0.999808 -0.013889 10.181600 0.024542 0.013547 0.999607 0.131500 0.000000 0.000000 0.000000 1.000000
0.999604 -0.014133 -0.024342 -0.000000 0.013779 0.999798 -0.014632 10.181600 0.024544 0.014291 0.999597 0.131500 0.000000 0.000000 0.000000 1.000000
0.999607 -0.013905 -0.024362 -0.000000 0.013530 0.999789 -0.015470 10.181600 0.024572 0.015134 0.999583 0.131500 0.000000 0.000000 0.000000 1.000000
0.999609 -0.013708 -0.024388 0.000000 0.013312 0.999778 -0.016318 10.181600 0.024606 0.015987 0.999569 0.131500 0.000000 0.000000 0.000000 1.000000
0.999611 -0.013489 -0.024426 -0.000000 0.013071 0.999766 -0.017212 10.181600 0.024653 0.016886 0.999553 0.131500 0.000000 0.000000 0.000000 1.000000
0.999605 -0.013469 -0.024680 0.000000 0.013030 0.999756 -0.017857 10.181600 0.024914 0.017528 0.999536 0.131500 0.000000 0.000000 0.000000 1.000000
0.999606 -0.013260 -0.024755 0.000000 0.012798 0.999743 -0.018718 10.181600 0.024997 0.018394 0.999518 0.131500 0.000000 0.000000 0.000000 1.000000
0.999607 -0.013041 -0.024804 0.000000 0.012557 0.999729 -0.019586 10.181600 0.025052 0.019266 0.999500 0.131500 0.000000 0.000000 0.000000 1.000000
0.999609 -0.012790 -0.024861 0.000000 0.012281 0.999714 -0.020511 10.181600 0.025116 0.020198 0.999480 0.131500 0.000000 0.000000 0.000000 1.000000
0.999610 -0.012586 -0.024936 0.000000 0.012055 0.999700 -0.021334 10.181600 0.025197 0.021025 0.999461 0.131500 0.000000 0.000000 0.000000 1.000000
0.999610 -0.012378 -0.025048 0.000000 0.011824 0.999685 -0.022159 10.181600 0.025315 0.021855 0.999441 0.131500 0.000000 0.000000 0.000000 1.000000
0.999610 -0.012179 -0.025127 0.000000 0.011603 0.999670 -0.022930 10.181600 0.025398 0.022630 0.999421 0.131500 0.000000 0.000000 0.000000 1.000000
0.999611 -0.011976 -0.025202 0.000000 0.011380 0.999655 -0.023684 10.181600 0.025477 0.023388 0.999402 0.131500 0.000000 0.000000 0.000000 1.000000
0.999604 -0.011912 -0.025494 0.000000 0.011297 0.999646 -0.024105 10.181600 0.025772 0.023807 0.999384 0.131500 0.000000 0.000000 0.000000 1.000000
0.999604 -0.011720 -0.025570 0.000000 0.011087 0.999632 -0.024767 10.181600 0.025851 0.024474 0.999366 0.131500 0.000000 0.000000 0.000000 1.000000
0.999604 -0.011549 -0.025662 0.000000 0.010898 0.999619 -0.025362 10.181600 0.025945 0.025072 0.999349 0.131500 0.000000 0.000000 0.000000 1.000000
0.999603 -0.011380 -0.025757 0.000000 0.010712 0.999607 -0.025924 10.181600 0.026042 0.025638 0.999332 0.131500 0.000000 0.000000 0.000000 1.000000
0.999603 -0.011247 -0.025841 0.000000 0.010565 0.999597 -0.026357 10.181600 0.026127 0.026073 0.999319 0.131500 0.000000 0.000000 0.000000 1.000000
0.999602 -0.011124 -0.025918 -0.000000 0.010431 0.999589 -0.026721 10.181600 0.026205 0.026440 0.999307 0.131500 0.000000 0.000000 0.000000 1.000000
0.999601 -0.011041 -0.025997 0.000000 0.010337 0.999580 -0.027083 10.181600 0.026285 0.026803 0.999295 0.131500 0.000000 0.000000 0.000000 1.000000
0.999600 -0.010996 -0.026061 0.000000 0.010287 0.999577 -0.027206 10.181600 0.026349 0.026927 0.999290 0.131500 0.000000 0.000000 0.000000 1.000000
0.999599 -0.010964 -0.026097 0.000000 0.010249 0.999573 -0.027366 10.181600 0.026386 0.027087 0.999285 0.131500 0.000000 0.000000 0.000000 1.000000
0.999599 -0.010944 -0.026125 0.000000 0.010229 0.999573 -0.027366 10.181600 0.026414 0.027088 0.999284 0.131500 0.000000 0.000000 0.000000 1.000000
0.999598 -0.010935 -0.026147 -0.000000 0.010223 0.999577 -0.027214 10.181600 0.026433 0.026936 0.999288 0.131500 0.000000 0.000000 0.000000 1.000000
0.999598 -0.010938 -0.026162 0.000000 0.010232 0.999584 -0.026961 10.181600 0.026446 0.026683 0.999294 0.131500 0.000000 0.000000 0.000000 1.000000
0.999598 -0.010947 -0.026171 -0.000000 0.010247 0.999589 -0.026759 10.181600 0.026453 0.026480 0.999299 0.131500 0.000000 0.000000 0.000000 1.000000
0.999597 -0.010965 -0.026176 0.000000 0.010272 0.999597 -0.026463 10.181600 0.026456 0.026184 0.999307 0.131500 0.000000 0.000000 0.000000 1.000000
0.999597 -0.010991 -0.026177 0.000000 0.010305 0.999604 -0.026178 10.181600 0.026455 0.025898 0.999314 0.131500 0.000000 0.000000 0.000000 1.000000
0.999597 -0.011034 -0.026174 0.000000 0.010357 0.999612 -0.025860 10.181600 0.026449 0.025578 0.999323 0.131500 0.000000 0.000000 0.000000 1.000000
0.999596 -0.011104 -0.026166 0.000000 0.010437 0.999621 -0.025471 10.181600 0.026439 0.025188 0.999333 0.131500 0.000000 0.000000 0.000000 1.000000
0.999595 -0.011179 -0.026155 0.000000 0.010522 0.999629 -0.025116 10.181600 0.026426 0.024831 0.999342 0.131500 0.000000 0.000000 0.000000 1.000000
0.999595 -0.011274 -0.026142 0.000000 0.010630 0.999639 -0.024665 10.181600 0.026411 0.024377 0.999354 0.131500 0.000000 0.000000 0.000000 1.000000
0.999594 -0.011380 -0.026128 0.000000 0.010749 0.999650 -0.024158 10.181600 0.026393 0.023867 0.999367 0.131500 0.000000 0.000000 0.000000 1.000000
0.999593 -0.011479 -0.026114 -0.000000 0.010862 0.999661 -0.023664 10.181600 0.026377 0.023371 0.999379 0.131500 0.000000 0.000000 0.000000 1.000000
0.999592 -0.011583 -0.026101 0.000000 0.010978 0.999670 -0.023210 10.181600 0.026361 0.022914 0.999390 0.131500 0.000000 0.000000 0.000000 1.000000
0.999591 -0.011703 -0.026087 0.000000 0.011113 0.999681 -0.022662 10.181600 0.026344 0.022363 0.999403 0.131500 0.000000 0.000000 0.000000 1.000000
0.999590 -0.011823 -0.026074 -0.000000 0.011247 0.999692 -0.022122 10.181600 0.026328 0.021820 0.999415 0.131500 0.000000 0.000000 0.000000 1.000000
0.999590 -0.011947 -0.026036 0.000000 0.011387 0.999702 -0.021573 10.181600 0.026286 0.021267 0.999428 0.131500 0.000000 0.000000 0.000000 1.000000
0.999589 -0.012075 -0.025984 0.000000 0.011531 0.999713 -0.020994 10.181600 0.026230 0.020686 0.999442 0.131500 0.000000 0.000000 0.000000 1.000000
0.999589 -0.012207 -0.025927 0.000000 0.011680 0.999724 -0.020393 10.181600 0.026169 0.020082 0.999456 0.131500 0.000000 0.000000 0.000000 1.000000
0.999589 -0.012336 -0.025877 0.000000 0.011824 0.999733 -0.019844 10.181600 0.026115 0.019530 0.999468 0.131500 0.000000 0.000000 0.000000 1.000000
0.999588 -0.012480 -0.025844 0.000000 0.011985 0.999743 -0.019229 10.181600 0.026077 0.018911 0.999481 0.131500 0.000000 0.000000 0.000000 1.000000
0.999590 -0.012561 -0.025736 0.000000 0.012081 0.999752 -0.018730 10.181600 0.025965 0.018411 0.999493 0.131500 0.000000 0.000000 0.000000 1.000000
0.999587 -0.012756 -0.025744 0.000000 0.012294 0.999762 -0.018031 10.181600 0.025968 0.017707 0.999506 0.131500 0.000000 0.000000 0.000000 1.000000
0.999593 -0.012842 -0.025490 0.000000 0.012391 0.999765 -0.017762 10.181600 0.025712 0.017439 0.999517 0.131500 0.000000 0.000000 0.000000 1.000000
0.999593 -0.012951 -0.025426 0.000000 0.012517 0.999774 -0.017156 10.181600 0.025643 0.016831 0.999529 0.131500 0.000000 0.000000 0.000000 1.000000
0.999592 -0.013087 -0.025370 0.000000 0.012669 0.999782 -0.016583 10.181600 0.025582 0.016255 0.999541 0.131500 0.000000 0.000000 0.000000 1.000000
0.999592 -0.013224 -0.025320 -0.000000 0.012821 0.999790 -0.016015 10.181600 0.025526 0.015684 0.999551 0.131500 0.000000 0.000000 0.000000 1.000000
0.999591 -0.013358 -0.025273 0.000000 0.012970 0.999797 -0.015449 10.181600 0.025474 0.015115 0.999561 0.131500 0.000000 0.000000 0.000000 1.000000
0.999590 -0.013494 -0.025236 0.000000 0.013120 0.999803 -0.014893 10.181600 0.025432 0.014556 0.999571 0.131500 0.000000 0.000000 0.000000 1.000000
0.999589 -0.013635 -0.025201 0.000000 0.013277 0.999809 -0.014328 10.181600 0.025392 0.013987 0.999580 0.131500 0.000000 0.000000 0.000000 1.000000
0.999589 -0.013762 -0.025165 0.000000 0.013418 0.999815 -0.013801 10.181600 0.025350 0.013457 0.999588 0.131500 0.000000 0.000000 0.000000 1.000000
0.999588 -0.013895 -0.025114 0.000000 0.013565 0.999820 -0.013251 10.181600 0.025294 0.012905 0.999597 0.131500 0.000000 0.000000 0.000000 1.000000
0.999591 -0.013964 -0.024947 0.000000 0.013644 0.999823 -0.012956 10.181600 0.025124 0.012611 0.999605 0.131500 0.000000 0.000000 0.000000 1.000000
0.999591 -0.014065 -0.024885 0.000000 0.013757 0.999827 -0.012510 10.181600 0.025057 0.012163 0.999612 0.131500 0.000000 0.000000 0.000000 1.000000
0.999593 -0.014166 -0.024767 0.000000 0.013867 0.999829 -0.012216 10.181600 0.024936 0.011867 0.999619 0.131500 0.000000 0.000000 0.000000 1.000000
0.999592 -0.014279 -0.024745 -0.000000 0.013991 0.999833 -0.011766 10.181600 0.024909 0.011415 0.999625 0.131500 0.000000 0.000000 0.000000 1.000000
0.999590 -0.014385 -0.024737 0.000000 0.014108 0.999836 -0.011352 10.181600 0.024896 0.010998 0.999630 0.131500 0.000000 0.000000 0.000000 1.000000
0.999589 -0.014477 -0.024726 -0.000000 0.014209 0.999839 -0.010966 10.181600 0.024881 0.010610 0.999634 0.131500 0.000000 0.000000 0.000000 1.000000
0.999592 -0.014529 -0.024611 0.000000 0.014266 0.999840 -0.010832 10.181600 0.024765 0.010477 0.999638 0.131500 0.000000 0.000000 0.000000 1.000000
0.999592 -0.014592 -0.024539 0.000000 0.014335 0.999841 -0.010607 10.181600 0.024690 0.010251 0.999643 0.131500 0.000000 0.000000 0.000000 1.000000
0.999593 -0.014651 -0.024481 0.000000 0.014399 0.999842 -0.010454 10.181600 0.024631 0.010098 0.999646 0.131500 0.000000 0.000000 0.000000 1.000000
0.999594 -0.014687 -0.024434 -0.000000 0.014438 0.999842 -0.010336 10.181600 0.024582 0.009979 0.999648 0.131500 0.000000 0.000000 0.000000 1.000000
0.999594 -0.014716 -0.024407 0.000000 0.014472 0.999844 -0.010129 10.181600 0.024552 0.009772 0.999651 0.131500 0.000000 0.000000 0.000000 1.000000
