<?xml version="1.0" encoding="utf-8"?>
<COLLADA xmlns="http://www.collada.org/2005/11/COLLADASchema" version="1.4.1">
  <asset><contributor><author>Mixamo</author><authoring_tool>COLLADA Mixamo exporter</authoring_tool><comments></comments></contributor><created>2020-08-05T15:28:12Z</created><modified>2020-08-05T15:28:12Z</modified><revision></revision><title></title><unit meter="0.010000"/><up_axis>Y_UP</up_axis></asset>
  <library_animations>
    <animation id="Hips-anim" name="Hips"><source id="Hips-Matrix-animation-input"><float_array id="Hips-Matrix-animation-input-array" count="70">

0.000000 0.033333 0.066667 0.100000 0.133333 0.166667 0.200000 0.233333 0.266667 0.300000 0.333333 0.366667 0.400000 0.433333 0.466667 0.500000
0.533333 0.566667 0.600000 0.633333 0.666667 0.700000 0.733333 0.766667 0.800000 0.833333 0.866667 0.900000 0.933333 0.966667 1.000000 1.033333
1.066667 1.100000 1.133333 1.166667 1.200000 1.233333 1.266667 1.300000 1.333333 1.366667 1.400000 1.433333 1.466667 1.500000 1.533333 1.566667
1.600000 1.633333 1.666667 1.700000 1.733333 1.766667 1.800000 1.833333 1.866667 1.900000 1.933333 1.966667 2.000000 2.033333 2.066667 2.100000
2.133333 2.166667 2.200000 2.233333 2.266667 2.300000</float_array><technique_common><accessor source="#Hips-Matrix-animation-input-array" count="70"><param name="TIME" type="float"/></accessor></technique_common></source><source id="Hips-Matrix-animation-output-transform"><float_array id="Hips-Matrix-animation-output-transform-array" count="1120">

0.522588 0.060127 0.850463 0.490465 -0.069667 0.997186 -0.027691 104.933121 -0.849734 -0.044778 0.525306 0.353361 0.000000 0.000000 0.000000 1.000000
0.523215 0.060012 0.850085 0.454011 -0.068425 0.997255 -0.028287 104.898994 -0.849449 -0.043367 0.525885 0.306426 0.000000 0.000000 0.000000 1.000000
0.522551 0.060919 0.850429 0.387460 -0.067884 0.997250 -0.029725 104.851883 -0.849901 -0.042198 0.525250 0.272608 0.000000 0.000000 0.000000 1.000000
0.512769 0.069427 0.855715 0.179537 -0.073168 0.996632 -0.037016 104.740616 -0.855403 -0.043631 0.516123 0.312298 0.000000 0.000000 0.000000 1.000000
0.485881 0.083702 0.870008 -0.121542 -0.087865 0.995039 -0.046660 104.614349 -0.869597 -0.053772 0.490825 0.616039 0.000000 0.000000 0.000000 1.000000
0.441693 0.091842 0.892453 -0.418157 -0.104263 0.993261 -0.050615 104.468803 -0.891087 -0.070694 0.448292 1.253284 0.000000 0.000000 0.000000 1.000000
0.384163 0.092727 0.918597 -0.615555 -0.120421 0.991477 -0.049723 104.319992 -0.915378 -0.091516 0.392055 2.236850 0.000000 0.000000 0.000000 1.000000
0.319756 0.091640 0.943058 -0.649972 -0.140035 0.988952 -0.048619 104.120117 -0.937095 -0.116515 0.329056 3.498018 0.000000 0.000000 0.000000 1.000000
0.259963 0.089186 0.961491 -0.585231 -0.158459 0.986167 -0.048631 103.795013 -0.952528 -0.139714 0.270500 4.875486 0.000000 0.000000 0.000000 1.000000
0.215672 0.089349 0.972370 -0.533706 -0.169598 0.984097 -0.052810 103.374329 -0.961625 -0.153522 0.227395 6.251311 0.000000 0.000000 0.000000 1.000000
0.189992 0.096717 0.977010 -0.525144 -0.173656 0.982756 -0.063517 102.787956 -0.966306 -0.157596 0.203512 7.532537 0.000000 0.000000 0.000000 1.000000
0.183066 0.109064 0.977032 -0.576212 -0.171147 0.982187 -0.077571 102.044777 -0.968089 -0.153016 0.198471 8.654927 0.000000 0.000000 0.000000 1.000000
0.195085 0.121024 0.973291 -0.677901 -0.160738 0.982885 -0.089999 101.238503 -0.967525 -0.138887 0.211200 9.596712 0.000000 0.000000 0.000000 1.000000
0.225937 0.130459 0.965367 -0.860633 -0.143901 0.984589 -0.099378 100.510292 -0.963455 -0.116464 0.241229 10.427329 0.000000 0.000000 0.000000 1.000000
0.273789 0.139851 0.951568 -1.117839 -0.126415 0.986021 -0.108542 99.953255 -0.953446 -0.090575 0.287642 11.252748 0.000000 0.000000 0.000000 1.000000
0.336006 0.146068 0.930465 -1.299104 -0.110555 0.987188 -0.115050 99.539093 -0.935349 -0.064210 0.347849 12.011448 0.000000 0.000000 0.000000 1.000000
0.419742 0.144402 0.896083 -1.134695 -0.095145 0.988824 -0.114779 99.046257 -0.902643 -0.037080 0.428790 12.515916 0.000000 0.000000 0.000000 1.000000
0.534296 0.133453 0.834696 -0.431455 -0.079485 0.991015 -0.107567 98.504738 -0.841552 -0.008873 0.540103 12.759482 0.000000 0.000000 0.000000 1.000000
0.675127 0.106807 0.729928 0.592240 -0.058761 0.994105 -0.091113 98.282181 -0.735357 0.018622 0.677424 12.717108 0.000000 0.000000 0.000000 1.000000
0.821572 0.067253 0.566124 1.806702 -0.033152 0.996973 -0.070326 98.195129 -0.569140 0.039010 0.821315 12.444050 0.000000 0.000000 0.000000 1.000000
0.940480 0.033523 0.338193 3.151546 -0.014750 0.998212 -0.057929 98.114647 -0.339530 0.049493 0.939292 12.657846 0.000000 0.000000 0.000000 1.000000
0.996843 0.014563 0.078047 4.456293 -0.010428 0.998533 -0.053130 97.996811 -0.078706 0.052149 0.995533 14.005159 0.000000 0.000000 0.000000 1.000000
0.988556 0.003699 -0.150812 5.635515 -0.011264 0.998719 -0.049340 97.827492 0.150436 0.050474 0.987330 15.455642 0.000000 0.000000 0.000000 1.000000
0.951412 -0.002395 -0.307912 6.595712 -0.014420 0.998526 -0.052322 97.596191 0.307584 0.054220 0.949975 15.775050 0.000000 0.000000 0.000000 1.000000
0.913589 -0.004625 -0.406613 7.328752 -0.026491 0.997134 -0.070861 96.394073 0.405776 0.075509 0.910848 16.146580 0.000000 0.000000 0.000000 1.000000
0.875967 -0.013058 -0.482194 7.928473 -0.038466 0.994559 -0.096811 95.568863 0.480835 0.103352 0.870699 16.445141 0.000000 0.000000 0.000000 1.000000
0.838950 -0.025656 -0.543604 8.418190 -0.042854 0.992672 -0.112987 95.189507 0.542519 0.118086 0.831702 16.969694 0.000000 0.000000 0.000000 1.000000
0.811498 -0.032483 -0.583452 8.876156 -0.042767 0.992475 -0.114737 94.609772 0.582788 0.118062 0.804002 17.269609 0.000000 0.000000 0.000000 1.000000
0.787276 -0.038548 -0.615395 9.257401 -0.039847 0.992777 -0.113164 93.869003 0.615312 0.113613 0.780053 17.499949 0.000000 0.000000 0.000000 1.000000
0.754173 -0.046428 -0.655032 9.537452 -0.041545 0.992126 -0.118154 93.218155 0.655360 0.116322 0.746306 17.595572 0.000000 0.000000 0.000000 1.000000
0.719326 -0.052287 -0.692702 9.755964 -0.050804 0.990533 -0.127525 92.818726 0.692813 0.126924 0.709860 17.539007 0.000000 0.000000 0.000000 1.000000
0.692695 -0.060815 -0.718662 9.890635 -0.059515 0.988220 -0.140990 92.566223 0.718771 0.140434 0.680916 17.296673 0.000000 0.000000 0.000000 1.000000
0.673598 -0.072811 -0.735502 9.929326 -0.067287 0.984962 -0.159131 92.388474 0.736028 0.156680 0.658569 16.902082 0.000000 0.000000 0.000000 1.000000
0.664066 -0.081140 -0.743258 9.913106 -0.075162 0.981813 -0.174337 92.419769 0.743886 0.171636 0.645890 16.613571 0.000000 0.000000 0.000000 1.000000
0.672896 -0.082963 -0.735070 9.661164 -0.076989 0.980440 -0.181134 92.677231 0.735720 0.178477 0.653347 16.486553 0.000000 0.000000 0.000000 1.000000
0.701924 -0.080833 -0.707651 9.160460 -0.071311 0.980571 -0.182741 93.063774 0.708674 0.178733 0.682522 16.436255 0.000000 0.000000 0.000000 1.000000
0.741026 -0.074705 -0.667307 8.484037 -0.063024 0.981667 -0.179884 93.504333 0.668512 0.175355 0.722733 16.413164 0.000000 0.000000 0.000000 1.000000
0.782287 -0.066376 -0.619371 7.702575 -0.054095 0.983312 -0.173701 93.962044 0.620564 0.169389 0.765642 16.339195 0.000000 0.000000 0.000000 1.000000
0.826304 -0.058814 -0.560145 6.848051 -0.045159 0.984413 -0.169978 94.523750 0.561411 0.165750 0.810768 16.189098 0.000000 0.000000 0.000000 1.000000
0.873138 -0.049616 -0.484941 5.962914 -0.037223 0.985116 -0.167811 95.212265 0.486049 0.164573 0.858296 15.890293 0.000000 0.000000 0.000000 1.000000
0.918420 -0.037308 -0.393844 5.016295 -0.029273 0.986405 -0.161703 96.065094 0.394522 0.160041 0.904842 15.577028 0.000000 0.000000 0.000000 1.000000
0.957036 -0.023448 -0.289021 4.018579 -0.022243 0.987852 -0.153796 97.010742 0.289116 0.153617 0.944888 15.239983 0.000000 0.000000 0.000000 1.000000
0.984829 -0.004922 -0.173456 3.019271 -0.021203 0.988694 -0.148438 98.027260 0.172226 0.149864 0.973591 14.962551 0.000000 0.000000 0.000000 1.000000
0.998535 0.019605 -0.050427 2.094040 -0.026570 0.989596 -0.141398 99.090691 0.047130 0.142531 0.988668 14.698647 0.000000 0.000000 0.000000 1.000000
0.996026 0.042558 0.078242 1.206738 -0.032128 0.990990 -0.130028 100.118034 -0.083071 0.126998 0.988418 14.401587 0.000000 0.000000 0.000000 1.000000
0.975978 0.058728 0.209806 0.374864 -0.034023 0.992254 -0.119475 101.060234 -0.215197 0.109467 0.970416 14.117655 0.000000 0.000000 0.000000 1.000000
0.938430 0.072803 0.337712 -0.315483 -0.036579 0.992987 -0.112419 101.892899 -0.343528 0.093144 0.934512 13.841580 0.000000 0.000000 0.000000 1.000000
0.887199 0.085859 0.453329 -0.767252 -0.042117 0.993502 -0.105739 102.626495 -0.459461 0.074719 0.885049 13.486964 0.000000 0.000000 0.000000 1.000000
0.829719 0.091435 0.550642 -0.954983 -0.046615 0.994397 -0.094880 103.256462 -0.556232 0.053056 0.829332 13.014303 0.000000 0.000000 0.000000 1.000000
0.772397 0.087784 0.629044 -0.910285 -0.046990 0.995587 -0.081236 103.751343 -0.633399 0.033188 0.773113 12.432581 0.000000 0.000000 0.000000 1.000000
0.719167 0.077810 0.690466 -0.696750 -0.042668 0.996780 -0.067887 104.022903 -0.693526 0.019362 0.720172 11.673001 0.000000 0.000000 0.000000 1.000000
0.674447 0.064442 0.735505 -0.453690 -0.033835 0.997835 -0.056400 104.004158 -0.737547 0.013153 0.675167 10.705053 0.000000 0.000000 0.000000 1.000000
0.640597 0.056000 0.765833 -0.280486 -0.028061 0.998378 -0.049532 103.707024 -0.767364 0.010240 0.641129 9.683908 0.000000 0.000000 0.000000 1.000000
0.614738 0.055662 0.786765 -0.195268 -0.031665 0.998444 -0.045897 103.276741 -0.788095 0.003301 0.615544 8.666234 0.000000 0.000000 0.000000 1.000000
0.590815 0.056544 0.804823 -0.156066 -0.038000 0.998384 -0.042248 102.984253 -0.805912 -0.005623 0.592009 7.637649 0.000000 0.000000 0.000000 1.000000
0.566900 0.054951 0.821952 -0.126577 -0.040581 0.998424 -0.038760 102.895943 -0.822786 -0.011382 0.568237 6.598365 0.000000 0.000000 0.000000 1.000000
0.548978 0.052396 0.834193 -0.074384 -0.042245 0.998497 -0.034914 103.000694 -0.834769 -0.016074 0.550366 5.618785 0.000000 0.000000 0.000000 1.000000
0.537795 0.049115 0.841644 0.030380 -0.045602 0.998535 -0.029131 103.264000 -0.841841 -0.022714 0.539247 4.720681 0.000000 0.000000 0.000000 1.000000
0.532176 0.048120 0.845265 0.100196 -0.048617 0.998473 -0.026233 103.489281 -0.845236 -0.027134 0.533703 4.076274 0.000000 0.000000 0.000000 1.000000
0.529094 0.048346 0.847185 0.133482 -0.051172 0.998377 -0.025016 103.650948 -0.847019 -0.030116 0.530709 3.637954 0.000000 0.000000 0.000000 1.000000
0.526898 0.049061 0.848511 0.180603 -0.053617 0.998263 -0.024425 103.803253 -0.848236 -0.032625 0.528613 3.220278 0.000000 0.000000 0.000000 1.000000
0.525338 0.050162 0.849414 0.246271 -0.056045 0.998133 -0.024282 103.958893 -0.849046 -0.034849 0.527168 2.799803 0.000000 0.000000 0.000000 1.000000
0.524296 0.051560 0.849974 0.312943 -0.058449 0.997990 -0.024486 104.119690 -0.849528 -0.036843 0.526256 2.382647 0.000000 0.000000 0.000000 1.000000
0.523652 0.053155 0.850272 0.378182 -0.060800 0.997838 -0.024936 104.279877 -0.849760 -0.038639 0.525752 1.975673 0.000000 0.000000 0.000000 1.000000
0.523321 0.054817 0.850371 0.442706 -0.063022 0.997686 -0.025530 104.431541 -0.849802 -0.040231 0.525564 1.585808 0.000000 0.000000 0.000000 1.000000
0.523083 0.056420 0.850412 0.491792 -0.065035 0.997540 -0.026178 104.573242 -0.849797 -0.041614 0.525465 1.221894 0.000000 0.000000 0.000000 1.000000
0.522864 0.057853 0.850451 0.506950 -0.066805 0.997407 -0.026778 104.707581 -0.849795 -0.042813 0.525372 0.892846 0.000000 0.000000 0.000000 1.000000
0.522667 0.059037 0.850490 0.507475 -0.068348 0.997290 -0.027224 104.831100 -0.849793 -0.043900 0.525286 0.602177 0.000000 0.000000 0.000000 1.000000
0.522521 0.059851 0.850523 0.507179 -0.069480 0.997205 -0.027488 104.923683 -0.849791 -0.044731 0.525219 0.385924 0.000000 0.000000 0.000000 1.000000
0.522498 0.060088 0.850520 0.490879 -0.069655 0.997188 -0.027659 104.933159 -0.849790 -0.044791 0.525214 0.353311 0.000000 0.000000 0.000000 1.000000</float_array><technique_common><accessor source="#Hips-Matrix-animation-output-transform-array" count="70" stride="16"><param type="float4x4"/></accessor></technique_common></source><source id="Hips-Interpolations"><Name_array id="Hips-Interpolations-array" count="70">
 LINEAR LINEAR LINEAR LINEAR LINEAR LINEAR LINEAR LINEAR LINEAR LINEAR LINEAR
LINEAR LINEAR LINEAR LINEAR LINEAR LINEAR LINEAR LINEAR LINEAR LINEAR LINEAR LINEAR
LINEAR LINEAR LINEAR LINEAR LINEAR LINEAR LINEAR LINEAR LINEAR LINEAR LINEAR LINEAR
LINEAR LINEAR LINEAR LINEAR LINEAR LINEAR LINEAR LINEAR LINEAR LINEAR LINEAR LINEAR
LINEAR LINEAR LINEAR LINEAR LINEAR LINEAR LINEAR LINEAR LINEAR LINEAR LINEAR LINEAR
LINEAR LINEAR LINEAR LINEAR LINEAR LINEAR LINEAR LINEAR LINEAR LINEAR LINEAR</Name_array><technique_common><accessor source="#Hips-Interpolations-array" count="70"><param type="name"/></accessor></technique_common></source><sampler id="Hips-Matrix-animation-transform"><input semantic="INPUT" source="#Hips-Matrix-animation-input"/><input semantic="OUTPUT" source="#Hips-Matrix-animation-output-transform"/><input semantic="INTERPOLATION" source="#Hips-Interpolations"/></sampler><channel source="#Hips-Matrix-animation-transform" target="Hips/matrix"/></animation>
    <animation id="Spine-anim" name="Spine"><source id="Spine-Matrix-animation-input"><float_array id="Spine-Matrix-animation-input-array" count="70">

0.000000 0.033333 0.066667 0.100000 0.133333 0.166667 0.200000 0.233333 0.266667 0.300000 0.333333 0.366667 0.400000 0.433333 0.466667 0.500000
0.533333 0.566667 0.600000 0.633333 0.666667 0.700000 0.733333 0.766667 0.800000 0.833333 0.866667 0.900000 0.933333 0.966667 1.000000 1.033333
1.066667 1.100000 1.133333 1.166667 1.200000 1.233333 1.266667 1.300000 1.333333 1.366667 1.400000 1.433333 1.466667 1.500000 1.533333 1.566667
1.600000 1.633333 1.666667 1.700000 1.733333 1.766667 1.800000 1.833333 1.866667 1.900000 1.933333 1.966667 2.000000 2.033333 2.066667 2.100000
2.133333 2.166667 2.200000 2.233333 2.266667 2.300000</float_array><technique_common><accessor source="#Spine-Matrix-animation-input-array" count="70"><param name="TIME" type="float"/></accessor></technique_common></source><source id="Spine-Matrix-animation-output-transform"><float_array id="Spine-Matrix-animation-output-transform-array" count="1120">

0.998820 -0.048520 -0.002054 -0.006600 0.047199 0.979848 -0.194090 10.822600 0.011430 0.193764 0.980982 -0.430700 0.000000 0.000000 0.000000 1.000000
0.998885 -0.047147 -0.002605 -0.006600 0.045747 0.979949 -0.193927 10.822600 0.011696 0.193592 0.981012 -0.430700 0.000000 0.000000 0.000000 1.000000
0.998945 -0.045813 -0.003304 -0.006600 0.044294 0.979863 -0.194698 10.822600 0.012157 0.194346 0.980858 -0.430700 0.000000 0.000000 0.000000 1.000000
0.999045 -0.043318 -0.005647 -0.006600 0.041391 0.979985 -0.194723 10.822600 0.013969 0.194303 0.980842 -0.430700 0.000000 0.000000 0.000000 1.000000
0.999134 -0.040564 -0.009237 -0.006600 0.038012 0.980360 -0.193519 10.822600 0.016906 0.193000 0.981053 -0.430700 0.000000 0.000000 0.000000 1.000000
0.999281 -0.035443 -0.013497 -0.006600 0.032154 0.980452 -0.194114 10.822600 0.020113 0.193541 0.980886 -0.430700 0.000000 0.000000 0.000000 1.000000
0.999441 -0.028268 -0.017841 -0.006600 0.024242 0.980423 -0.195407 10.822600 0.023015 0.194866 0.980560 -0.430700 0.000000 0.000000 0.000000 1.000000
0.999585 -0.021230 -0.019479 -0.006600 0.017015 0.980546 -0.195550 10.822600 0.023252 0.195138 0.980500 -0.430700 0.000000 0.000000 0.000000 1.000000
0.999729 -0.014110 -0.018492 -0.006600 0.010224 0.980644 -0.195534 10.822600 0.020893 0.195292 0.980522 -0.430700 0.000000 0.000000 0.000000 1.000000
0.999870 -0.005577 -0.015123 -0.006600 0.002508 0.980634 -0.195831 10.822600 0.015922 0.195768 0.980521 -0.430700 0.000000 0.000000 0.000000 1.000000
0.999961 0.002858 -0.008409 -0.006600 -0.004439 0.980888 -0.194521 10.822600 0.007692 0.194551 0.980862 -0.430700 0.000000 0.000000 0.000000 1.000000
0.999951 0.009876 0.000782 -0.006600 -0.009543 0.981413 -0.191670 10.822600 -0.002660 0.191654 0.981459 -0.430700 0.000000 0.000000 0.000000 1.000000
0.999798 0.016625 0.011253 -0.006600 -0.014201 0.981883 -0.188954 10.822600 -0.014190 0.188756 0.981921 -0.430700 0.000000 0.000000 0.000000 1.000000
0.999501 0.024392 0.020054 -0.006600 -0.020225 0.982217 -0.186656 10.822600 -0.024251 0.186158 0.982221 -0.430700 0.000000 0.000000 0.000000 1.000000
0.999126 0.032108 0.026777 -0.006600 -0.026668 0.982700 -0.183276 10.822600 -0.032199 0.182402 0.982697 -0.430700 0.000000 0.000000 0.000000 1.000000
0.998805 0.037131 0.031768 -0.006600 -0.030866 0.983377 -0.178931 10.822600 -0.037884 0.177737 0.983349 -0.430700 0.000000 0.000000 0.000000 1.000000
0.998603 0.039607 0.034977 -0.006600 -0.032952 0.984242 -0.173728 10.822600 -0.041306 0.172333 0.984172 -0.430700 0.000000 0.000000 0.000000 1.000000
0.998553 0.041670 0.033984 -0.006600 -0.035410 0.985220 -0.167592 10.822600 -0.040465 0.166146 0.985271 -0.430700 0.000000 0.000000 0.000000 1.000000
0.998629 0.050156 0.014974 -0.006600 -0.047051 0.985488 -0.163096 10.822600 -0.022937 0.162168 0.986496 -0.430700 0.000000 0.000000 0.000000 1.000000
0.996833 0.075246 -0.025712 -0.006600 -0.078359 0.984541 -0.156652 10.822600 0.013527 0.158171 0.987319 -0.430700 0.000000 0.000000 0.000000 1.000000
0.994770 0.091605 -0.045176 -0.006600 -0.097007 0.985784 -0.137186 10.822600 0.031966 0.140851 0.989515 -0.430700 0.000000 0.000000 0.000000 1.000000
0.995865 0.080909 -0.041317 -0.006600 -0.085434 0.988717 -0.123047 10.822600 0.030895 0.126068 0.991540 -0.430700 0.000000 0.000000 0.000000 1.000000
0.997301 0.057144 -0.046099 -0.006600 -0.062478 0.990307 -0.124054 10.822600 0.038563 0.126599 0.991204 -0.430700 0.000000 0.000000 0.000000 1.000000
0.997160 0.038008 -0.065020 -0.006600 -0.046009 0.990919 -0.126344 10.822600 0.059627 0.128977 0.989853 -0.430700 0.000000 0.000000 0.000000 1.000000
0.995375 0.030152 -0.091216 -0.006600 -0.041319 0.991531 -0.123124 10.822600 0.086731 0.126324 0.988190 -0.430700 0.000000 0.000000 0.000000 1.000000
0.994387 0.020560 -0.103783 -0.006600 -0.032876 0.992423 -0.118389 10.822600 0.100563 0.121136 0.987529 -0.430700 0.000000 0.000000 0.000000 1.000000
0.994001 0.016663 -0.108092 -0.006600 -0.029545 0.992491 -0.118695 10.822600 0.105303 0.121177 0.987030 -0.430700 0.000000 0.000000 0.000000 1.000000
0.993045 0.013184 -0.116995 -0.006600 -0.027655 0.992029 -0.122939 10.822600 0.114442 0.125319 0.985494 -0.430700 0.000000 0.000000 0.000000 1.000000
0.990865 0.010153 -0.134472 -0.006600 -0.027212 0.991703 -0.125638 10.822600 0.132080 0.128150 0.982920 -0.430700 0.000000 0.000000 0.000000 1.000000
0.988880 0.007443 -0.148528 -0.006600 -0.026402 0.991667 -0.126090 10.822600 0.146352 0.128610 0.980837 -0.430700 0.000000 0.000000 0.000000 1.000000
0.988218 0.004764 -0.152977 -0.006600 -0.024845 0.991251 -0.129630 10.822600 0.151021 0.131903 0.979691 -0.430700 0.000000 0.000000 0.000000 1.000000
0.988287 0.003382 -0.152568 -0.006600 -0.024012 0.990747 -0.133581 10.822600 0.150705 0.135680 0.979224 -0.430700 0.000000 0.000000 0.000000 1.000000
0.988524 0.001740 -0.151054 -0.006600 -0.022333 0.990629 -0.134739 10.822600 0.149404 0.136566 0.979300 -0.430700 0.000000 0.000000 0.000000 1.000000
0.988814 -0.000081 -0.149153 -0.006600 -0.020404 0.990525 -0.135809 10.822600 0.147751 0.137333 0.979443 -0.430700 0.000000 0.000000 0.000000 1.000000
0.989148 -0.000672 -0.146918 -0.006600 -0.019880 0.990181 -0.138372 10.822600 0.145569 0.139791 0.979422 -0.430700 0.000000 0.000000 0.000000 1.000000
0.989415 -0.000996 -0.145110 -0.006600 -0.019581 0.989915 -0.140306 10.822600 0.143786 0.141662 0.979417 -0.430700 0.000000 0.000000 0.000000 1.000000
0.989670 -0.002321 -0.143347 -0.006600 -0.018146 0.989799 -0.141311 10.822600 0.142213 0.142453 0.979532 -0.430700 0.000000 0.000000 0.000000 1.000000
0.990272 -0.003319 -0.139103 -0.006600 -0.016816 0.989533 -0.143323 10.822600 0.138123 0.144268 0.979851 -0.430700 0.000000 0.000000 0.000000 1.000000
0.991210 -0.002602 -0.132273 -0.006600 -0.016850 0.989180 -0.145733 10.822600 0.131221 0.146681 0.980442 -0.430700 0.000000 0.000000 0.000000 1.000000
0.991987 -0.001605 -0.126329 -0.006600 -0.016976 0.989158 -0.145871 10.822600 0.125193 0.146847 0.981205 -0.430700 0.000000 0.000000 0.000000 1.000000
0.992568 -0.000613 -0.121694 -0.006600 -0.017344 0.989067 -0.146444 10.822600 0.120453 0.147466 0.981705 -0.430700 0.000000 0.000000 0.000000 1.000000
0.993376 -0.000598 -0.114903 -0.006600 -0.016423 0.988981 -0.147126 10.822600 0.113725 0.148038 0.982421 -0.430700 0.000000 0.000000 0.000000 1.000000
0.994282 -0.002077 -0.106764 -0.006600 -0.013746 0.989003 -0.147255 10.822600 0.105896 0.147881 0.983320 -0.430700 0.000000 0.000000 0.000000 1.000000
0.994813 -0.005133 -0.101593 -0.006600 -0.010046 0.988886 -0.148334 10.822600 0.101225 0.148585 0.983705 -0.430700 0.000000 0.000000 0.000000 1.000000
0.995159 -0.007783 -0.097971 -0.006600 -0.007141 0.988499 -0.151061 10.822600 0.098020 0.151029 0.983658 -0.430700 0.000000 0.000000 0.000000 1.000000
0.995431 -0.008930 -0.095067 -0.006600 -0.005729 0.988237 -0.152821 10.822600 0.095314 0.152667 0.983671 -0.430700 0.000000 0.000000 0.000000 1.000000
0.995767 -0.011728 -0.091162 -0.006600 -0.002378 0.988206 -0.153113 10.822600 0.091882 0.152682 0.983995 -0.430700 0.000000 0.000000 0.000000 1.000000
0.996236 -0.016840 -0.085034 -0.006600 0.003606 0.988150 -0.153446 10.822600 0.086611 0.152562 0.984491 -0.430700 0.000000 0.000000 0.000000 1.000000
0.996755 -0.022667 -0.077241 -0.006600 0.010456 0.987864 -0.154966 10.822600 0.079816 0.153655 0.984896 -0.430700 0.000000 0.000000 0.000000 1.000000
0.997339 -0.028266 -0.067208 -0.006600 0.017399 0.987431 -0.157092 10.822600 0.070803 0.155504 0.985295 -0.430700 0.000000 0.000000 0.000000 1.000000
0.997825 -0.032680 -0.057244 -0.006600 0.023163 0.986902 -0.159650 10.822600 0.061712 0.157977 0.985513 -0.430700 0.000000 0.000000 0.000000 1.000000
0.998210 -0.034973 -0.048523 -0.006600 0.026647 0.986313 -0.162718 10.822600 0.053549 0.161133 0.985479 -0.430700 0.000000 0.000000 0.000000 1.000000
0.998496 -0.036578 -0.040831 -0.006600 0.029357 0.985821 -0.165210 10.822600 0.046295 0.163763 0.985413 -0.430700 0.000000 0.000000 0.000000 1.000000
0.998661 -0.039002 -0.033994 -0.006600 0.032792 0.985378 -0.167195 10.822600 0.040018 0.165856 0.985338 -0.430700 0.000000 0.000000 0.000000 1.000000
0.998735 -0.041199 -0.028833 -0.006600 0.035730 0.984859 -0.169633 10.822600 0.035385 0.168388 0.985085 -0.430700 0.000000 0.000000 0.000000 1.000000
0.998791 -0.042580 -0.024549 -0.006600 0.037727 0.984319 -0.172314 10.822600 0.031501 0.171179 0.984736 -0.430700 0.000000 0.000000 0.000000 1.000000
0.998852 -0.043546 -0.019943 -0.006600 0.039396 0.983785 -0.174970 10.822600 0.027238 0.173983 0.984372 -0.430700 0.000000 0.000000 0.000000 1.000000
0.998875 -0.044630 -0.016055 -0.006600 0.041076 0.983239 -0.177634 10.822600 0.023714 0.176775 0.983966 -0.430700 0.000000 0.000000 0.000000 1.000000
0.998862 -0.045717 -0.013589 -0.006600 0.042530 0.982737 -0.180055 10.822600 0.021586 0.179272 0.983563 -0.430700 0.000000 0.000000 0.000000 1.000000
0.998835 -0.046551 -0.012732 -0.006600 0.043458 0.982306 -0.182169 10.822600 0.020987 0.181404 0.983185 -0.430700 0.000000 0.000000 0.000000 1.000000
0.998831 -0.046978 -0.011389 -0.006600 0.044083 0.981914 -0.184125 10.822600 0.019833 0.183408 0.982837 -0.430700 0.000000 0.000000 0.000000 1.000000
0.998848 -0.047125 -0.009069 -0.006600 0.044621 0.981558 -0.185883 10.822600 0.017662 0.185264 0.982530 -0.430700 0.000000 0.000000 0.000000 1.000000
0.998859 -0.047209 -0.007175 -0.006600 0.045033 0.981270 -0.187298 10.822600 0.015883 0.186761 0.982277 -0.430700 0.000000 0.000000 0.000000 1.000000
0.998863 -0.047319 -0.005779 -0.006600 0.045383 0.981020 -0.188521 10.822600 0.014590 0.188044 0.982052 -0.430700 0.000000 0.000000 0.000000 1.000000
0.998860 -0.047509 -0.004576 -0.006600 0.045778 0.980744 -0.189859 10.822600 0.013508 0.189433 0.981801 -0.430700 0.000000 0.000000 0.000000 1.000000
0.998856 -0.047681 -0.003521 -0.006600 0.046129 0.980467 -0.191199 10.822600 0.012568 0.190818 0.981545 -0.430700 0.000000 0.000000 0.000000 1.000000
0.998849 -0.047870 -0.002884 -0.006600 0.046426 0.980299 -0.191988 10.822600 0.012018 0.191633 0.981393 -0.430700 0.000000 0.000000 0.000000 1.000000
0.998842 -0.048047 -0.002473 -0.006600 0.046673 0.980184 -0.192511 10.822600 0.011673 0.192173 0.981292 -0.430700 0.000000 0.000000 0.000000 1.000000
0.998838 -0.048152 -0.002229 -0.006600 0.046818 0.980104 -0.192886 10.822600 0.011473 0.192557 0.981219 -0.430700 0.000000 0.000000 0.000000 1.000000
0.998820 -0.048522 -0.002094 -0.006600 0.047193 0.979848 -0.194091 10.822600 0.011470 0.193763 0.980981 -0.430700 0.000000 0.000000 0.000000 1.000000</float_array><technique_common><accessor source="#Spine-Matrix-animation-output-transform-array" count="70" stride="16"><param type="float4x4"/></accessor></technique_common></source><source id="Spine-Interpolations"><Name_array id="Spine-Interpolations-array" count="70">
 LINEAR LINEAR LINEAR LINEAR LINEAR LINEAR LINEAR LINEAR LINEAR LINEAR LINEAR
LINEAR LINEAR LINEAR LINEAR LINEAR LINEAR LINEAR LINEAR LINEAR LINEAR LINEAR LINEAR
LINEAR LINEAR LINEAR LINEAR LINEAR LINEAR LINEAR LINEAR LINEAR LINEAR LINEAR LINEAR
LINEAR LINEAR LINEAR LINEAR LINEAR LINEAR LINEAR LINEAR LINEAR LINEAR LINEAR LINEAR
LINEAR LINEAR LINEAR LINEAR LINEAR LINEAR LINEAR LINEAR LINEAR LINEAR LINEAR LINEAR
LINEAR LINEAR LINEAR LINEAR LINEAR LINEAR LINEAR LINEAR LINEAR LINEAR LINEAR</Name_array><technique_common><accessor source="#Spine-Interpolations-array" count="70"><param type="name"/></accessor></technique_common></source><sampler id="Spine-Matrix-animation-transform"><input semantic="INPUT" source="#Spine-Matrix-animation-input"/><input semantic="OUTPUT" source="#Spine-Matrix-animation-output-transform"/><input semantic="INTERPOLATION" source="#Spine-Interpolations"/></sampler><channel source="#Spine-Matrix-animation-transform" target="Spine/matrix"/></animation>
    <animation id="Spine1-anim" name="Spine1"><source id="Spine1-Matrix-animation-input"><float_array id="Spine1-Matrix-animation-input-array" count="70">

0.000000 0.033333 0.066667 0.100000 0.133333 0.166667 0.200000 0.233333 0.266667 0.300000 0.333333 0.366667 0.400000 0.433333 0.466667 0.500000
0.533333 0.566667 0.600000 0.633333 0.666667 0.700000 0.733333 0.766667 0.800000 0.833333 0.866667 0.900000 0.933333 0.966667 1.000000 1.033333
1.066667 1.100000 1.133333 1.166667 1.200000 1.233333 1.266667 1.300000 1.333333 1.366667 1.400000 1.433333 1.466667 1.500000 1.533333 1.566667
1.600000 1.633333 1.666667 1.700000 1.733333 1.766667 1.800000 1.833333 1.866667 1.900000 1.933333 1.966667 2.000000 2.033333 2.066667 2.100000
2.133333 2.166667 2.200000 2.233333 2.266667 2.300000</float_array><technique_common><accessor source="#Spine1-Matrix-animation-input-array" count="70"><param name="TIME" type="float"/></accessor></technique_common></source><source id="Spine1-Matrix-animation-output-transform"><float_array id="Spine1-Matrix-animation-output-transform-array" count="1120">

0.995240 -0.097449 -0.000483 -0.000000 0.096325 0.984483 -0.146680 12.626300 0.014770 0.145936 0.989184 -0.211200 0.000000 0.000000 0.000000 1.000000
0.995501 -0.094734 -0.001703 0.000000 0.093465 0.984802 -0.146389 12.626300 0.015545 0.145571 0.989226 -0.211200 0.000000 0.000000 0.000000 1.000000
0.995742 -0.092133 -0.003151 0.000000 0.090655 0.984828 -0.147968 12.626300 0.016736 0.147052 0.988987 -0.211200 0.000000 0.000000 0.000000 1.000000
0.996128 -0.087561 -0.007927 -0.000000 0.085428 0.985273 -0.148121 12.626300 0.020780 0.146870 0.988938 -0.211200 0.000000 0.000000 0.000000 1.000000
0.996438 -0.082957 -0.015118 0.000000 0.079881 0.986078 -0.145842 12.626300 0.027006 0.144115 0.989192 -0.211200 0.000000 0.000000 0.000000 1.000000
0.996976 -0.074037 -0.023610 -0.000000 0.069784 0.986644 -0.147188 12.626300 0.034193 0.145095 0.988827 -0.211200 0.000000 0.000000 0.000000 1.000000
0.997597 -0.061271 -0.032336 -0.000000 0.055770 0.987130 -0.149879 12.626300 0.041103 0.147716 0.988175 -0.211200 0.000000 0.000000 0.000000 1.000000
0.998170 -0.048847 -0.035632 0.000000 0.042977 0.987730 -0.150142 12.626300 0.042528 0.148336 0.988022 -0.211200 0.000000 0.000000 0.000000 1.000000
0.998779 -0.036097 -0.033733 0.000000 0.030649 0.988211 -0.150002 12.626300 0.038750 0.148784 0.988110 -0.211200 0.000000 0.000000 0.000000 1.000000
0.999427 -0.020063 -0.027246 0.000000 0.015742 0.988496 -0.150428 12.626300 0.029950 0.149913 0.988245 -0.211200 0.000000 0.000000 0.000000 1.000000
0.999893 -0.003342 -0.014222 0.000000 0.001206 0.989044 -0.147617 12.626300 0.014560 0.147584 0.988942 -0.211200 0.000000 0.000000 0.000000 1.000000
0.999930 0.011208 0.003771 0.000000 -0.010560 0.989841 -0.141784 12.626300 -0.005322 0.141734 0.989890 -0.211200 0.000000 0.000000 0.000000 1.000000
0.999377 0.025628 0.024261 0.000000 -0.022088 0.990414 -0.136354 12.626300 -0.027523 0.135733 0.990363 -0.211200 0.000000 0.000000 0.000000 1.000000
0.998261 0.042053 0.041317 0.000000 -0.036270 0.990596 -0.131928 12.626300 -0.046476 0.130200 0.990398 -0.211200 0.000000 0.000000 0.000000 1.000000
0.996832 0.058173 0.054236 0.000000 -0.050996 0.990792 -0.125419 12.626300 -0.061032 0.122256 0.990620 -0.211200 0.000000 0.000000 0.000000 1.000000
0.995587 0.068763 0.063856 0.000000 -0.060964 0.991266 -0.116941 12.626300 -0.071339 0.112533 0.991084 -0.211200 0.000000 0.000000 0.000000 1.000000
0.994779 0.074281 0.069979 0.000000 -0.066576 0.992065 -0.106653 12.626300 -0.077346 0.101437 0.991831 -0.211200 0.000000 0.000000 0.000000 1.000000
0.994564 0.079179 0.067631 0.000000 -0.072630 0.992885 -0.094358 12.626300 -0.074621 0.088933 0.993238 -0.211200 0.000000 0.000000 0.000000 1.000000
0.994992 0.095553 0.029320 0.000000 -0.092776 0.992076 -0.084726 12.626300 -0.037184 0.081581 0.995973 -0.211200 0.000000 0.000000 0.000000 1.000000
0.988201 0.143942 -0.052334 -0.000000 -0.147388 0.986644 -0.069355 12.626300 0.041652 0.076250 0.996218 -0.211200 0.000000 0.000000 0.000000 1.000000
0.980259 0.176514 -0.089080 0.000000 -0.179631 0.983329 -0.028220 12.626300 0.082613 0.043665 0.995625 -0.211200 0.000000 0.000000 0.000000 1.000000
0.984515 0.157002 -0.077982 0.000000 -0.157524 0.987515 -0.000546 12.626300 0.076923 0.012821 0.996955 -0.211200 0.000000 0.000000 0.000000 1.000000
0.990252 0.110409 -0.084915 0.000000 -0.111091 0.993805 -0.003336 12.626300 0.084021 0.012737 0.996383 -0.211200 0.000000 0.000000 0.000000 1.000000
0.990075 0.072151 -0.120606 0.000000 -0.073697 0.997245 -0.008403 12.626300 0.119668 0.017208 0.992665 -0.211200 0.000000 0.000000 0.000000 1.000000
0.983663 0.056838 -0.170809 0.000000 -0.058067 0.998310 -0.002207 12.626300 0.170395 0.012089 0.985302 -0.211200 0.000000 0.000000 0.000000 1.000000
0.980179 0.038737 -0.194291 0.000000 -0.038214 0.999249 0.006441 12.626300 0.194395 0.001111 0.980923 -0.211200 0.000000 0.000000 0.000000 1.000000
0.978891 0.031402 -0.201957 0.000000 -0.030938 0.999506 0.005454 12.626300 0.202029 0.000909 0.979379 -0.211200 0.000000 0.000000 0.000000 1.000000
0.975456 0.024047 -0.218877 0.000000 -0.025436 0.999670 -0.003530 12.626300 0.218720 0.009011 0.975746 -0.211200 0.000000 0.000000 0.000000 1.000000
0.967439 0.017593 -0.252492 0.000000 -0.020694 0.999739 -0.009631 12.626300 0.252257 0.014543 0.967551 -0.211200 0.000000 0.000000 0.000000 1.000000
0.960197 0.012132 -0.279060 -0.000000 -0.015901 0.999810 -0.011246 12.626300 0.278871 0.015236 0.960208 -0.211200 0.000000 0.000000 0.000000 1.000000
0.957924 0.006438 -0.286951 0.000000 -0.012342 0.999748 -0.018770 12.626300 0.286757 0.021521 0.957761 -0.211200 0.000000 0.000000 0.000000 1.000000
0.958324 0.003369 -0.285662 0.000000 -0.011493 0.999576 -0.026766 12.626300 0.285451 0.028934 0.957957 -0.211200 0.000000 0.000000 0.000000 1.000000
0.959295 0.000253 -0.282405 -0.000000 -0.008862 0.999534 -0.029206 12.626300 0.282266 0.030520 0.958851 -0.211200 0.000000 0.000000 0.000000 1.000000
0.960404 -0.003322 -0.278590 -0.000000 -0.005684 0.999487 -0.031511 12.626300 0.278552 0.031847 0.959893 -0.211200 0.000000 0.000000 0.000000 1.000000
0.961599 -0.004964 -0.274414 0.000000 -0.005303 0.999314 -0.036659 12.626300 0.274408 0.036706 0.960913 -0.211200 0.000000 0.000000 0.000000 1.000000
0.962446 -0.006297 -0.271402 -0.000000 -0.004910 0.999164 -0.040594 12.626300 0.271430 0.040402 0.961610 -0.211200 0.000000 0.000000 0.000000 1.000000
0.963183 -0.009573 -0.268677 0.000000 -0.002020 0.999080 -0.042836 12.626300 0.268840 0.041802 0.962277 -0.211200 0.000000 0.000000 0.000000 1.000000
0.965192 -0.012354 -0.261249 -0.000000 0.000073 0.998896 -0.046969 12.626300 0.261541 0.045315 0.964128 -0.211200 0.000000 0.000000 0.000000 1.000000
0.968430 -0.011569 -0.249018 0.000000 -0.001328 0.998669 -0.051559 12.626300 0.249283 0.050262 0.967125 -0.211200 0.000000 0.000000 0.000000 1.000000
0.971027 -0.010275 -0.238749 -0.000000 -0.002137 0.998662 -0.051670 12.626300 0.238960 0.050683 0.969706 -0.211200 0.000000 0.000000 0.000000 1.000000
0.972848 -0.009207 -0.231260 0.000000 -0.003083 0.998604 -0.052728 12.626300 0.231423 0.052009 0.971462 -0.211200 0.000000 0.000000 0.000000 1.000000
0.975549 -0.009776 -0.219563 0.000000 -0.002150 0.998538 -0.054009 12.626300 0.219770 0.053160 0.974102 -0.211200 0.000000 0.000000 0.000000 1.000000
0.978656 -0.013217 -0.205081 0.000000 0.002106 0.998522 -0.054301 12.626300 0.205496 0.052710 0.977238 -0.211200 0.000000 0.000000 0.000000 1.000000
0.980345 -0.020168 -0.196259 -0.000000 0.009178 0.998347 -0.056743 12.626300 0.197079 0.053826 0.978909 -0.211200 0.000000 0.000000 0.000000 1.000000
0.981425 -0.025062 -0.190204 -0.000000 0.013416 0.997969 -0.062270 12.626300 0.191379 0.058562 0.979768 -0.211200 0.000000 0.000000 0.000000 1.000000
0.982283 -0.026811 -0.185476 0.000000 0.014821 0.997727 -0.065729 12.626300 0.186817 0.061815 0.980448 -0.211200 0.000000 0.000000 0.000000 1.000000
0.983419 -0.031934 -0.178512 0.000000 0.020343 0.997586 -0.066392 12.626300 0.180202 0.061659 0.981695 -0.211200 0.000000 0.000000 0.000000 1.000000
0.985104 -0.041686 -0.166830 0.000000 0.030811 0.997260 -0.067253 12.626300 0.169177 0.061111 0.983689 -0.211200 0.000000 0.000000 0.000000 1.000000
0.987026 -0.052937 -0.151582 0.000000 0.042633 0.996605 -0.070439 12.626300 0.154797 0.063062 0.985932 -0.211200 0.000000 0.000000 0.000000 1.000000
0.989249 -0.063498 -0.131735 0.000000 0.053977 0.995749 -0.074633 12.626300 0.135914 0.066720 0.988471 -0.211200 0.000000 0.000000 0.000000 1.000000
0.991146 -0.071354 -0.111974 -0.000000 0.062637 0.994863 -0.079529 12.626300 0.117074 0.071811 0.990524 -0.211200 0.000000 0.000000 0.000000 1.000000
0.992672 -0.075163 -0.094617 0.000000 0.067132 0.994084 -0.085379 12.626300 0.100474 0.078402 0.991846 -0.211200 0.000000 0.000000 0.000000 1.000000
0.993804 -0.077968 -0.079207 0.000000 0.070756 0.993415 -0.090109 12.626300 0.085711 0.083946 0.992777 -0.211200 0.000000 0.000000 0.000000 1.000000
0.994445 -0.082469 -0.065405 -0.000000 0.076148 0.992668 -0.093871 12.626300 0.072667 0.088369 0.993434 -0.211200 0.000000 0.000000 0.000000 1.000000
0.994734 -0.086522 -0.054940 0.000000 0.080824 0.991839 -0.098602 12.626300 0.063023 0.093642 0.993609 -0.211200 0.000000 0.000000 0.000000 1.000000
0.994975 -0.088797 -0.046266 0.000000 0.083621 0.991074 -0.103822 12.626300 0.055072 0.099432 0.993519 -0.211200 0.000000 0.000000 0.000000 1.000000
0.995237 -0.090201 -0.036981 0.000000 0.085709 0.990344 -0.108966 12.626300 0.046453 0.105277 0.993357 -0.211200 0.000000 0.000000 0.000000 1.000000
0.995341 -0.091914 -0.029113 0.000000 0.088040 0.989553 -0.114165 12.626300 0.039302 0.111071 0.993035 -0.211200 0.000000 0.000000 0.000000 1.000000
0.995308 -0.093713 -0.024076 -0.000000 0.090223 0.988794 -0.118937 12.626300 0.034952 0.116206 0.992610 -0.211200 0.000000 0.000000 0.000000 1.000000
0.995208 -0.095217 -0.022241 0.000000 0.091787 0.988132 -0.123165 12.626300 0.033705 0.120533 0.992137 -0.211200 0.000000 0.000000 0.000000 1.000000
0.995192 -0.095992 -0.019437 0.000000 0.092773 0.987548 -0.127048 12.626300 0.031391 0.124634 0.991706 -0.211200 0.000000 0.000000 0.000000 1.000000
0.995263 -0.096102 -0.014715 0.000000 0.093379 0.987044 -0.130478 12.626300 0.027063 0.128486 0.991342 -0.211200 0.000000 0.000000 0.000000 1.000000
0.995320 -0.096019 -0.010899 0.000000 0.093723 0.986643 -0.133238 12.626300 0.023547 0.131592 0.991024 -0.211200 0.000000 0.000000 0.000000 1.000000
0.995356 -0.095921 -0.008107 0.000000 0.093943 0.986295 -0.135634 12.626300 0.021006 0.134243 0.990726 -0.211200 0.000000 0.000000 0.000000 1.000000
0.995366 -0.095990 -0.005695 0.000000 0.094286 0.985896 -0.138273 12.626300 0.018888 0.137096 0.990378 -0.211200 0.000000 0.000000 0.000000 1.000000
0.995366 -0.096098 -0.003555 0.000000 0.094641 0.985486 -0.140924 12.626300 0.017046 0.139935 0.990014 -0.211200 0.000000 0.000000 0.000000 1.000000
0.995345 -0.096348 -0.002255 0.000000 0.095045 0.985223 -0.142484 12.626300 0.015950 0.141606 0.989795 -0.211200 0.000000 0.000000 0.000000 1.000000
0.995322 -0.096607 -0.001416 0.000000 0.095405 0.985038 -0.143518 12.626300 0.015259 0.142712 0.989647 -0.211200 0.000000 0.000000 0.000000 1.000000
0.995309 -0.096742 -0.000915 0.000000 0.095598 0.984911 -0.144262 12.626300 0.014857 0.143498 0.989539 -0.211200 0.000000 0.000000 0.000000 1.000000
0.995243 -0.097425 -0.000395 -0.000000 0.096314 0.984485 -0.146672 12.626300 0.014678 0.145936 0.989185 -0.211200 0.000000 0.000000 0.000000 1.000000</float_array><technique_common><accessor source="#Spine1-Matrix-animation-output-transform-array" count="70" stride="16"><param type="float4x4"/></accessor></technique_common></source><source id="Spine1-Interpolations"><Name_array id="Spine1-Interpolations-array" count="70">
 LINEAR LINEAR LINEAR LINEAR LINEAR LINEAR LINEAR LINEAR LINEAR LINEAR LINEAR
LINEAR LINEAR LINEAR LINEAR LINEAR LINEAR LINEAR LINEAR LINEAR LINEAR LINEAR LINEAR
LINEAR LINEAR LINEAR LINEAR LINEAR LINEAR LINEAR LINEAR LINEAR LINEAR LINEAR LINEAR
LINEAR LINEAR LINEAR LINEAR LINEAR LINEAR LINEAR LINEAR LINEAR LINEAR LINEAR LINEAR
LINEAR LINEAR LINEAR LINEAR LINEAR LINEAR LINEAR LINEAR LINEAR LINEAR LINEAR LINEAR
LINEAR LINEAR LINEAR LINEAR LINEAR LINEAR LINEAR LINEAR LINEAR LINEAR LINEAR</Name_array><technique_common><accessor source="#Spine1-Interpolations-array" count="70"><param type="name"/></accessor></technique_common></source><sampler id="Spine1-Matrix-animation-transform"><input semantic="INPUT" source="#Spine1-Matrix-animation-input"/><input semantic="OUTPUT" source="#Spine1-Matrix-animation-output-transform"/><input semantic="INTERPOLATION" source="#Spine1-Interpolations"/></sampler><channel source="#Spine1-Matrix-animation-transform" target="Spine1/matrix"/></animation>
    <animation id="Spine2-anim" name="Spine2"><source id="Spine2-Matrix-animation-input"><float_array id="Spine2-Matrix-animation-input-array" count="70">

0.000000 0.033333 0.066667 0.100000 0.133333 0.166667 0.200000 0.233333 0.266667 0.300000 0.333333 0.366667 0.400000 0.433333 0.466667 0.500000
0.533333 0.566667 0.600000 0.633333 0.666667 0.700000 0.733333 0.766667 0.800000 0.833333 0.866667 0.900000 0.933333 0.966667 1.000000 1.033333
1.066667 1.100000 1.133333 1.166667 1.200000 1.233333 1.266667 1.300000 1.333333 1.366667 1.400000 1.433333 1.466667 1.500000 1.533333 1.566667
1.600000 1.633333 1.666667 1.700000 1.733333 1.766667 1.800000 1.833333 1.866667 1.900000 1.933333 1.966667 2.000000 2.033333 2.066667 2.100000
