<?xml version="1.0" encoding="utf-8"?>
<COLLADA xmlns="http://www.collada.org/2005/11/COLLADASchema" version="1.4.1">
  <asset><contributor><author>Mixamo</author><authoring_tool>COLLADA Mixamo exporter</authoring_tool><comments></comments></contributor><created>2020-08-05T15:28:49Z</created><modified>2020-08-05T15:28:49Z</modified><revision></revision><title></title><unit meter="0.010000"/><up_axis>Y_UP</up_axis></asset>
  <library_animations>
    <animation id="Hips-anim" name="Hips"><source id="Hips-Matrix-animation-input"><float_array id="Hips-Matrix-animation-input-array" count="82">

0.000000 0.033333 0.066667 0.100000 0.133333 0.166667 0.200000 0.233333 0.266667 0.300000 0.333333 0.366667 0.400000 0.433333 0.466667 0.500000
0.533333 0.566667 0.600000 0.633333 0.666667 0.700000 0.733333 0.766667 0.800000 0.833333 0.866667 0.900000 0.933333 0.966667 1.000000 1.033333
1.066667 1.100000 1.133333 1.166667 1.200000 1.233333 1.266667 1.300000 1.333333 1.366667 1.400000 1.433333 1.466667 1.500000 1.533333 1.566667
1.600000 1.633333 1.666667 1.700000 1.733333 1.766667 1.800000 1.833333 1.866667 1.900000 1.933333 1.966667 2.000000 2.033333 2.066667 2.100000
2.133333 2.166667 2.200000 2.233333 2.266667 2.300000 2.333333 2.366667 2.400000 2.433333 2.466667 2.500000 2.533333 2.566667 2.600000 2.633333
2.666667 2.700000</float_array><technique_common><accessor source="#Hips-Matrix-animation-input-array" count="82"><param name="TIME" type="float"/></accessor></technique_common></source><source id="Hips-Matrix-animation-output-transform"><float_array id="Hips-Matrix-animation-output-transform-array" count="1312">

0.522588 0.060127 0.850463 0.490476 -0.069667 0.997186 -0.027691 104.932724 -0.849734 -0.044778 0.525306 0.353374 0.000000 0.000000 0.000000 1.000000
0.529721 0.077410 0.844632 0.533759 -0.054082 0.996883 -0.057445 104.663803 -0.846446 -0.015250 0.532256 0.545272 0.000000 0.000000 0.000000 1.000000
0.547726 0.096352 0.831091 0.551278 -0.034085 0.995092 -0.092902 103.979950 -0.835963 0.022557 0.548321 0.811925 0.000000 0.000000 0.000000 1.000000
0.575449 0.112895 0.810008 0.641065 -0.010760 0.991386 -0.130530 103.089272 -0.817767 0.066397 0.571707 1.139659 0.000000 0.000000 0.000000 1.000000
0.611195 0.123156 0.781839 0.899197 0.014846 0.985862 -0.166899 102.184540 -0.791341 0.113615 0.600726 1.510349 0.000000 0.000000 0.000000 1.000000
0.664526 0.116076 0.738195 1.671306 0.045965 0.979642 -0.195419 101.374512 -0.745850 0.163792 0.645662 1.954943 0.000000 0.000000 0.000000 1.000000
0.730457 0.092520 0.676662 3.008538 0.071930 0.974849 -0.210940 100.536858 -0.679160 0.202755 0.705431 2.536802 0.000000 0.000000 0.000000 1.000000
0.794068 0.059494 0.604911 4.696267 0.091932 0.971994 -0.216277 99.649803 -0.600837 0.227349 0.766360 3.277520 0.000000 0.000000 0.000000 1.000000
0.846774 0.015615 0.531723 6.642504 0.113289 0.971344 -0.208940 98.832710 -0.519749 0.237164 0.820740 4.163304 0.000000 0.000000 0.000000 1.000000
0.889292 -0.026559 0.456568 8.751704 0.129298 0.972185 -0.195290 98.239937 -0.438682 0.232703 0.867990 5.248372 0.000000 0.000000 0.000000 1.000000
0.921947 -0.053940 0.383541 10.839546 0.134861 0.972994 -0.187338 97.890839 -0.363078 0.224440 0.904324 6.425622 0.000000 0.000000 0.000000 1.000000
0.944271 -0.072666 0.321049 12.761980 0.136066 0.974270 -0.179680 97.777222 -0.299732 0.213351 0.929861 7.466980 0.000000 0.000000 0.000000 1.000000
0.960626 -0.084337 0.264735 14.396573 0.132683 0.976401 -0.170402 97.906387 -0.244117 0.198819 0.949146 8.231971 0.000000 0.000000 0.000000 1.000000
0.974997 -0.090653 0.202889 15.720527 0.125923 0.977660 -0.168301 98.263939 -0.183099 0.189641 0.964630 8.759953 0.000000 0.000000 0.000000 1.000000
0.985390 -0.097182 0.139863 16.744389 0.120361 0.978381 -0.168179 98.759377 -0.120495 0.182556 0.975784 9.110916 0.000000 0.000000 0.000000 1.000000
0.990684 -0.102307 0.089878 17.479366 0.115716 0.980390 -0.159515 99.352951 -0.071796 0.168430 0.983095 9.278034 0.000000 0.000000 0.000000 1.000000
0.993262 -0.102202 0.054631 17.940567 0.109246 0.983065 -0.147132 99.997139 -0.038669 0.152109 0.987607 9.239780 0.000000 0.000000 0.000000 1.000000
0.994951 -0.096502 0.027562 18.115023 0.099341 0.986028 -0.133718 100.730675 -0.014273 0.135781 0.990636 9.000849 0.000000 0.000000 0.000000 1.000000
0.996190 -0.086776 0.008700 18.076399 0.087203 0.989715 -0.113403 101.673264 0.001230 0.113729 0.993511 8.392674 0.000000 0.000000 0.000000 1.000000
0.997169 -0.075184 0.000920 17.894213 0.074969 0.993239 -0.088630 102.781921 0.005750 0.088448 0.996064 7.434207 0.000000 0.000000 0.000000 1.000000
0.997933 -0.064247 0.001278 17.528854 0.064219 0.996403 -0.055283 103.968330 0.002279 0.055250 0.998470 6.230999 0.000000 0.000000 0.000000 1.000000
0.998360 -0.056930 0.006034 17.012659 0.056956 0.998368 -0.004213 105.211273 -0.005784 0.004550 0.999973 4.841888 0.000000 0.000000 0.000000 1.000000
0.998452 -0.052210 0.019159 16.387106 0.050920 0.996740 0.062576 106.456451 -0.022363 -0.061504 0.997856 3.329174 0.000000 0.000000 0.000000 1.000000
0.997909 -0.048323 0.042916 15.677929 0.042074 0.989792 0.136170 107.614815 -0.049058 -0.134079 0.989756 1.764739 0.000000 0.000000 0.000000 1.000000
0.996370 -0.047686 0.070519 14.904303 0.032219 0.978000 0.206103 108.528870 -0.078795 -0.203083 0.975986 0.243405 0.000000 0.000000 0.000000 1.000000
0.993968 -0.047949 0.098635 13.991728 0.020370 0.964429 0.263556 109.121536 -0.107764 -0.259957 0.959588 -1.080150 0.000000 0.000000 0.000000 1.000000
0.991843 -0.046776 0.118575 12.996521 0.008726 0.952969 0.302943 109.399467 -0.127169 -0.299437 0.945603 -2.007385 0.000000 0.000000 0.000000 1.000000
0.991018 -0.042585 0.126768 12.111209 -0.000694 0.946291 0.323315 109.144135 -0.133728 -0.320499 0.937762 -2.931600 0.000000 0.000000 0.000000 1.000000
0.990707 -0.032527 0.132068 11.259482 -0.011805 0.946758 0.321730 108.267578 -0.135501 -0.320299 0.937575 -4.237080 0.000000 0.000000 0.000000 1.000000
0.991704 -0.020576 0.126886 10.224474 -0.018891 0.953059 0.302194 106.795547 -0.127148 -0.302084 0.944764 -5.938197 0.000000 0.000000 0.000000 1.000000
0.993151 -0.005712 0.116702 9.152502 -0.025499 0.964134 0.264188 105.148605 -0.114025 -0.265354 0.957385 -8.140579 0.000000 0.000000 0.000000 1.000000
0.994947 0.010642 0.099838 8.001968 -0.030927 0.978501 0.203908 103.367073 -0.095522 -0.205966 0.973886 -9.902325 0.000000 0.000000 0.000000 1.000000
0.996669 0.024139 0.077898 6.933681 -0.033972 0.991258 0.127486 101.837387 -0.074140 -0.129708 0.988777 -10.335637 0.000000 0.000000 0.000000 1.000000
0.998141 0.030858 0.052551 6.786862 -0.032060 0.999240 0.022181 100.408127 -0.051827 -0.023825 0.998372 -9.643905 0.000000 0.000000 0.000000 1.000000
0.999278 0.028029 0.025658 7.672353 -0.025143 0.993982 -0.106620 98.811821 -0.028492 0.105897 0.993969 -8.144419 0.000000 0.000000 0.000000 1.000000
0.999867 0.016281 -0.000302 8.983736 -0.015893 0.971685 -0.235744 97.198288 -0.003544 0.235718 0.971815 -5.827314 0.000000 0.000000 0.000000 1.000000
0.999734 -0.000173 -0.023043 10.154860 -0.007724 0.939595 -0.342200 95.815102 0.021710 0.342288 0.939344 -2.705939 0.000000 0.000000 0.000000 1.000000
0.999018 -0.014949 -0.041712 10.656412 -0.003342 0.913271 -0.407339 94.956375 0.044184 0.407078 0.912324 1.258094 0.000000 0.000000 0.000000 1.000000
0.998253 -0.025525 -0.053291 10.659485 -0.000288 0.899765 -0.436375 94.644310 0.059088 0.435628 0.898185 5.424736 0.000000 0.000000 0.000000 1.000000
0.997974 -0.033722 -0.053944 10.691544 0.006106 0.894807 -0.446411 94.675270 0.063323 0.445177 0.893201 8.809282 0.000000 0.000000 0.000000 1.000000
0.998237 -0.035593 -0.047494 10.740737 0.010748 0.895395 -0.445142 94.778244 0.058370 0.443847 0.894199 10.272039 0.000000 0.000000 0.000000 1.000000
0.998758 -0.035116 -0.035353 10.761431 0.015949 0.897437 -0.440855 94.818413 0.047209 0.439743 0.896882 11.140697 0.000000 0.000000 0.000000 1.000000
0.999064 -0.035626 -0.024551 10.692861 0.021431 0.900423 -0.434488 94.768791 0.037585 0.433555 0.900343 11.691588 0.000000 0.000000 0.000000 1.000000
0.999226 -0.036544 -0.014548 10.519548 0.026853 0.904062 -0.426558 94.652618 0.028740 0.425837 0.904343 11.849351 0.000000 0.000000 0.000000 1.000000
0.999303 -0.037102 -0.004160 10.268545 0.031973 0.908004 -0.417739 94.472656 0.019277 0.417315 0.908557 11.610952 0.000000 0.000000 0.000000 1.000000
0.999302 -0.036537 0.007815 9.935298 0.036539 0.911932 -0.408712 94.312286 0.007806 0.408712 0.912630 11.095148 0.000000 0.000000 0.000000 1.000000
0.999162 -0.034121 0.022607 9.485430 0.040320 0.915555 -0.400166 94.198563 -0.007044 0.400742 0.916164 10.391573 0.000000 0.000000 0.000000 1.000000
0.998721 -0.029042 0.041388 8.900424 0.042968 0.918959 -0.392006 93.999039 -0.026649 0.393283 0.919031 9.518700 0.000000 0.000000 0.000000 1.000000
0.997093 -0.011186 0.075372 8.077874 0.039371 0.922523 -0.383929 93.714294 -0.065238 0.385781 0.920281 8.847204 0.000000 0.000000 0.000000 1.000000
0.991535 0.020387 0.128230 7.010507 0.028760 0.928579 -0.370020 93.449318 -0.126615 0.370575 0.920132 8.444898 0.000000 0.000000 0.000000 1.000000
0.978491 0.052259 0.199560 5.776459 0.020035 0.938733 -0.344062 93.406517 -0.205314 0.340660 0.917495 8.448956 0.000000 0.000000 0.000000 1.000000
0.953851 0.085105 0.287968 4.535643 0.010662 0.948793 -0.315719 93.530289 -0.300091 0.304219 0.904099 8.798774 0.000000 0.000000 0.000000 1.000000
0.912038 0.118007 0.392761 3.444406 0.000043 0.957679 -0.287839 93.708015 -0.410106 0.262537 0.873434 9.265984 0.000000 0.000000 0.000000 1.000000
0.854351 0.140752 0.500273 2.598732 -0.007448 0.965843 -0.259020 93.846436 -0.519643 0.217568 0.826217 9.630590 0.000000 0.000000 0.000000 1.000000
0.790929 0.154029 0.592205 2.045902 -0.014059 0.972119 -0.234066 93.968384 -0.611747 0.176804 0.771043 9.725789 0.000000 0.000000 0.000000 1.000000
0.729974 0.162106 0.663973 1.716246 -0.022584 0.976657 -0.213616 94.205101 -0.683102 0.140939 0.716594 9.540916 0.000000 0.000000 0.000000 1.000000
0.674943 0.159504 0.720423 1.445295 -0.029710 0.981439 -0.189459 94.692871 -0.737271 0.106471 0.667155 9.394011 0.000000 0.000000 0.000000 1.000000
0.627972 0.145927 0.764432 1.212296 -0.034277 0.986496 -0.160160 95.414307 -0.777481 0.074374 0.624494 9.288115 0.000000 0.000000 0.000000 1.000000
0.590240 0.128217 0.796980 1.030574 -0.039515 0.990711 -0.130119 96.244225 -0.806260 0.045308 0.589824 9.180093 0.000000 0.000000 0.000000 1.000000
0.564039 0.112085 0.818106 0.922218 -0.046534 0.993485 -0.104030 97.189865 -0.824436 0.020607 0.565580 9.072103 0.000000 0.000000 0.000000 1.000000
0.552317 0.097731 0.827886 0.902072 -0.054375 0.995213 -0.081208 98.226707 -0.831859 -0.000164 0.554987 8.999524 0.000000 0.000000 0.000000 1.000000
0.551320 0.082358 0.830219 0.934907 -0.060986 0.996432 -0.058348 99.231323 -0.832062 -0.018464 0.554375 8.970824 0.000000 0.000000 0.000000 1.000000
0.554184 0.067863 0.829623 0.949728 -0.067309 0.997061 -0.036597 100.121445 -0.829668 -0.035559 0.557123 8.913915 0.000000 0.000000 0.000000 1.000000
0.557500 0.058539 0.828110 0.955197 -0.073984 0.997045 -0.020673 100.881256 -0.826873 -0.049742 0.560184 8.731215 0.000000 0.000000 0.000000 1.000000
0.559431 0.054269 0.827098 0.978722 -0.079578 0.996761 -0.011576 101.453598 -0.825048 -0.059343 0.561938 8.402886 0.000000 0.000000 0.000000 1.000000
0.559523 0.050896 0.827251 1.023691 -0.084874 0.996384 -0.003895 101.896080 -0.824458 -0.068033 0.561820 7.861605 0.000000 0.000000 0.000000 1.000000
0.558463 0.047043 0.828194 1.087693 -0.090037 0.995930 0.004143 102.217178 -0.824629 -0.076882 0.560426 7.026844 0.000000 0.000000 0.000000 1.000000
0.555743 0.045145 0.830127 1.153588 -0.093551 0.995578 0.008487 102.471840 -0.826074 -0.082376 0.557509 6.073061 0.000000 0.000000 0.000000 1.000000
0.550603 0.045426 0.833530 1.199304 -0.095710 0.995369 0.008977 102.705933 -0.829262 -0.084720 0.552401 5.208139 0.000000 0.000000 0.000000 1.000000
0.543641 0.046084 0.838052 1.218817 -0.096849 0.995266 0.008097 102.925659 -0.833711 -0.085566 0.545531 4.413817 0.000000 0.000000 0.000000 1.000000
0.536274 0.045536 0.842815 1.229318 -0.096060 0.995348 0.007344 103.161446 -0.838560 -0.084899 0.538153 3.692159 0.000000 0.000000 0.000000 1.000000
0.528333 0.045077 0.847839 1.223569 -0.094256 0.995531 0.005806 103.432571 -0.843789 -0.082982 0.530221 3.053161 0.000000 0.000000 0.000000 1.000000
0.519792 0.046855 0.853007 1.187639 -0.092458 0.995715 0.001646 103.714844 -0.849275 -0.079723 0.521897 2.482908 0.000000 0.000000 0.000000 1.000000
0.513150 0.049082 0.856895 1.140056 -0.089365 0.995993 -0.003534 103.991005 -0.853634 -0.074763 0.515480 1.964807 0.000000 0.000000 0.000000 1.000000
0.510406 0.050857 0.858428 1.085874 -0.084539 0.996382 -0.008764 104.256317 -0.855768 -0.068098 0.512859 1.515315 0.000000 0.000000 0.000000 1.000000
0.510564 0.053138 0.858196 1.019481 -0.079987 0.996696 -0.014127 104.490768 -0.856111 -0.061431 0.513127 1.144139 0.000000 0.000000 0.000000 1.000000
0.511795 0.055239 0.857330 0.936215 -0.076805 0.996877 -0.018381 104.665756 -0.855668 -0.056440 0.514439 0.881471 0.000000 0.000000 0.000000 1.000000
0.514200 0.056832 0.855785 0.826596 -0.074448 0.996994 -0.021478 104.773987 -0.854433 -0.052667 0.516885 0.698626 0.000000 0.000000 0.000000 1.000000
0.517039 0.058182 0.853982 0.708039 -0.072475 0.997080 -0.024052 104.853043 -0.852888 -0.049456 0.519746 0.551679 0.000000 0.000000 0.000000 1.000000
0.519593 0.059158 0.852363 0.606216 -0.071063 0.997136 -0.025886 104.900482 -0.851454 -0.047121 0.522309 0.450217 0.000000 0.000000 0.000000 1.000000
0.521667 0.059842 0.851048 0.525775 -0.070077 0.997172 -0.027162 104.924850 -0.850266 -0.045469 0.524385 0.381493 0.000000 0.000000 0.000000 1.000000
0.522588 0.060127 0.850463 0.490463 -0.069666 0.997186 -0.027691 104.933136 -0.849735 -0.044778 0.525306 0.353369 0.000000 0.000000 0.000000 1.000000</float_array><technique_common><accessor source="#Hips-Matrix-animation-output-transform-array" count="82" stride="16"><param type="float4x4"/></accessor></technique_common></source><source id="Hips-Interpolations"><Name_array id="Hips-Interpolations-array" count="82">
 LINEAR LINEAR LINEAR LINEAR LINEAR LINEAR LINEAR LINEAR LINEAR LINEAR LINEAR
LINEAR LINEAR LINEAR LINEAR LINEAR LINEAR LINEAR LINEAR LINEAR LINEAR LINEAR LINEAR
LINEAR LINEAR LINEAR LINEAR LINEAR LINEAR LINEAR LINEAR LINEAR LINEAR LINEAR LINEAR
LINEAR LINEAR LINEAR LINEAR LINEAR LINEAR LINEAR LINEAR LINEAR LINEAR LINEAR LINEAR
LINEAR LINEAR LINEAR LINEAR LINEAR LINEAR LINEAR LINEAR LINEAR LINEAR LINEAR LINEAR
LINEAR LINEAR LINEAR LINEAR LINEAR LINEAR LINEAR LINEAR LINEAR LINEAR LINEAR LINEAR
LINEAR LINEAR LINEAR LINEAR LINEAR LINEAR LINEAR LINEAR LINEAR LINEAR LINEAR</Name_array><technique_common><accessor source="#Hips-Interpolations-array" count="82"><param type="name"/></accessor></technique_common></source><sampler id="Hips-Matrix-animation-transform"><input semantic="INPUT" source="#Hips-Matrix-animation-input"/><input semantic="OUTPUT" source="#Hips-Matrix-animation-output-transform"/><input semantic="INTERPOLATION" source="#Hips-Interpolations"/></sampler><channel source="#Hips-Matrix-animation-transform" target="Hips/matrix"/></animation>
    <animation id="Spine-anim" name="Spine"><source id="Spine-Matrix-animation-input"><float_array id="Spine-Matrix-animation-input-array" count="82">

0.000000 0.033333 0.066667 0.100000 0.133333 0.166667 0.200000 0.233333 0.266667 0.300000 0.333333 0.366667 0.400000 0.433333 0.466667 0.500000
0.533333 0.566667 0.600000 0.633333 0.666667 0.700000 0.733333 0.766667 0.800000 0.833333 0.866667 0.900000 0.933333 0.966667 1.000000 1.033333
1.066667 1.100000 1.133333 1.166667 1.200000 1.233333 1.266667 1.300000 1.333333 1.366667 1.400000 1.433333 1.466667 1.500000 1.533333 1.566667
1.600000 1.633333 1.666667 1.700000 1.733333 1.766667 1.800000 1.833333 1.866667 1.900000 1.933333 1.966667 2.000000 2.033333 2.066667 2.100000
2.133333 2.166667 2.200000 2.233333 2.266667 2.300000 2.333333 2.366667 2.400000 2.433333 2.466667 2.500000 2.533333 2.566667 2.600000 2.633333
2.666667 2.700000</float_array><technique_common><accessor source="#Spine-Matrix-animation-input-array" count="82"><param name="TIME" type="float"/></accessor></technique_common></source><source id="Spine-Matrix-animation-output-transform"><float_array id="Spine-Matrix-animation-output-transform-array" count="1312">

0.998820 -0.048519 -0.002053 -0.006600 0.047199 0.979848 -0.194089 10.822600 0.011429 0.193763 0.980982 -0.430700 0.000000 0.000000 0.000000 1.000000
0.998878 -0.047348 -0.001339 -0.006600 0.046198 0.980069 -0.193210 10.822600 0.010460 0.192931 0.981157 -0.430700 0.000000 0.000000 0.000000 1.000000
0.999016 -0.044344 0.000402 -0.006600 0.043604 0.980600 -0.191107 10.822600 0.008081 0.190936 0.981569 -0.430700 0.000000 0.000000 0.000000 1.000000
0.999180 -0.040405 0.002545 -0.006600 0.040163 0.981350 -0.187984 10.822600 0.005098 0.187933 0.982169 -0.430700 0.000000 0.000000 0.000000 1.000000
0.999322 -0.036539 0.004519 -0.006600 0.036746 0.982211 -0.184151 10.822600 0.002290 0.184192 0.982888 -0.430700 0.000000 0.000000 0.000000 1.000000
0.999407 -0.033950 0.005722 -0.006600 0.034426 0.983153 -0.179514 10.822600 0.000469 0.179605 0.983739 -0.430700 0.000000 0.000000 0.000000 1.000000
0.999316 -0.036285 0.007160 -0.006600 0.036978 0.983873 -0.175006 10.822600 -0.000695 0.175151 0.984541 -0.430700 0.000000 0.000000 0.000000 1.000000
0.999042 -0.042936 0.008487 -0.006600 0.043755 0.984355 -0.170676 10.822600 -0.001026 0.170884 0.985291 -0.430700 0.000000 0.000000 0.000000 1.000000
0.998722 -0.049881 0.008113 -0.006600 0.050535 0.984564 -0.167572 10.822600 0.000371 0.167768 0.985827 -0.430700 0.000000 0.000000 0.000000 1.000000
0.998343 -0.057164 0.006542 -0.006600 0.057459 0.984606 -0.165074 10.822600 0.002995 0.165177 0.986259 -0.430700 0.000000 0.000000 0.000000 1.000000
0.997852 -0.065406 0.003715 -0.006600 0.065148 0.984768 -0.161207 10.822600 0.006885 0.161103 0.986914 -0.430700 0.000000 0.000000 0.000000 1.000000
0.997362 -0.072585 -0.001200 -0.006600 0.071486 0.984874 -0.157837 10.822600 0.012639 0.157334 0.987465 -0.430700 0.000000 0.000000 0.000000 1.000000
0.996931 -0.077827 -0.008458 -0.006600 0.075559 0.984841 -0.156136 10.822600 0.020482 0.155018 0.987699 -0.430700 0.000000 0.000000 0.000000 1.000000
0.996675 -0.080300 -0.013841 -0.006600 0.077233 0.985101 -0.153657 10.822600 0.025974 0.152077 0.988027 -0.430700 0.000000 0.000000 0.000000 1.000000
0.996622 -0.080238 -0.017518 -0.006600 0.076703 0.985608 -0.150644 10.822600 0.029353 0.148792 0.988433 -0.430700 0.000000 0.000000 0.000000 1.000000
0.996642 -0.078460 -0.023441 -0.006600 0.074125 0.986065 -0.148937 10.822600 0.034800 0.146699 0.988569 -0.430700 0.000000 0.000000 0.000000 1.000000
0.996607 -0.076755 -0.029725 -0.006600 0.071605 0.986580 -0.146743 10.822600 0.040590 0.144116 0.988728 -0.430700 0.000000 0.000000 0.000000 1.000000
0.996565 -0.075462 -0.034118 -0.006600 0.069859 0.987247 -0.143049 10.822600 0.044478 0.140174 0.989127 -0.430700 0.000000 0.000000 0.000000 1.000000
0.996679 -0.073035 -0.036016 -0.006600 0.067431 0.988161 -0.137804 10.822600 0.045654 0.134918 0.989804 -0.430700 0.000000 0.000000 0.000000 1.000000
0.996938 -0.068626 -0.037472 -0.006600 0.063129 0.989223 -0.132112 10.822600 0.046134 0.129342 0.990526 -0.430700 0.000000 0.000000 0.000000 1.000000
0.997100 -0.061358 -0.045020 -0.006600 0.054989 0.989835 -0.131158 10.822600 0.052610 0.128302 0.990339 -0.430700 0.000000 0.000000 0.000000 1.000000
0.997390 -0.052903 -0.049129 -0.006600 0.046153 0.990492 -0.129594 10.822600 0.055518 0.126989 0.990349 -0.430700 0.000000 0.000000 0.000000 1.000000
0.997900 -0.044204 -0.047355 -0.006600 0.037889 0.991203 -0.126810 10.822600 0.052544 0.124750 0.990796 -0.430700 0.000000 0.000000 0.000000 1.000000
0.998335 -0.034310 -0.046374 -0.006600 0.028173 0.991497 -0.127047 10.822600 0.050338 0.125528 0.990812 -0.430700 0.000000 0.000000 0.000000 1.000000
0.998698 -0.025096 -0.044409 -0.006600 0.019206 0.991535 -0.128408 10.822600 0.047256 0.127388 0.990727 -0.430700 0.000000 0.000000 0.000000 1.000000
0.998940 -0.017777 -0.042466 -0.006600 0.012157 0.991556 -0.129109 10.822600 0.044402 0.128456 0.990721 -0.430700 0.000000 0.000000 0.000000 1.000000
0.999151 -0.011740 -0.039492 -0.006600 0.006543 0.991594 -0.129226 10.822600 0.040677 0.128857 0.990829 -0.430700 0.000000 0.000000 0.000000 1.000000
0.999373 -0.006757 -0.034754 -0.006600 0.002194 0.991554 -0.129675 10.822600 0.035337 0.129518 0.990947 -0.430700 0.000000 0.000000 0.000000 1.000000
0.999571 -0.004952 -0.028851 -0.006600 0.001127 0.991371 -0.131084 10.822600 0.029251 0.130995 0.990951 -0.430700 0.000000 0.000000 0.000000 1.000000
0.999722 -0.009917 -0.021380 -0.006600 0.006949 0.990866 -0.134670 10.822600 0.022521 0.134484 0.990660 -0.430700 0.000000 0.000000 0.000000 1.000000
0.999754 -0.013012 -0.017987 -0.006600 0.010404 0.990352 -0.138182 10.822600 0.019612 0.137961 0.990244 -0.430700 0.000000 0.000000 0.000000 1.000000
0.999769 -0.014545 -0.015805 -0.006600 0.012153 0.989776 -0.142110 10.822600 0.017710 0.141885 0.989725 -0.430700 0.000000 0.000000 0.000000 1.000000
0.999801 -0.013736 -0.014437 -0.006600 0.011485 0.989243 -0.145831 10.822600 0.016284 0.145636 0.989204 -0.430700 0.000000 0.000000 0.000000 1.000000
0.999856 -0.009863 -0.013796 -0.006600 0.007605 0.987874 -0.155073 10.822600 0.015158 0.154946 0.987807 -0.430700 0.000000 0.000000 0.000000 1.000000
0.999899 -0.003592 -0.013746 -0.006600 0.001194 0.985336 -0.170620 10.822600 0.014157 0.170586 0.985241 -0.430700 0.000000 0.000000 0.000000 1.000000
0.999898 0.003363 -0.013857 -0.006600 -0.005883 0.982529 -0.186019 10.822600 0.012989 0.186082 0.982448 -0.430700 0.000000 0.000000 0.000000 1.000000
0.999860 0.009539 -0.013779 -0.006600 -0.012045 0.980708 -0.195106 10.822600 0.011652 0.195244 0.980685 -0.430700 0.000000 0.000000 0.000000 1.000000
0.999799 0.014579 -0.013755 -0.006600 -0.017027 0.979822 -0.199146 10.822600 0.010574 0.199341 0.979873 -0.430700 0.000000 0.000000 0.000000 1.000000
0.999728 0.018806 -0.013814 -0.006600 -0.021220 0.978960 -0.202944 10.822600 0.009706 0.203182 0.979093 -0.430700 0.000000 0.000000 0.000000 1.000000
0.999659 0.022240 -0.013668 -0.006600 -0.024583 0.978175 -0.206323 10.822600 0.008782 0.206589 0.978388 -0.430700 0.000000 0.000000 0.000000 1.000000
0.999635 0.023423 -0.013440 -0.006600 -0.025704 0.977881 -0.207578 10.822600 0.008280 0.207848 0.978126 -0.430700 0.000000 0.000000 0.000000 1.000000
0.999627 0.023246 -0.014326 -0.006600 -0.025721 0.977736 -0.208254 10.822600 0.009166 0.208545 0.977970 -0.430700 0.000000 0.000000 0.000000 1.000000
0.999614 0.022469 -0.016323 -0.006600 -0.025385 0.977606 -0.208908 10.822600 0.011264 0.209242 0.977799 -0.430700 0.000000 0.000000 0.000000 1.000000
0.999617 0.021125 -0.017864 -0.006600 -0.024395 0.977620 -0.208961 10.822600 0.013050 0.209317 0.977761 -0.430700 0.000000 0.000000 0.000000 1.000000
0.999652 0.018800 -0.018515 -0.006600 -0.022254 0.977711 -0.208774 10.822600 0.014177 0.209113 0.977789 -0.430700 0.000000 0.000000 0.000000 1.000000
0.999699 0.015618 -0.018943 -0.006600 -0.019233 0.977749 -0.208895 10.822600 0.015260 0.209197 0.977754 -0.430700 0.000000 0.000000 0.000000 1.000000
0.999716 0.012438 -0.020317 -0.006600 -0.016414 0.977761 -0.209079 10.822600 0.017265 0.209353 0.977688 -0.430700 0.000000 0.000000 0.000000 1.000000
0.999693 0.008596 -0.023246 -0.006600 -0.013250 0.977999 -0.208187 10.822600 0.020945 0.208431 0.977813 -0.430700 0.000000 0.000000 0.000000 1.000000
0.999632 0.001760 -0.027079 -0.006600 -0.007298 0.978569 -0.205790 10.822600 0.026136 0.205912 0.978221 -0.430700 0.000000 0.000000 0.000000 1.000000
0.999501 -0.006668 -0.030875 -0.006600 0.000234 0.979003 -0.203846 10.822600 0.031586 0.203737 0.978516 -0.430700 0.000000 0.000000 0.000000 1.000000
0.999324 -0.014621 -0.033737 -0.006600 0.007472 0.979146 -0.203018 10.822600 0.036002 0.202629 0.978594 -0.430700 0.000000 0.000000 0.000000 1.000000
0.999102 -0.023057 -0.035545 -0.006600 0.015487 0.979645 -0.200140 10.822600 0.039436 0.199410 0.979122 -0.430700 0.000000 0.000000 0.000000 1.000000
0.998785 -0.031278 -0.038081 -0.006600 0.023221 0.980305 -0.196122 10.822600 0.043465 0.194999 0.979840 -0.430700 0.000000 0.000000 0.000000 1.000000
0.998444 -0.037404 -0.041361 -0.006600 0.028741 0.980754 -0.193123 10.822600 0.047789 0.191634 0.980302 -0.430700 0.000000 0.000000 0.000000 1.000000
0.998227 -0.041864 -0.042321 -0.006600 0.033084 0.981181 -0.190235 10.822600 0.049488 0.188498 0.980826 -0.430700 0.000000 0.000000 0.000000 1.000000
0.998200 -0.045010 -0.039643 -0.006600 0.036825 0.981619 -0.187263 10.822600 0.047343 0.185466 0.981510 -0.430700 0.000000 0.000000 0.000000 1.000000
0.998317 -0.046390 -0.034802 -0.006600 0.039139 0.981779 -0.185952 10.822600 0.042794 0.184277 0.981942 -0.430700 0.000000 0.000000 0.000000 1.000000
0.998501 -0.045719 -0.030090 -0.006600 0.039346 0.981754 -0.186040 10.822600 0.038046 0.184578 0.982081 -0.430700 0.000000 0.000000 0.000000 1.000000
0.998678 -0.044573 -0.025620 -0.006600 0.039056 0.981819 -0.185757 10.822600 0.033434 0.184511 0.982262 -0.430700 0.000000 0.000000 0.000000 1.000000
0.998816 -0.044140 -0.020435 -0.006600 0.039612 0.981957 -0.184906 10.822600 0.028228 0.183878 0.982544 -0.430700 0.000000 0.000000 0.000000 1.000000
0.998927 -0.043653 -0.015441 -0.006600 0.040085 0.982197 -0.183525 10.822600 0.023178 0.182710 0.982894 -0.430700 0.000000 0.000000 0.000000 1.000000
0.999034 -0.042225 -0.012136 -0.006600 0.039309 0.982446 -0.182360 10.822600 0.019623 0.181707 0.983157 -0.430700 0.000000 0.000000 0.000000 1.000000
0.999103 -0.041171 -0.009874 -0.006600 0.038691 0.982555 -0.181900 10.822600 0.017191 0.181355 0.983267 -0.430700 0.000000 0.000000 0.000000 1.000000
0.999124 -0.041061 -0.008059 -0.006600 0.038924 0.982682 -0.181166 10.822600 0.015358 0.180693 0.983420 -0.430700 0.000000 0.000000 0.000000 1.000000
0.999135 -0.041003 -0.006945 -0.006600 0.039086 0.982894 -0.179977 10.822600 0.014206 0.179550 0.983646 -0.430700 0.000000 0.000000 0.000000 1.000000
0.999138 -0.041167 -0.005298 -0.006600 0.039549 0.982960 -0.179512 10.822600 0.012598 0.179148 0.983741 -0.430700 0.000000 0.000000 0.000000 1.000000
0.999102 -0.042295 -0.002347 -0.006600 0.041180 0.982757 -0.180257 10.822600 0.009931 0.179998 0.983617 -0.430700 0.000000 0.000000 0.000000 1.000000
0.999040 -0.043808 0.000311 -0.006600 0.043140 0.982519 -0.181092 10.822600 0.007628 0.180932 0.983466 -0.430700 0.000000 0.000000 0.000000 1.000000
0.998974 -0.045266 0.001662 -0.006600 0.044814 0.982328 -0.181722 10.822600 0.006593 0.181610 0.983348 -0.430700 0.000000 0.000000 0.000000 1.000000
0.998905 -0.046740 0.002134 -0.006600 0.046343 0.982074 -0.182708 10.822600 0.006444 0.182607 0.983165 -0.430700 0.000000 0.000000 0.000000 1.000000
0.998852 -0.047861 0.001995 -0.006600 0.047410 0.981779 -0.184019 10.822600 0.006849 0.183902 0.982921 -0.430700 0.000000 0.000000 0.000000 1.000000
0.998808 -0.048807 0.001149 -0.006600 0.048175 0.981521 -0.185192 10.822600 0.007911 0.185026 0.982702 -0.430700 0.000000 0.000000 0.000000 1.000000
0.998774 -0.049493 -0.000014 -0.006600 0.048627 0.981353 -0.185960 10.822600 0.009218 0.185732 0.982557 -0.430700 0.000000 0.000000 0.000000 1.000000
0.998771 -0.049567 -0.000773 -0.006600 0.048551 0.981219 -0.186689 10.822600 0.010012 0.186421 0.982419 -0.430700 0.000000 0.000000 0.000000 1.000000
0.998786 -0.049244 -0.001112 -0.006600 0.048161 0.981062 -0.187611 10.822600 0.010330 0.187329 0.982243 -0.430700 0.000000 0.000000 0.000000 1.000000
0.998797 -0.049015 -0.001320 -0.006600 0.047888 0.980905 -0.188501 10.822600 0.010534 0.188212 0.982072 -0.430700 0.000000 0.000000 0.000000 1.000000
0.998802 -0.048900 -0.001580 -0.006600 0.047715 0.980733 -0.189437 10.822600 0.010813 0.189135 0.981892 -0.430700 0.000000 0.000000 0.000000 1.000000
0.998809 -0.048775 -0.001593 -0.006600 0.047578 0.980514 -0.190600 10.822600 0.010858 0.190297 0.981667 -0.430700 0.000000 0.000000 0.000000 1.000000
0.998811 -0.048733 -0.001592 -0.006600 0.047523 0.980275 -0.191838 10.822600 0.010909 0.191534 0.981425 -0.430700 0.000000 0.000000 0.000000 1.000000
0.998811 -0.048716 -0.001666 -0.006600 0.047480 0.980071 -0.192891 10.822600 0.011030 0.192582 0.981219 -0.430700 0.000000 0.000000 0.000000 1.000000
0.998817 -0.048593 -0.001913 -0.006600 0.047302 0.979915 -0.193724 10.822600 0.011289 0.193404 0.981054 -0.430700 0.000000 0.000000 0.000000 1.000000
0.998820 -0.048519 -0.002054 -0.006600 0.047199 0.979848 -0.194090 10.822600 0.011430 0.193764 0.980982 -0.430700 0.000000 0.000000 0.000000 1.000000</float_array><technique_common><accessor source="#Spine-Matrix-animation-output-transform-array" count="82" stride="16"><param type="float4x4"/></accessor></technique_common></source><source id="Spine-Interpolations"><Name_array id="Spine-Interpolations-array" count="82">
 LINEAR LINEAR LINEAR LINEAR LINEAR LINEAR LINEAR LINEAR LINEAR LINEAR LINEAR
LINEAR LINEAR LINEAR LINEAR LINEAR LINEAR LINEAR LINEAR LINEAR LINEAR LINEAR LINEAR
LINEAR LINEAR LINEAR LINEAR LINEAR LINEAR LINEAR LINEAR LINEAR LINEAR LINEAR LINEAR
LINEAR LINEAR LINEAR LINEAR LINEAR LINEAR LINEAR LINEAR LINEAR LINEAR LINEAR LINEAR
LINEAR LINEAR LINEAR LINEAR LINEAR LINEAR LINEAR LINEAR LINEAR LINEAR LINEAR LINEAR
LINEAR LINEAR LINEAR LINEAR LINEAR LINEAR LINEAR LINEAR LINEAR LINEAR LINEAR LINEAR
LINEAR LINEAR LINEAR LINEAR LINEAR LINEAR LINEAR LINEAR LINEAR LINEAR LINEAR</Name_array><technique_common><accessor source="#Spine-Interpolations-array" count="82"><param type="name"/></accessor></technique_common></source><sampler id="Spine-Matrix-animation-transform"><input semantic="INPUT" source="#Spine-Matrix-animation-input"/><input semantic="OUTPUT" source="#Spine-Matrix-animation-output-transform"/><input semantic="INTERPOLATION" source="#Spine-Interpolations"/></sampler><channel source="#Spine-Matrix-animation-transform" target="Spine/matrix"/></animation>
    <animation id="Spine1-anim" name="Spine1"><source id="Spine1-Matrix-animation-input"><float_array id="Spine1-Matrix-animation-input-array" count="82">

0.000000 0.033333 0.066667 0.100000 0.133333 0.166667 0.200000 0.233333 0.266667 0.300000 0.333333 0.366667 0.400000 0.433333 0.466667 0.500000
0.533333 0.566667 0.600000 0.633333 0.666667 0.700000 0.733333 0.766667 0.800000 0.833333 0.866667 0.900000 0.933333 0.966667 1.000000 1.033333
1.066667 1.100000 1.133333 1.166667 1.200000 1.233333 1.266667 1.300000 1.333333 1.366667 1.400000 1.433333 1.466667 1.500000 1.533333 1.566667
1.600000 1.633333 1.666667 1.700000 1.733333 1.766667 1.800000 1.833333 1.866667 1.900000 1.933333 1.966667 2.000000 2.033333 2.066667 2.100000
2.133333 2.166667 2.200000 2.233333 2.266667 2.300000 2.333333 2.366667 2.400000 2.433333 2.466667 2.500000 2.533333 2.566667 2.600000 2.633333
2.666667 2.700000</float_array><technique_common><accessor source="#Spine1-Matrix-animation-input-array" count="82"><param name="TIME" type="float"/></accessor></technique_common></source><source id="Spine1-Matrix-animation-output-transform"><float_array id="Spine1-Matrix-animation-output-transform-array" count="1312">

0.995240 -0.097450 -0.000484 -0.000000 0.096325 0.984483 -0.146680 12.626300 0.014770 0.145936 0.989184 -0.211200 0.000000 0.000000 0.000000 1.000000
0.995495 -0.094808 0.000744 0.000000 0.093915 0.984983 -0.144874 12.626300 0.013002 0.144292 0.989450 -0.211200 0.000000 0.000000 0.000000 1.000000
0.996081 -0.088362 0.003780 -0.000000 0.088015 0.986151 -0.140568 12.626300 0.008693 0.140350 0.990064 -0.211200 0.000000 0.000000 0.000000 1.000000
0.996771 -0.079946 0.007479 -0.000000 0.080226 0.987701 -0.134202 12.626300 0.003342 0.134369 0.990926 -0.211200 0.000000 0.000000 0.000000 1.000000
0.997391 -0.071382 0.010716 0.000000 0.072165 0.989348 -0.126426 12.626300 -0.001577 0.126869 0.991918 -0.211200 0.000000 0.000000 0.000000 1.000000
0.997808 -0.065011 0.012337 0.000000 0.066010 0.990928 -0.117064 12.626300 -0.004614 0.117622 0.993048 -0.211200 0.000000 0.000000 0.000000 1.000000
0.997555 -0.068290 0.014829 0.000000 0.069495 0.991727 -0.107926 12.626300 -0.007336 0.108692 0.994048 -0.211200 0.000000 0.000000 0.000000 1.000000
0.996638 -0.080054 0.017464 0.000000 0.081397 0.991743 -0.099102 12.626300 -0.009386 0.100190 0.994924 -0.211200 0.000000 0.000000 0.000000 1.000000
0.995591 -0.092255 0.016945 -0.000000 0.093436 0.991291 -0.092802 12.626300 -0.008236 0.093976 0.995540 -0.211200 0.000000 0.000000 0.000000 1.000000
0.994297 -0.105661 0.014437 0.000000 0.106525 0.990429 -0.087764 12.626300 -0.005026 0.088801 0.996037 -0.211200 0.000000 0.000000 0.000000 1.000000
0.992517 -0.121731 0.009557 -0.000000 0.122105 0.989286 -0.080022 12.626300 0.000286 0.080590 0.996747 -0.211200 0.000000 0.000000 0.000000 1.000000
0.990692 -0.136123 0.000412 0.000000 0.135785 0.988012 -0.073447 12.626300 0.009591 0.072819 0.997299 -0.211200 0.000000 0.000000 0.000000 1.000000
0.989091 -0.146692 -0.013467 0.000000 0.145402 0.986860 -0.070467 12.626300 0.023627 0.067740 0.997423 -0.211200 0.000000 0.000000 0.000000 1.000000
0.988153 -0.151613 -0.023818 0.000000 0.149777 0.986526 -0.065835 12.626300 0.033478 0.061487 0.997546 -0.211200 0.000000 0.000000 0.000000 1.000000
0.988007 -0.151280 -0.030924 0.000000 0.149245 0.986979 -0.059989 12.626300 0.039596 0.054655 0.997720 -0.211200 0.000000 0.000000 0.000000 1.000000
0.988090 -0.147906 -0.042456 0.000000 0.145407 0.987734 -0.056912 12.626300 0.050352 0.050060 0.997476 -0.211200 0.000000 0.000000 0.000000 1.000000
0.987927 -0.144898 -0.054819 0.000000 0.142039 0.988447 -0.052890 12.626300 0.061850 0.044465 0.997095 -0.211200 0.000000 0.000000 0.000000 1.000000
0.987712 -0.142781 -0.063549 0.000000 0.140039 0.989090 -0.045714 12.626300 0.069382 0.036253 0.996931 -0.211200 0.000000 0.000000 0.000000 1.000000
0.988065 -0.138476 -0.067464 -0.000000 0.136346 0.990034 -0.035238 12.626300 0.071671 0.025619 0.997099 -0.211200 0.000000 0.000000 0.000000 1.000000
0.988973 -0.130126 -0.070704 -0.000000 0.128748 0.991393 -0.023738 12.626300 0.073184 0.014373 0.997215 -0.211200 0.000000 0.000000 0.000000 1.000000
0.989511 -0.116149 -0.085893 0.000000 0.114663 0.993160 -0.022046 12.626300 0.087866 0.011966 0.996060 -0.211200 0.000000 0.000000 0.000000 1.000000
0.990553 -0.099600 -0.094254 -0.000000 0.098258 0.994984 -0.018782 12.626300 0.095652 0.009343 0.995371 -0.211200 0.000000 0.000000 0.000000 1.000000
0.992428 -0.082594 -0.090910 0.000000 0.081773 0.996570 -0.012725 12.626300 0.091649 0.005194 0.995778 -0.211200 0.000000 0.000000 0.000000 1.000000
0.994013 -0.063245 -0.089097 0.000000 0.062356 0.997973 -0.012736 12.626300 0.089722 0.007104 0.995942 -0.211200 0.000000 0.000000 0.000000 1.000000
0.995332 -0.045167 -0.085287 -0.000000 0.044042 0.998917 -0.015030 12.626300 0.085874 0.011204 0.996243 -0.211200 0.000000 0.000000 0.000000 1.000000
0.996196 -0.030785 -0.081517 0.000000 0.029567 0.999433 -0.016108 12.626300 0.081966 0.013636 0.996542 -0.211200 0.000000 0.000000 0.000000 1.000000
0.996950 -0.019023 -0.075691 0.000000 0.017855 0.999711 -0.016081 12.626300 0.075975 0.014681 0.997002 -0.211200 0.000000 0.000000 0.000000 1.000000
0.997763 -0.009131 -0.066228 -0.000000 0.008038 0.999827 -0.016758 12.626300 0.066369 0.016188 0.997664 -0.211200 0.000000 0.000000 0.000000 1.000000
0.998506 -0.005349 -0.054384 -0.000000 0.004294 0.999801 -0.019506 12.626300 0.054477 0.019244 0.998330 -0.211200 0.000000 0.000000 0.000000 1.000000
0.999114 -0.015006 -0.039327 0.000000 0.013958 0.999544 -0.026791 12.626300 0.039711 0.026218 0.998867 -0.211200 0.000000 0.000000 0.000000 1.000000
0.999251 -0.020902 -0.032574 -0.000000 0.019797 0.999229 -0.033898 12.626300 0.033257 0.033228 0.998894 -0.211200 0.000000 0.000000 0.000000 1.000000
0.999315 -0.023772 -0.028349 0.000000 0.022575 0.998870 -0.041825 12.626300 0.029311 0.041156 0.998723 -0.211200 0.000000 0.000000 0.000000 1.000000
0.999416 -0.022381 -0.025805 0.000000 0.021089 0.998560 -0.049319 12.626300 0.026872 0.048746 0.998450 -0.211200 0.000000 0.000000 0.000000 1.000000
0.999582 -0.014809 -0.024826 -0.000000 0.013092 0.997604 -0.067935 12.626300 0.025772 0.067582 0.997381 -0.211200 0.000000 0.000000 0.000000 1.000000
0.999681 -0.001947 -0.025175 0.000000 -0.000561 0.995063 -0.099245 12.626300 0.025244 0.099227 0.994745 -0.211200 0.000000 0.000000 0.000000 1.000000
0.999585 0.012391 -0.026017 0.000000 -0.015679 0.991359 -0.130233 12.626300 0.024178 0.130586 0.991142 -0.211200 0.000000 0.000000 0.000000 1.000000
0.999329 0.025358 -0.026428 0.000000 -0.029009 0.988493 -0.148461 12.626300 0.022359 0.149128 0.988565 -0.211200 0.000000 0.000000 0.000000 1.000000
0.999019 0.035608 -0.026320 -0.000000 -0.039299 0.986892 -0.156527 12.626300 0.020402 0.157408 0.987323 -0.211200 0.000000 0.000000 0.000000 1.000000
0.998711 0.043597 -0.025994 -0.000000 -0.047284 0.985303 -0.164141 12.626300 0.018456 0.165158 0.986094 -0.211200 0.000000 0.000000 0.000000 1.000000
0.998421 0.050000 -0.025602 -0.000000 -0.053652 0.983824 -0.170915 12.626300 0.016642 0.172019 0.984953 -0.211200 0.000000 0.000000 0.000000 1.000000
0.998325 0.052102 -0.025162 -0.000000 -0.055688 0.983268 -0.173445 12.626300 0.015704 0.174556 0.984522 -0.211200 0.000000 0.000000 0.000000 1.000000
0.998305 0.051546 -0.027028 0.000000 -0.055490 0.983043 -0.174780 12.626300 0.017560 0.175984 0.984236 -0.211200 0.000000 0.000000 0.000000 1.000000
0.998282 0.049726 -0.030982 -0.000000 -0.054422 0.982877 -0.176043 12.626300 0.021698 0.177427 0.983895 -0.211200 0.000000 0.000000 0.000000 1.000000
0.998321 0.046908 -0.033982 -0.000000 -0.052183 0.982984 -0.176126 12.626300 0.025142 0.177603 0.983781 -0.211200 0.000000 0.000000 0.000000 1.000000
0.998486 0.042295 -0.035158 0.000000 -0.047839 0.983268 -0.175769 12.626300 0.027136 0.177185 0.983803 -0.211200 0.000000 0.000000 0.000000 1.000000
0.998706 0.036048 -0.035886 0.000000 -0.041825 0.983491 -0.176059 12.626300 0.028947 0.177332 0.983725 -0.211200 0.000000 0.000000 0.000000 1.000000
0.998814 0.029710 -0.038565 -0.000000 -0.036072 0.983649 -0.176448 12.626300 0.032692 0.177629 0.983554 -0.211200 0.000000 0.000000 0.000000 1.000000
0.998776 0.021924 -0.044339 0.000000 -0.029358 0.984190 -0.174665 12.626300 0.039809 0.175753 0.983629 -0.211200 0.000000 0.000000 0.000000 1.000000
0.998626 0.007848 -0.051820 0.000000 -0.016562 0.985313 -0.169953 12.626300 0.049725 0.170578 0.984089 -0.211200 0.000000 0.000000 0.000000 1.000000
0.998194 -0.009119 -0.059377 -0.000000 -0.000880 0.986085 -0.166239 12.626300 0.060067 0.165991 0.984296 -0.211200 0.000000 0.000000 0.000000 1.000000
0.997553 -0.024930 -0.065321 0.000000 0.013856 0.986229 -0.164806 12.626300 0.068531 0.163497 0.984161 -0.211200 0.000000 0.000000 0.000000 1.000000
0.996716 -0.042458 -0.068952 0.000000 0.031009 0.986735 -0.159348 12.626300 0.074803 0.156686 0.984812 -0.211200 0.000000 0.000000 0.000000 1.000000
0.995447 -0.060324 -0.073802 -0.000000 0.048582 0.987238 -0.151664 12.626300 0.082009 0.147388 0.985673 -0.211200 0.000000 0.000000 0.000000 1.000000
0.994022 -0.074274 -0.080017 0.000000 0.062018 0.987332 -0.146045 12.626300 0.089851 0.140210 0.986037 -0.211200 0.000000 0.000000 0.000000 1.000000
0.993048 -0.085020 -0.081409 0.000000 0.073012 0.987377 -0.140556 12.626300 0.092331 0.133635 0.986720 -0.211200 0.000000 0.000000 0.000000 1.000000
0.992819 -0.092688 -0.075625 0.000000 0.081933 0.987498 -0.134668 12.626300 0.087161 0.127505 0.988001 -0.211200 0.000000 0.000000 0.000000 1.000000
0.993209 -0.095958 -0.065793 0.000000 0.086667 0.987469 -0.131882 12.626300 0.077624 0.125284 0.989080 -0.211200 0.000000 0.000000 0.000000 1.000000
0.993895 -0.094842 -0.056368 0.000000 0.086752 0.987469 -0.131827 12.626300 0.068164 0.126132 0.989669 -0.211200 0.000000 0.000000 0.000000 1.000000
