<?xml version="1.0" encoding="utf-8"?>
<COLLADA xmlns="http://www.collada.org/2005/11/COLLADASchema" version="1.4.1">
  <asset><contributor><author>Mixamo</author><authoring_tool>COLLADA Mixamo exporter</authoring_tool><comments></comments></contributor><created>2020-08-05T15:30:34Z</created><modified>2020-08-05T15:30:34Z</modified><revision></revision><title></title><unit meter="0.010000"/><up_axis>Y_UP</up_axis></asset>
  <library_animations>
    <animation id="Hips-anim" name="Hips"><source id="Hips-Matrix-animation-input"><float_array id="Hips-Matrix-animation-input-array" count="61">

0.000000 0.033333 0.066667 0.100000 0.133333 0.166667 0.200000 0.233333 0.266667 0.300000 0.333333 0.366667 0.400000 0.433333 0.466667 0.500000
0.533333 0.566667 0.600000 0.633333 0.666667 0.700000 0.733333 0.766667 0.800000 0.833333 0.866667 0.900000 0.933333 0.966667 1.000000 1.033333
1.066667 1.100000 1.133333 1.166667 1.200000 1.233333 1.266667 1.300000 1.333333 1.366667 1.400000 1.433333 1.466667 1.500000 1.533333 1.566667
1.600000 1.633333 1.666667 1.700000 1.733333 1.766667 1.800000 1.833333 1.866667 1.900000 1.933333 1.966667 2.000000</float_array><technique_common><accessor source="#Hips-Matrix-animation-input-array" count="61"><param name="TIME" type="float"/></accessor></technique_common></source><source id="Hips-Matrix-animation-output-transform"><float_array id="Hips-Matrix-animation-output-transform-array" count="976">

0.467796 -0.083601 -0.879874 1.375150 0.029812 0.996442 -0.078827 106.805298 0.883333 0.010644 0.468624 -0.780239 0.000000 0.000000 0.000000 1.000000
0.722893 -0.075392 -0.686834 0.961809 0.001355 0.994182 -0.107703 105.919205 0.690958 0.076927 0.718790 -2.567634 0.000000 0.000000 0.000000 1.000000
0.949131 -0.076381 -0.305479 -2.500289 0.086077 0.996119 0.018377 106.337997 0.302889 -0.043736 0.952022 -1.739884 0.000000 0.000000 0.000000 1.000000
0.982986 -0.144738 0.113088 -6.699116 0.122069 0.974823 0.186597 109.681007 -0.137249 -0.169618 0.975906 2.139854 0.000000 0.000000 0.000000 1.000000
0.914099 -0.202512 0.351301 -8.565144 0.124169 0.964535 0.232927 111.900230 -0.386012 -0.169298 0.906826 4.671059 0.000000 0.000000 0.000000 1.000000
0.859344 -0.236019 0.453676 -9.836663 0.142537 0.962517 0.230746 113.190208 -0.491132 -0.133624 0.860775 5.386812 0.000000 0.000000 0.000000 1.000000
0.819188 -0.232329 0.524361 -10.640298 0.131055 0.965917 0.223226 114.017952 -0.558351 -0.114144 0.821715 5.497457 0.000000 0.000000 0.000000 1.000000
0.786614 -0.220176 0.576854 -11.461370 0.109302 0.969160 0.220866 114.469131 -0.607693 -0.110685 0.786421 5.123452 0.000000 0.000000 0.000000 1.000000
0.758551 -0.217423 0.614270 -12.646219 0.105119 0.971174 0.213941 114.592186 -0.643079 -0.097714 0.759540 4.685233 0.000000 0.000000 0.000000 1.000000
0.726457 -0.206151 0.655562 -14.207830 0.093486 0.974722 0.202920 114.586777 -0.680823 -0.086127 0.727366 4.318953 0.000000 0.000000 0.000000 1.000000
0.693356 -0.200195 0.692228 -15.778582 0.085066 0.976656 0.197249 114.613083 -0.715557 -0.077879 0.694200 3.835866 0.000000 0.000000 0.000000 1.000000
0.663976 -0.197026 0.721330 -17.546097 0.083634 0.978177 0.190198 114.461884 -0.743062 -0.065960 0.665964 3.412511 0.000000 0.000000 0.000000 1.000000
0.631062 -0.201061 0.749223 -19.461824 0.090254 0.978298 0.186515 114.084183 -0.770464 -0.050082 0.635513 3.100055 0.000000 0.000000 0.000000 1.000000
0.593610 -0.210497 0.776736 -21.588449 0.101351 0.977055 0.187328 113.252754 -0.798345 -0.032476 0.601324 2.828888 0.000000 0.000000 0.000000 1.000000
0.572774 -0.216880 0.790502 -23.847019 0.111100 0.976005 0.187274 112.253738 -0.812150 -0.019440 0.583125 2.541840 0.000000 0.000000 0.000000 1.000000
0.553836 -0.241129 0.796946 -26.329950 0.132073 0.970471 0.201847 110.811478 -0.822084 -0.006535 0.569329 2.320271 0.000000 0.000000 0.000000 1.000000
0.534665 -0.270488 0.800606 -28.977219 0.155972 0.962700 0.221090 109.023392 -0.830546 0.006663 0.556911 2.196454 0.000000 0.000000 0.000000 1.000000
0.511999 -0.299940 0.804918 -31.833117 0.179715 0.953722 0.241075 106.995590 -0.839976 0.021226 0.542208 2.148024 0.000000 0.000000 0.000000 1.000000
0.493802 -0.334554 0.802641 -35.053360 0.201920 0.941914 0.268379 104.431976 -0.845806 0.029543 0.532672 2.104712 0.000000 0.000000 0.000000 1.000000
0.485547 -0.371627 0.791289 -38.529484 0.223862 0.927822 0.298384 101.529419 -0.845062 0.032260 0.533694 2.011369 0.000000 0.000000 0.000000 1.000000
0.474769 -0.411309 0.778087 -42.306694 0.248382 0.910759 0.329885 98.314621 -0.844335 0.036644 0.534562 2.045361 0.000000 0.000000 0.000000 1.000000
0.457546 -0.447848 0.768169 -46.580509 0.273287 0.892914 0.357797 94.611694 -0.846148 0.046222 0.530940 2.122026 0.000000 0.000000 0.000000 1.000000
0.452718 -0.483981 0.748872 -50.967590 0.297890 0.873707 0.384575 90.189171 -0.840421 0.048978 0.539716 2.177787 0.000000 0.000000 0.000000 1.000000
0.454422 -0.522268 0.721621 -55.651466 0.330805 0.851104 0.407665 85.160362 -0.827085 0.053464 0.559529 2.495856 0.000000 0.000000 0.000000 1.000000
0.458155 -0.561023 0.689454 -60.756348 0.368980 0.825702 0.426696 79.358589 -0.808670 0.058902 0.585306 2.848823 0.000000 0.000000 0.000000 1.000000
0.461393 -0.592963 0.659933 -66.270363 0.427691 0.800362 0.420121 72.786461 -0.777301 0.088407 0.622887 3.374632 0.000000 0.000000 0.000000 1.000000
0.409738 -0.664412 0.625037 -71.944160 0.493800 0.737672 0.460436 64.886864 -0.766991 0.119985 0.630339 3.947406 0.000000 0.000000 0.000000 1.000000
0.311721 -0.752707 0.579881 -77.840820 0.552047 0.640189 0.534231 56.099022 -0.773353 0.153590 0.615090 4.252765 0.000000 0.000000 0.000000 1.000000
0.176987 -0.839809 0.513222 -83.655052 0.569369 0.512705 0.642614 46.214897 -0.802804 0.178478 0.568903 4.118308 0.000000 0.000000 0.000000 1.000000
0.007377 -0.933410 0.358735 -88.096848 0.540773 0.305486 0.783737 35.336876 -0.841136 0.188213 0.507017 4.080750 0.000000 0.000000 0.000000 1.000000
-0.128434 -0.978864 0.159157 -91.676949 0.523514 0.069384 0.849187 25.188644 -0.842281 0.192385 0.503537 4.195962 0.000000 0.000000 0.000000 1.000000
-0.219965 -0.975379 -0.015866 -92.690460 0.513139 -0.129523 0.848477 19.240885 -0.829641 0.178494 0.528995 4.948561 0.000000 0.000000 0.000000 1.000000
-0.300722 -0.942086 -0.148459 -94.764366 0.452678 -0.278009 0.847227 17.824186 -0.839434 0.187576 0.510065 5.090133 0.000000 0.000000 0.000000 1.000000
-0.304958 -0.924946 -0.226882 -103.752525 0.329604 -0.326012 0.886046 15.918593 -0.893511 0.195425 0.404286 3.322967 0.000000 0.000000 0.000000 1.000000
-0.260975 -0.924535 -0.277717 -111.711807 0.197059 -0.332650 0.922232 14.434844 -0.945018 0.185953 0.269001 0.294385 0.000000 0.000000 0.000000 1.000000
-0.216204 -0.938607 -0.268836 -115.604431 0.144894 -0.303145 0.941864 15.736278 -0.965537 0.164682 0.201540 -0.066235 0.000000 0.000000 0.000000 1.000000
-0.197099 -0.952111 -0.233745 -119.719360 0.118017 -0.259730 0.958443 17.492056 -0.973254 0.161322 0.163558 -0.443444 0.000000 0.000000 0.000000 1.000000
-0.200943 -0.952697 -0.228014 -123.221039 0.075611 -0.247151 0.966023 19.254509 -0.976681 0.176875 0.121697 -0.853714 0.000000 0.000000 0.000000 1.000000
-0.214696 -0.950313 -0.225413 -126.194275 0.033934 -0.237914 0.970693 20.767056 -0.976091 0.200755 0.083327 -0.908193 0.000000 0.000000 0.000000 1.000000
-0.218995 -0.949171 -0.226088 -128.847168 -0.002514 -0.231163 0.972912 21.369337 -0.975723 0.213631 0.048238 -1.305993 0.000000 0.000000 0.000000 1.000000
-0.229201 -0.950881 -0.208069 -130.883881 -0.006312 -0.212303 0.977183 21.081800 -0.973359 0.225285 0.042659 -2.382261 0.000000 0.000000 0.000000 1.000000
-0.233468 -0.955384 -0.180926 -132.409958 -0.017866 -0.181822 0.983169 19.697792 -0.972200 0.232771 0.025381 -3.563276 0.000000 0.000000 0.000000 1.000000
-0.235588 -0.963026 -0.130686 -133.818146 -0.020254 -0.129576 0.991363 17.800076 -0.971642 0.236200 0.011022 -4.439558 0.000000 0.000000 0.000000 1.000000
-0.231432 -0.967855 -0.098467 -134.686874 0.018289 -0.105526 0.994248 16.159931 -0.972679 0.228300 0.042123 -5.079835 0.000000 0.000000 0.000000 1.000000
-0.216940 -0.973433 -0.073252 -134.733566 0.093844 -0.095488 0.990997 15.604092 -0.971664 0.208113 0.112066 -5.528427 0.000000 0.000000 0.000000 1.000000
-0.215798 -0.975205 -0.049057 -135.426376 0.140220 -0.080671 0.986829 15.490104 -0.966317 0.206077 0.154152 -5.181668 0.000000 0.000000 0.000000 1.000000
-0.217573 -0.975554 -0.030925 -134.362305 0.161834 -0.067303 0.984520 15.367338 -0.962534 0.209200 0.172521 -5.139066 0.000000 0.000000 0.000000 1.000000
-0.212522 -0.977085 -0.011780 -133.268082 0.176146 -0.050165 0.983085 15.615794 -0.961149 0.206853 0.182771 -4.288047 0.000000 0.000000 0.000000 1.000000
-0.207221 -0.978271 0.006687 -132.186676 0.185696 -0.032622 0.982066 15.993256 -0.960508 0.204747 0.188421 -3.693961 0.000000 0.000000 0.000000 1.000000
-0.203540 -0.978943 0.015553 -131.691360 0.192812 -0.024504 0.980930 16.133598 -0.959893 0.202657 0.193740 -3.108423 0.000000 0.000000 0.000000 1.000000
-0.195043 -0.980701 0.013533 -131.394012 0.199422 -0.026144 0.979565 15.931178 -0.960307 0.193756 0.200673 -2.657136 0.000000 0.000000 0.000000 1.000000
-0.195707 -0.980659 0.002471 -131.375595 0.211254 -0.039698 0.976625 15.597416 -0.957638 0.191655 0.214937 -2.276248 0.000000 0.000000 0.000000 1.000000
-0.195280 -0.980736 -0.004704 -131.326691 0.214946 -0.047478 0.975471 15.511652 -0.956903 0.189479 0.220077 -2.117327 0.000000 0.000000 0.000000 1.000000
-0.198550 -0.980045 -0.009457 -131.239227 0.211245 -0.052215 0.976037 15.567604 -0.957055 0.191794 0.217397 -2.058750 0.000000 0.000000 0.000000 1.000000
-0.199414 -0.979845 -0.011758 -131.307678 0.203506 -0.053148 0.977630 15.675092 -0.958551 0.192561 0.210003 -2.002748 0.000000 0.000000 0.000000 1.000000
-0.200719 -0.979563 -0.012972 -131.487488 0.194911 -0.052908 0.979393 15.693184 -0.960063 0.194055 0.201547 -1.882849 0.000000 0.000000 0.000000 1.000000
-0.202758 -0.979096 -0.016108 -131.670670 0.188359 -0.055139 0.980551 15.567677 -0.960942 0.195781 0.195601 -1.948088 0.000000 0.000000 0.000000 1.000000
-0.205012 -0.978617 -0.016714 -131.828140 0.183156 -0.055134 0.981537 15.464021 -0.961470 0.198165 0.190543 -2.033549 0.000000 0.000000 0.000000 1.000000
-0.205374 -0.978550 -0.016154 -131.896240 0.182398 -0.054487 0.981714 15.414631 -0.961536 0.198672 0.189676 -2.139369 0.000000 0.000000 0.000000 1.000000
-0.205374 -0.978550 -0.016153 -131.905853 0.182404 -0.054487 0.981713 15.443771 -0.961535 0.198672 0.189682 -2.297203 0.000000 0.000000 0.000000 1.000000
-0.205339 -0.978558 -0.016154 -131.940765 0.182397 -0.054480 0.981714 15.442787 -0.961544 0.198638 0.189673 -2.440642 0.000000 0.000000 0.000000 1.000000</float_array><technique_common><accessor source="#Hips-Matrix-animation-output-transform-array" count="61" stride="16"><param type="float4x4"/></accessor></technique_common></source><source id="Hips-Interpolations"><Name_array id="Hips-Interpolations-array" count="61">
 LINEAR LINEAR LINEAR LINEAR LINEAR LINEAR LINEAR LINEAR LINEAR LINEAR LINEAR
LINEAR LINEAR LINEAR LINEAR LINEAR LINEAR LINEAR LINEAR LINEAR LINEAR LINEAR LINEAR
LINEAR LINEAR LINEAR LINEAR LINEAR LINEAR LINEAR LINEAR LINEAR LINEAR LINEAR LINEAR
LINEAR LINEAR LINEAR LINEAR LINEAR LINEAR LINEAR LINEAR LINEAR LINEAR LINEAR LINEAR
LINEAR LINEAR LINEAR LINEAR LINEAR LINEAR LINEAR LINEAR LINEAR LINEAR LINEAR LINEAR
LINEAR LINEAR</Name_array><technique_common><accessor source="#Hips-Interpolations-array" count="61"><param type="name"/></accessor></technique_common></source><sampler id="Hips-Matrix-animation-transform"><input semantic="INPUT" source="#Hips-Matrix-animation-input"/><input semantic="OUTPUT" source="#Hips-Matrix-animation-output-transform"/><input semantic="INTERPOLATION" source="#Hips-Interpolations"/></sampler><channel source="#Hips-Matrix-animation-transform" target="Hips/matrix"/></animation>
    <animation id="Spine-anim" name="Spine"><source id="Spine-Matrix-animation-input"><float_array id="Spine-Matrix-animation-input-array" count="61">

0.000000 0.033333 0.066667 0.100000 0.133333 0.166667 0.200000 0.233333 0.266667 0.300000 0.333333 0.366667 0.400000 0.433333 0.466667 0.500000
0.533333 0.566667 0.600000 0.633333 0.666667 0.700000 0.733333 0.766667 0.800000 0.833333 0.866667 0.900000 0.933333 0.966667 1.000000 1.033333
1.066667 1.100000 1.133333 1.166667 1.200000 1.233333 1.266667 1.300000 1.333333 1.366667 1.400000 1.433333 1.466667 1.500000 1.533333 1.566667
1.600000 1.633333 1.666667 1.700000 1.733333 1.766667 1.800000 1.833333 1.866667 1.900000 1.933333 1.966667 2.000000</float_array><technique_common><accessor source="#Spine-Matrix-animation-input-array" count="61"><param name="TIME" type="float"/></accessor></technique_common></source><source id="Spine-Matrix-animation-output-transform"><float_array id="Spine-Matrix-animation-output-transform-array" count="976">

0.997208 0.074484 -0.005422 -0.006600 -0.073330 0.962850 -0.259891 10.822600 -0.014137 0.259563 0.965623 -0.430700 0.000000 0.000000 0.000000 1.000000
0.999541 0.029619 -0.006418 -0.006600 -0.030091 0.944797 -0.326273 10.822600 -0.003600 0.326316 0.945254 -0.430700 0.000000 0.000000 0.000000 1.000000
0.998984 0.032855 0.030839 -0.006600 -0.022576 0.957221 -0.288477 10.822600 -0.038998 0.287488 0.956990 -0.430700 0.000000 0.000000 0.000000 1.000000
0.997231 0.002843 0.074314 -0.006600 0.015350 0.969880 -0.243099 10.822600 -0.072767 0.243566 0.967151 -0.430700 0.000000 0.000000 0.000000 1.000000
0.995652 -0.017518 0.091490 -0.006600 0.037402 0.974690 -0.220408 10.822600 -0.085314 0.222872 0.971107 -0.430700 0.000000 0.000000 0.000000 1.000000
0.994303 -0.019502 0.104793 -0.006600 0.040913 0.977642 -0.206258 10.822600 -0.098427 0.209370 0.972870 -0.430700 0.000000 0.000000 0.000000 1.000000
0.991653 -0.028169 0.125819 -0.006600 0.053062 0.978536 -0.199128 10.822600 -0.117509 0.204142 0.971863 -0.430700 0.000000 0.000000 0.000000 1.000000
0.989684 -0.026043 0.140880 -0.006600 0.053798 0.978934 -0.196963 10.822600 -0.132783 0.202510 0.970236 -0.430700 0.000000 0.000000 0.000000 1.000000
0.988960 -0.020251 0.146795 -0.006600 0.048879 0.979756 -0.194135 10.822600 -0.139892 0.199167 0.969929 -0.430700 0.000000 0.000000 0.000000 1.000000
0.988753 -0.017249 0.148561 -0.006600 0.045030 0.981568 -0.185732 10.822600 -0.142619 0.190332 0.971305 -0.430700 0.000000 0.000000 0.000000 1.000000
0.988693 -0.012205 0.149454 -0.006600 0.039652 0.982484 -0.182077 10.822600 -0.144614 0.185944 0.971860 -0.430700 0.000000 0.000000 0.000000 1.000000
0.988704 -0.006636 0.149737 -0.006600 0.033667 0.983323 -0.178726 10.822600 -0.146054 0.181748 0.972438 -0.430700 0.000000 0.000000 0.000000 1.000000
0.989201 -0.000297 0.146567 -0.006600 0.026493 0.983888 -0.176812 10.822600 -0.144153 0.178786 0.973271 -0.430700 0.000000 0.000000 0.000000 1.000000
0.990063 0.003307 0.140587 -0.006600 0.021548 0.984349 -0.174905 10.822600 -0.138965 0.176197 0.974497 -0.430700 0.000000 0.000000 0.000000 1.000000
0.990307 -0.001171 0.138893 -0.006600 0.024814 0.985369 -0.168621 10.822600 -0.136663 0.170433 0.975846 -0.430700 0.000000 0.000000 0.000000 1.000000
0.990736 0.000291 0.135799 -0.006600 0.023743 0.984224 -0.175327 10.822600 -0.133708 0.176927 0.975099 -0.430700 0.000000 0.000000 0.000000 1.000000
0.991188 0.003554 0.132412 -0.006600 0.020421 0.983588 -0.179269 10.822600 -0.130876 0.180394 0.974849 -0.430700 0.000000 0.000000 0.000000 1.000000
0.991692 0.005039 0.128537 -0.006600 0.018264 0.983594 -0.179471 10.822600 -0.127333 0.180328 0.975330 -0.430700 0.000000 0.000000 0.000000 1.000000
0.992105 0.001663 0.125403 -0.006600 0.021915 0.982229 -0.186401 10.822600 -0.123484 0.187678 0.974438 -0.430700 0.000000 0.000000 0.000000 1.000000
0.992405 -0.001453 0.123008 -0.006600 0.025260 0.981029 -0.192208 10.822600 -0.120395 0.193856 0.973614 -0.430700 0.000000 0.000000 0.000000 1.000000
0.992958 -0.000942 0.118467 -0.006600 0.024386 0.980179 -0.196607 10.822600 -0.115934 0.198111 0.973299 -0.430700 0.000000 0.000000 0.000000 1.000000
0.993754 0.002901 0.111558 -0.006600 0.019228 0.980259 -0.196779 10.822600 -0.109927 0.197695 0.974080 -0.430700 0.000000 0.000000 0.000000 1.000000
0.994200 0.004233 0.107464 -0.006600 0.017616 0.979319 -0.201553 10.822600 -0.106095 0.202277 0.973565 -0.430700 0.000000 0.000000 0.000000 1.000000
0.994728 0.009194 0.102140 -0.006600 0.012698 0.977268 -0.211628 10.822600 -0.101764 0.211809 0.971998 -0.430700 0.000000 0.000000 0.000000 1.000000
0.995618 0.011592 0.092794 -0.006600 0.010219 0.972858 -0.231176 10.822600 -0.092956 0.231111 0.968477 -0.430700 0.000000 0.000000 0.000000 1.000000
0.996445 0.021615 0.081423 -0.006600 -0.001855 0.971919 -0.235308 10.822600 -0.084223 0.234320 0.968504 -0.430700 0.000000 0.000000 0.000000 1.000000
0.996937 0.048147 0.061637 -0.006600 -0.032046 0.970334 -0.239637 10.822600 -0.071346 0.236927 0.968904 -0.430700 0.000000 0.000000 0.000000 1.000000
0.995827 0.083090 0.037741 -0.006600 -0.071571 0.967653 -0.241922 10.822600 -0.056622 0.238211 0.969562 -0.430700 0.000000 0.000000 0.000000 1.000000
0.995159 0.095767 0.022059 -0.006600 -0.089241 0.974628 -0.205272 10.822600 -0.041158 0.202309 0.978456 -0.430700 0.000000 0.000000 0.000000 1.000000
0.996720 0.080381 0.009353 -0.006600 -0.077452 0.981060 -0.177544 10.822600 -0.023447 0.176237 0.984068 -0.430700 0.000000 0.000000 0.000000 1.000000
0.996415 0.084584 -0.001348 -0.006600 -0.082504 0.968148 -0.236395 10.822600 -0.018690 0.235659 0.971656 -0.430700 0.000000 0.000000 0.000000 1.000000
0.997393 0.066504 -0.028020 -0.006600 -0.071871 0.950429 -0.302522 10.822600 0.006512 0.303747 0.952730 -0.430700 0.000000 0.000000 0.000000 1.000000
0.994894 0.099339 -0.017827 -0.006600 -0.100154 0.949945 -0.295929 10.822600 -0.012462 0.296204 0.955043 -0.430700 0.000000 0.000000 0.000000 1.000000
0.995737 0.090398 0.018304 -0.006600 -0.082387 0.960970 -0.264102 10.822600 -0.041464 0.261468 0.964321 -0.430700 0.000000 0.000000 0.000000 1.000000
0.999222 0.038234 0.009696 -0.006600 -0.034220 0.962536 -0.268987 10.822600 -0.019617 0.268446 0.963095 -0.430700 0.000000 0.000000 0.000000 1.000000
0.999974 -0.006575 0.002952 -0.006600 0.007094 0.970210 -0.242163 10.822600 -0.001271 0.242178 0.970231 -0.430700 0.000000 0.000000 0.000000 1.000000
0.999818 -0.018966 0.001882 -0.006600 0.018977 0.981411 -0.190976 10.822600 0.001775 0.190977 0.981593 -0.430700 0.000000 0.000000 0.000000 1.000000
0.999955 -0.009003 -0.002902 -0.006600 0.008328 0.983389 -0.181317 10.822600 0.004486 0.181285 0.983420 -0.430700 0.000000 0.000000 0.000000 1.000000
0.999988 -0.002323 -0.004339 -0.006600 0.001441 0.981182 -0.193079 10.822600 0.004706 0.193070 0.981174 -0.430700 0.000000 0.000000 0.000000 1.000000
0.999980 -0.005993 -0.002139 -0.006600 0.005376 0.975535 -0.219777 10.822600 0.003404 0.219761 0.975548 -0.430700 0.000000 0.000000 0.000000 1.000000
0.999964 -0.008403 -0.000658 -0.006600 0.008029 0.973327 -0.229281 10.822600 0.002567 0.229268 0.973360 -0.430700 0.000000 0.000000 0.000000 1.000000
0.999908 -0.012795 -0.004459 -0.006600 0.011548 0.976863 -0.213555 10.822600 0.007089 0.213484 0.976921 -0.430700 0.000000 0.000000 0.000000 1.000000
0.999923 -0.009962 -0.007345 -0.006600 0.008541 0.984874 -0.173059 10.822600 0.008958 0.172983 0.984884 -0.430700 0.000000 0.000000 0.000000 1.000000
0.999918 -0.012705 0.001644 -0.006600 0.012806 0.987451 -0.157405 10.822600 0.000377 0.157413 0.987533 -0.430700 0.000000 0.000000 0.000000 1.000000
0.999875 -0.008947 0.013016 -0.006600 0.010752 0.989232 -0.145963 10.822600 -0.011570 0.146085 0.989204 -0.430700 0.000000 0.000000 0.000000 1.000000
0.999871 -0.003540 0.015643 -0.006600 0.005492 0.991944 -0.126560 10.822600 -0.015068 0.126630 0.991836 -0.430700 0.000000 0.000000 0.000000 1.000000
0.999877 -0.003985 0.015172 -0.006600 0.005666 0.993642 -0.112442 10.822600 -0.014627 0.112514 0.993543 -0.430700 0.000000 0.000000 0.000000 1.000000
0.999820 -0.006424 0.017832 -0.006600 0.008221 0.994692 -0.102570 10.822600 -0.017078 0.102698 0.994566 -0.430700 0.000000 0.000000 0.000000 1.000000
0.999786 -0.005503 0.019955 -0.006600 0.007316 0.995735 -0.091969 10.822600 -0.019363 0.092095 0.995562 -0.430700 0.000000 0.000000 0.000000 1.000000
0.999794 -0.003599 0.019953 -0.006600 0.005259 0.996468 -0.083811 10.822600 -0.019581 0.083898 0.996282 -0.430700 0.000000 0.000000 0.000000 1.000000
0.999762 -0.005655 0.021083 -0.006600 0.007400 0.996470 -0.083623 10.822600 -0.020535 0.083759 0.996274 -0.430700 0.000000 0.000000 0.000000 1.000000
0.999722 0.000173 0.023575 -0.006600 0.001996 0.995763 -0.091931 10.822600 -0.023491 0.091952 0.995486 -0.430700 0.000000 0.000000 0.000000 1.000000
0.999681 0.004569 0.024849 -0.006600 -0.002143 0.995301 -0.096802 10.822600 -0.025175 0.096717 0.994993 -0.430700 0.000000 0.000000 0.000000 1.000000
0.999674 0.007444 0.024433 -0.006600 -0.004927 0.994820 -0.101531 10.822600 -0.025062 0.101377 0.994532 -0.430700 0.000000 0.000000 0.000000 1.000000
0.999706 0.006326 0.023423 -0.006600 -0.003857 0.994570 -0.103999 10.822600 -0.023954 0.103878 0.994302 -0.430700 0.000000 0.000000 0.000000 1.000000
0.999737 0.005068 0.022367 -0.006600 -0.002689 0.994455 -0.105129 10.822600 -0.022776 0.105041 0.994207 -0.430700 0.000000 0.000000 0.000000 1.000000
0.999752 0.004642 0.021778 -0.006600 -0.002290 0.994278 -0.106802 10.822600 -0.022149 0.106726 0.994042 -0.430700 0.000000 0.000000 0.000000 1.000000
0.999771 0.004222 0.020985 -0.006600 -0.001971 0.994346 -0.106166 10.822600 -0.021315 0.106100 0.994127 -0.430700 0.000000 0.000000 0.000000 1.000000
0.999775 0.004072 0.020837 -0.006600 -0.001849 0.994403 -0.105634 10.822600 -0.021151 0.105572 0.994187 -0.430700 0.000000 0.000000 0.000000 1.000000
0.999774 0.004078 0.020846 -0.006600 -0.001853 0.994402 -0.105649 10.822600 -0.021160 0.105586 0.994185 -0.430700 0.000000 0.000000 0.000000 1.000000
0.999774 0.004080 0.020872 -0.006600 -0.001853 0.994403 -0.105637 10.822600 -0.021186 0.105574 0.994186 -0.430700 0.000000 0.000000 0.000000 1.000000</float_array><technique_common><accessor source="#Spine-Matrix-animation-output-transform-array" count="61" stride="16"><param type="float4x4"/></accessor></technique_common></source><source id="Spine-Interpolations"><Name_array id="Spine-Interpolations-array" count="61">
 LINEAR LINEAR LINEAR LINEAR LINEAR LINEAR LINEAR LINEAR LINEAR LINEAR LINEAR
LINEAR LINEAR LINEAR LINEAR LINEAR LINEAR LINEAR LINEAR LINEAR LINEAR LINEAR LINEAR
LINEAR LINEAR LINEAR LINEAR LINEAR LINEAR LINEAR LINEAR LINEAR LINEAR LINEAR LINEAR
LINEAR LINEAR LINEAR LINEAR LINEAR LINEAR LINEAR LINEAR LINEAR LINEAR LINEAR LINEAR
LINEAR LINEAR LINEAR LINEAR LINEAR LINEAR LINEAR LINEAR LINEAR LINEAR LINEAR LINEAR
LINEAR LINEAR</Name_array><technique_common><accessor source="#Spine-Interpolations-array" count="61"><param type="name"/></accessor></technique_common></source><sampler id="Spine-Matrix-animation-transform"><input semantic="INPUT" source="#Spine-Matrix-animation-input"/><input semantic="OUTPUT" source="#Spine-Matrix-animation-output-transform"/><input semantic="INTERPOLATION" source="#Spine-Interpolations"/></sampler><channel source="#Spine-Matrix-animation-transform" target="Spine/matrix"/></animation>
    <animation id="Spine1-anim" name="Spine1"><source id="Spine1-Matrix-animation-input"><float_array id="Spine1-Matrix-animation-input-array" count="61">

0.000000 0.033333 0.066667 0.100000 0.133333 0.166667 0.200000 0.233333 0.266667 0.300000 0.333333 0.366667 0.400000 0.433333 0.466667 0.500000
0.533333 0.566667 0.600000 0.633333 0.666667 0.700000 0.733333 0.766667 0.800000 0.833333 0.866667 0.900000 0.933333 0.966667 1.000000 1.033333
1.066667 1.100000 1.133333 1.166667 1.200000 1.233333 1.266667 1.300000 1.333333 1.366667 1.400000 1.433333 1.466667 1.500000 1.533333 1.566667
1.600000 1.633333 1.666667 1.700000 1.733333 1.766667 1.800000 1.833333 1.866667 1.900000 1.933333 1.966667 2.000000</float_array><technique_common><accessor source="#Spine1-Matrix-animation-input-array" count="61"><param name="TIME" type="float"/></accessor></technique_common></source><source id="Spine1-Matrix-animation-output-transform"><float_array id="Spine1-Matrix-animation-output-transform-array" count="976">

0.998759 0.048816 0.009843 -0.000000 -0.047557 0.993615 -0.102308 12.626300 -0.014774 0.101713 0.994704 -0.211200 0.000000 0.000000 0.000000 1.000000
0.999612 -0.017381 -0.021785 0.000000 0.014002 0.989090 -0.146647 12.626300 0.024096 0.146285 0.988949 -0.211200 0.000000 0.000000 0.000000 1.000000
0.997946 -0.044623 0.045955 0.000000 0.048708 0.994567 -0.092005 12.626300 -0.041599 0.094054 0.994698 -0.211200 0.000000 0.000000 0.000000 1.000000
0.990170 -0.084856 0.111191 0.000000 0.090000 0.995053 -0.042074 12.626300 -0.107071 0.051667 0.992908 -0.211200 0.000000 0.000000 0.000000 1.000000
0.985949 -0.099351 0.134290 0.000000 0.099133 0.995039 0.008323 12.626300 -0.134451 0.005107 0.990907 -0.211200 0.000000 0.000000 0.000000 1.000000
0.983876 -0.084546 0.157610 0.000000 0.078323 0.995898 0.045297 12.626300 -0.160793 -0.032222 0.986462 -0.211200 0.000000 0.000000 0.000000 1.000000
0.978689 -0.081839 0.188336 0.000000 0.068647 0.994777 0.075544 12.626300 -0.193535 -0.061005 0.979195 -0.211200 0.000000 0.000000 0.000000 1.000000
0.972891 -0.087179 0.214201 0.000000 0.069520 0.993634 0.088651 12.626300 -0.220566 -0.071357 0.972758 -0.211200 0.000000 0.000000 0.000000 1.000000
0.970412 -0.076540 0.229002 0.000000 0.057890 0.994517 0.087087 12.626300 -0.234412 -0.071253 0.969523 -0.211200 0.000000 0.000000 0.000000 1.000000
0.969559 -0.067903 0.235256 -0.000000 0.048764 0.995080 0.086241 12.626300 -0.239955 -0.072144 0.968100 -0.211200 0.000000 0.000000 0.000000 1.000000
0.968803 -0.059685 0.240539 0.000000 0.040789 0.995732 0.082787 12.626300 -0.244454 -0.070393 0.967103 -0.211200 0.000000 0.000000 0.000000 1.000000
0.968051 -0.047698 0.246174 -0.000000 0.030169 0.996765 0.074492 12.626300 -0.248930 -0.064685 0.966359 -0.211200 0.000000 0.000000 0.000000 1.000000
0.968529 -0.033665 0.246615 0.000000 0.018724 0.997858 0.062681 12.626300 -0.248197 -0.056091 0.967084 -0.211200 0.000000 0.000000 0.000000 1.000000
0.970387 -0.021471 0.240598 0.000000 0.009565 0.998676 0.050543 12.626300 -0.241365 -0.046745 0.969308 -0.211200 0.000000 0.000000 0.000000 1.000000
0.971052 -0.011661 0.238583 -0.000000 0.002301 0.999218 0.039474 12.626300 -0.238857 -0.037782 0.970320 -0.211200 0.000000 0.000000 0.000000 1.000000
0.971820 -0.001851 0.235716 -0.000000 -0.004307 0.999663 0.025607 12.626300 -0.235684 -0.025901 0.971485 -0.211200 0.000000 0.000000 0.000000 1.000000
0.972384 0.004327 0.233347 -0.000000 -0.006896 0.999924 0.010195 12.626300 -0.233285 -0.011522 0.972340 -0.211200 0.000000 0.000000 0.000000 1.000000
0.973410 0.006978 0.228964 0.000000 -0.005816 0.999967 -0.005747 12.626300 -0.228996 0.004262 0.973418 -0.211200 0.000000 0.000000 0.000000 1.000000
0.974682 0.010573 0.223347 0.000000 -0.005843 0.999745 -0.021827 12.626300 -0.223520 0.019969 0.974495 -0.211200 0.000000 0.000000 0.000000 1.000000
0.975738 0.009303 0.218742 0.000000 -0.001011 0.999278 -0.037991 12.626300 -0.218938 0.036849 0.975043 -0.211200 0.000000 0.000000 0.000000 1.000000
0.977357 0.008324 0.211432 -0.000000 0.003084 0.998559 -0.053571 12.626300 -0.211574 0.053010 0.975923 -0.211200 0.000000 0.000000 0.000000 1.000000
0.979614 0.009203 0.200677 0.000000 0.004423 0.997720 -0.067347 12.626300 -0.200839 0.066862 0.977340 -0.211200 0.000000 0.000000 0.000000 1.000000
0.980716 0.014911 0.194867 -0.000000 0.000295 0.996971 -0.077772 12.626300 -0.195436 0.076329 0.977742 -0.211200 0.000000 0.000000 0.000000 1.000000
0.982036 0.015585 0.188050 0.000000 0.001103 0.996092 -0.088310 12.626300 -0.188691 0.086931 0.978181 -0.211200 0.000000 0.000000 0.000000 1.000000
0.983759 0.031910 0.176636 0.000000 -0.015298 0.995396 -0.094621 12.626300 -0.178843 0.090382 0.979718 -0.211200 0.000000 0.000000 0.000000 1.000000
0.984997 0.051375 0.164748 -0.000000 -0.035687 0.994663 -0.096810 12.626300 -0.168842 0.089478 0.981573 -0.211200 0.000000 0.000000 0.000000 1.000000
0.988325 0.065470 0.137580 -0.000000 -0.048902 0.991504 -0.120534 12.626300 -0.144302 0.112399 0.983129 -0.211200 0.000000 0.000000 0.000000 1.000000
0.991958 0.076323 0.100963 0.000000 -0.059879 0.985797 -0.156905 12.626300 -0.111504 0.149597 0.982440 -0.211200 0.000000 0.000000 0.000000 1.000000
0.994941 0.081658 0.058521 0.000000 -0.067770 0.975554 -0.209049 12.626300 -0.074161 0.204025 0.976153 -0.211200 0.000000 0.000000 0.000000 1.000000
0.996448 0.082712 0.015813 0.000000 -0.075129 0.958000 -0.276750 12.626300 -0.038040 0.274579 0.960812 -0.211200 0.000000 0.000000 0.000000 1.000000
0.998357 0.057131 0.004305 -0.000000 -0.053579 0.957618 -0.283014 12.626300 -0.020291 0.282318 0.959106 -0.211200 0.000000 0.000000 0.000000 1.000000
0.998617 0.043003 -0.030237 0.000000 -0.048928 0.970655 -0.235444 12.626300 0.019225 0.236598 0.971417 -0.211200 0.000000 0.000000 0.000000 1.000000
0.999948 0.000754 -0.010204 0.000000 -0.002755 0.980275 -0.197620 12.626300 0.009853 0.197638 0.980226 -0.211200 0.000000 0.000000 0.000000 1.000000
0.997017 -0.067936 0.036643 -0.000000 0.073343 0.981760 -0.175407 12.626300 -0.024058 0.177571 0.983814 -0.211200 0.000000 0.000000 0.000000 1.000000
0.996668 -0.081324 0.006315 0.000000 0.081392 0.986419 -0.142662 12.626300 0.005372 0.142700 0.989751 -0.211200 0.000000 0.000000 0.000000 1.000000
0.998060 -0.061279 -0.010977 -0.000000 0.059886 0.993225 -0.099585 12.626300 0.017005 0.098735 0.994968 -0.211200 0.000000 0.000000 0.000000 1.000000
0.997062 -0.075113 -0.015012 -0.000000 0.073729 0.994239 -0.077799 12.626300 0.020770 0.076463 0.996856 -0.211200 0.000000 0.000000 0.000000 1.000000
0.995286 -0.093999 -0.023887 0.000000 0.092273 0.993593 -0.065260 12.626300 0.029869 0.062748 0.997582 -0.211200 0.000000 0.000000 0.000000 1.000000
0.995720 -0.088819 -0.025562 0.000000 0.087299 0.994638 -0.055446 12.626300 0.030349 0.052977 0.998134 -0.211200 0.000000 0.000000 0.000000 1.000000
0.996200 -0.083455 -0.024920 0.000000 0.082121 0.995343 -0.050475 12.626300 0.029016 0.048236 0.998414 -0.211200 0.000000 0.000000 0.000000 1.000000
0.996709 -0.077633 -0.023326 0.000000 0.076734 0.996355 -0.037253 12.626300 0.026133 0.035341 0.999034 -0.211200 0.000000 0.000000 0.000000 1.000000
0.996497 -0.077816 -0.030640 0.000000 0.077341 0.996870 -0.016382 12.626300 0.031819 0.013955 0.999396 -0.211200 0.000000 0.000000 0.000000 1.000000
0.996155 -0.081716 -0.031589 0.000000 0.081988 0.996606 0.007420 12.626300 0.030875 -0.009982 0.999473 -0.211200 0.000000 0.000000 0.000000 1.000000
0.996406 -0.083008 -0.016873 0.000000 0.083196 0.996475 0.010792 12.626300 0.015918 -0.012157 0.999799 -0.211200 0.000000 0.000000 0.000000 1.000000
0.996400 -0.084534 0.006364 0.000000 0.084510 0.996415 0.003980 12.626300 -0.006677 -0.003428 0.999972 -0.211200 0.000000 0.000000 0.000000 1.000000
0.997109 -0.073987 0.017297 0.000000 0.073896 0.997249 0.005805 12.626300 -0.017679 -0.004510 0.999834 -0.211200 0.000000 0.000000 0.000000 1.000000
0.997850 -0.062633 0.019297 0.000000 0.062399 0.997973 0.012485 12.626300 -0.020040 -0.011254 0.999736 -0.211200 0.000000 0.000000 0.000000 1.000000
0.997876 -0.060413 0.024378 0.000000 0.059920 0.997993 0.020468 12.626300 -0.025566 -0.018963 0.999493 -0.211200 0.000000 0.000000 0.000000 1.000000
0.997636 -0.062116 0.029398 0.000000 0.061413 0.997818 0.024261 12.626300 -0.030840 -0.022398 0.999273 -0.211200 0.000000 0.000000 0.000000 1.000000
0.997367 -0.065980 0.030106 0.000000 0.065367 0.997642 0.020924 12.626300 -0.031416 -0.018900 0.999328 -0.211200 0.000000 0.000000 0.000000 1.000000
0.996945 -0.071648 0.031097 -0.000000 0.071119 0.997309 0.017779 12.626300 -0.032288 -0.015513 0.999358 -0.211200 0.000000 0.000000 0.000000 1.000000
0.996558 -0.074430 0.036495 -0.000000 0.073881 0.997136 0.016160 12.626300 -0.037594 -0.013408 0.999203 -0.211200 0.000000 0.000000 0.000000 1.000000
0.996401 -0.074805 0.039865 0.000000 0.074235 0.997119 0.015595 12.626300 -0.040917 -0.012579 0.999083 -0.211200 0.000000 0.000000 0.000000 1.000000
0.996607 -0.071989 0.039897 0.000000 0.071438 0.997331 0.015081 12.626300 -0.040876 -0.012180 0.999090 -0.211200 0.000000 0.000000 0.000000 1.000000
0.996844 -0.069775 0.037849 0.000000 0.069323 0.997508 0.013116 12.626300 -0.038670 -0.010451 0.999197 -0.211200 0.000000 0.000000 0.000000 1.000000
0.997009 -0.068611 0.035581 -0.000000 0.068186 0.997588 0.013025 12.626300 -0.036389 -0.010560 0.999282 -0.211200 0.000000 0.000000 0.000000 1.000000
0.997058 -0.068572 0.034265 0.000000 0.068154 0.997587 0.013218 12.626300 -0.035089 -0.010843 0.999325 -0.211200 0.000000 0.000000 0.000000 1.000000
0.997107 -0.068588 0.032756 0.000000 0.068169 0.997579 0.013725 12.626300 -0.033618 -0.011453 0.999369 -0.211200 0.000000 0.000000 0.000000 1.000000
0.997110 -0.068632 0.032563 0.000000 0.068204 0.997572 0.014084 12.626300 -0.033451 -0.011823 0.999370 -0.211200 0.000000 0.000000 0.000000 1.000000
0.997111 -0.068631 0.032563 -0.000000 0.068203 0.997572 0.014075 12.626300 -0.033450 -0.011814 0.999371 -0.211200 0.000000 0.000000 0.000000 1.000000
0.997111 -0.068630 0.032563 0.000000 0.068202 0.997572 0.014085 12.626300 -0.033451 -0.011823 0.999370 -0.211200 0.000000 0.000000 0.000000 1.000000</float_array><technique_common><accessor source="#Spine1-Matrix-animation-output-transform-array" count="61" stride="16"><param type="float4x4"/></accessor></technique_common></source><source id="Spine1-Interpolations"><Name_array id="Spine1-Interpolations-array" count="61">
 LINEAR LINEAR LINEAR LINEAR LINEAR LINEAR LINEAR LINEAR LINEAR LINEAR LINEAR
LINEAR LINEAR LINEAR LINEAR LINEAR LINEAR LINEAR LINEAR LINEAR LINEAR LINEAR LINEAR
LINEAR LINEAR LINEAR LINEAR LINEAR LINEAR LINEAR LINEAR LINEAR LINEAR LINEAR LINEAR
LINEAR LINEAR LINEAR LINEAR LINEAR LINEAR LINEAR LINEAR LINEAR LINEAR LINEAR LINEAR
LINEAR LINEAR LINEAR LINEAR LINEAR LINEAR LINEAR LINEAR LINEAR LINEAR LINEAR LINEAR
LINEAR LINEAR</Name_array><technique_common><accessor source="#Spine1-Interpolations-array" count="61"><param type="name"/></accessor></technique_common></source><sampler id="Spine1-Matrix-animation-transform"><input semantic="INPUT" source="#Spine1-Matrix-animation-input"/><input semantic="OUTPUT" source="#Spine1-Matrix-animation-output-transform"/><input semantic="INTERPOLATION" source="#Spine1-Interpolations"/></sampler><channel source="#Spine1-Matrix-animation-transform" target="Spine1/matrix"/></animation>
    <animation id="Spine2-anim" name="Spine2"><source id="Spine2-Matrix-animation-input"><float_array id="Spine2-Matrix-animation-input-array" count="61">

0.000000 0.033333 0.066667 0.100000 0.133333 0.166667 0.200000 0.233333 0.266667 0.300000 0.333333 0.366667 0.400000 0.433333 0.466667 0.500000
0.533333 0.566667 0.600000 0.633333 0.666667 0.700000 0.733333 0.766667 0.800000 0.833333 0.866667 0.900000 0.933333 0.966667 1.000000 1.033333
1.066667 1.100000 1.133333 1.166667 1.200000 1.233333 1.266667 1.300000 1.333333 1.366667 1.400000 1.433333 1.466667 1.500000 1.533333 1.566667
1.600000 1.633333 1.666667 1.700000 1.733333 1.766667 1.800000 1.833333 1.866667 1.900000 1.933333 1.966667 2.000000</float_array><technique_common><accessor source="#Spine2-Matrix-animation-input-array" count="61"><param name="TIME" type="float"/></accessor></technique_common></source><source id="Spine2-Matrix-animation-output-transform"><float_array id="Spine2-Matrix-animation-output-transform-array" count="976">

0.998690 0.049895 0.011313 -0.000000 -0.048482 0.993577 -0.102243 14.430100 -0.016341 0.101561 0.994695 0.000000 0.000000 0.000000 0.000000 1.000000
0.999685 -0.017066 -0.018386 0.000000 0.014189 0.989090 -0.146627 14.430100 0.020688 0.146320 0.989021 0.000000 0.000000 0.000000 0.000000 1.000000
0.997894 -0.042389 0.049105 0.000000 0.046766 0.994686 -0.091722 14.430100 -0.044956 0.093826 0.994573 0.000000 0.000000 0.000000 0.000000 1.000000
0.990129 -0.082337 0.113423 0.000000 0.087580 0.995270 -0.042043 14.430100 -0.109424 0.051561 0.992657 -0.000000 0.000000 0.000000 0.000000 1.000000
0.985935 -0.096884 0.136185 0.000000 0.096739 0.995280 0.007703 14.430100 -0.136289 0.005580 0.990653 -0.000000 0.000000 0.000000 0.000000 1.000000
0.983826 -0.081948 0.159280 -0.000000 0.075906 0.996158 0.043667 14.430100 -0.162246 -0.030871 0.986267 0.000000 0.000000 0.000000 0.000000 1.000000
0.978576 -0.078722 0.190239 -0.000000 0.065979 0.995189 0.072425 14.430100 -0.195025 -0.058321 0.979063 -0.000000 0.000000 0.000000 0.000000 1.000000
0.972732 -0.083446 0.216398 0.000000 0.066427 0.994184 0.084773 14.430100 -0.222214 -0.068087 0.972618 -0.000000 0.000000 0.000000 0.000000 1.000000
0.970230 -0.072459 0.231091 0.000000 0.054601 0.995072 0.082767 14.430100 -0.235950 -0.067685 0.969405 0.000000 0.000000 0.000000 0.000000 1.000000
0.969356 -0.063790 0.237232 0.000000 0.045506 0.995612 0.081772 14.430100 -0.241407 -0.068471 0.968005 0.000000 0.000000 0.000000 0.000000 1.000000
0.968598 -0.055303 0.242404 0.000000 0.037302 0.996237 0.078235 14.430100 -0.245819 -0.066737 0.967016 0.000000 0.000000 0.000000 0.000000 1.000000
0.967860 -0.043132 0.247764 0.000000 0.026563 0.997205 0.069830 14.430100 -0.250083 -0.061004 0.966301 -0.000000 0.000000 0.000000 0.000000 1.000000
0.968368 -0.028983 0.247837 0.000000 0.014991 0.998195 0.058157 14.430100 -0.249075 -0.052602 0.967055 0.000000 0.000000 0.000000 0.000000 1.000000
0.970264 -0.016739 0.241470 0.000000 0.005694 0.998908 0.046364 14.430100 -0.241982 -0.043610 0.969300 0.000000 0.000000 0.000000 0.000000 1.000000
0.970964 -0.007132 0.239121 0.000000 -0.001282 0.999386 0.035015 14.430100 -0.239224 -0.034305 0.970358 0.000000 0.000000 0.000000 0.000000 1.000000
0.971786 0.003145 0.235842 -0.000000 -0.008333 0.999745 0.021006 14.430100 -0.235716 -0.022379 0.971564 -0.000000 0.000000 0.000000 0.000000 1.000000
0.972403 0.009622 0.233109 0.000000 -0.011283 0.999920 0.005790 14.430100 -0.233035 -0.008261 0.972433 0.000000 0.000000 0.000000 0.000000 1.000000
0.973476 0.012309 0.228460 0.000000 -0.010343 0.999898 -0.009799 14.430100 -0.228557 0.007176 0.973504 -0.000000 0.000000 0.000000 0.000000 1.000000
0.974809 0.016196 0.222453 0.000000 -0.010689 0.999606 -0.025939 14.430100 -0.222786 0.022908 0.974598 0.000000 0.000000 0.000000 0.000000 1.000000
0.975921 0.015158 0.217597 0.000000 -0.006145 0.999097 -0.042038 14.430100 -0.218038 0.039688 0.975133 -0.000000 0.000000 0.000000 0.000000 1.000000
0.977569 0.014270 0.210134 0.000000 -0.002262 0.998356 -0.057276 14.430100 -0.210605 0.055516 0.975993 0.000000 0.000000 0.000000 0.000000 1.000000
0.979824 0.014936 0.199304 0.000000 -0.000861 0.997510 -0.070521 14.430100 -0.199861 0.068926 0.977397 0.000000 0.000000 0.000000 0.000000 1.000000
0.980954 0.020741 0.193129 -0.000000 -0.005135 0.996704 -0.080957 14.430100 -0.194172 0.078424 0.977828 0.000000 0.000000 0.000000 0.000000 1.000000
0.982277 0.021697 0.186173 0.000000 -0.004697 0.995815 -0.091269 14.430100 -0.187374 0.088777 0.978269 0.000000 0.000000 0.000000 0.000000 1.000000
0.984041 0.038450 0.173741 -0.000000 -0.021605 0.994969 -0.097821 14.430100 -0.176628 0.092506 0.979921 -0.000000 0.000000 0.000000 0.000000 1.000000
0.985251 0.057780 0.161067 0.000000 -0.042013 0.994137 -0.099637 14.430100 -0.165880 0.091400 0.981901 0.000000 0.000000 0.000000 0.000000 1.000000
0.988418 0.070830 0.134213 0.000000 -0.054458 0.991040 -0.121957 14.430100 -0.141649 0.113235 0.983419 -0.000000 0.000000 0.000000 0.000000 1.000000
0.991877 0.080293 0.098658 0.000000 -0.064197 0.985561 -0.156680 14.430100 -0.109813 0.149074 0.982710 -0.000000 0.000000 0.000000 0.000000 1.000000
0.994759 0.083774 0.058621 0.000000 -0.069887 0.975578 -0.208241 14.430100 -0.074634 0.203052 0.976319 -0.000000 0.000000 0.000000 0.000000 1.000000
