<?xml version="1.0" encoding="utf-8"?>
<COLLADA xmlns="http://www.collada.org/2005/11/COLLADASchema" version="1.4.1">
  <asset><contributor><author>Mixamo</author><authoring_tool>COLLADA Mixamo exporter</authoring_tool><comments></comments></contributor><created>2020-08-05T15:26:42Z</created><modified>2020-08-05T15:26:42Z</modified><revision></revision><title></title><unit meter="0.010000"/><up_axis>Y_UP</up_axis></asset>
  <library_animations>
    <animation id="Hips-anim" name="Hips"><source id="Hips-Matrix-animation-input"><float_array id="Hips-Matrix-animation-input-array" count="301">

0.000000 0.033333 0.066667 0.100000 0.133333 0.166667 0.200000 0.233333 0.266667 0.300000 0.333333 0.366667 0.400000 0.433333 0.466667 0.500000
0.533333 0.566667 0.600000 0.633333 0.666667 0.700000 0.733333 0.766667 0.800000 0.833333 0.866667 0.900000 0.933333 0.966667 1.000000 1.033333
1.066667 1.100000 1.133333 1.166667 1.200000 1.233333 1.266667 1.300000 1.333333 1.366667 1.400000 1.433333 1.466667 1.500000 1.533333 1.566667
1.600000 1.633333 1.666667 1.700000 1.733333 1.766667 1.800000 1.833333 1.866667 1.900000 1.933333 1.966667 2.000000 2.033333 2.066667 2.100000
2.133333 2.166667 2.200000 2.233333 2.266667 2.300000 2.333333 2.366667 2.400000 2.433333 2.466667 2.500000 2.533333 2.566667 2.600000 2.633333
2.666667 2.700000 2.733333 2.766667 2.800000 2.833333 2.866667 2.900000 2.933333 2.966667 3.000000 3.033333 3.066667 3.100000 3.133333 3.166667
3.200000 3.233333 3.266667 3.300000 3.333333 3.366667 3.400000 3.433333 3.466667 3.500000 3.533333 3.566667 3.600000 3.633333 3.666667 3.700000
3.733333 3.766667 3.800000 3.833333 3.866667 3.900000 3.933333 3.966667 4.000000 4.033333 4.066667 4.100000 4.133333 4.166667 4.200000 4.233333
4.266667 4.300000 4.333333 4.366667 4.400000 4.433333 4.466667 4.500000 4.533333 4.566667 4.600000 4.633333 4.666667 4.700000 4.733333 4.766667
4.800000 4.833333 4.866667 4.900000 4.933333 4.966667 5.000000 5.033333 5.066667 5.100000 5.133333 5.166667 5.200000 5.233333 5.266667 5.300000
5.333333 5.366667 5.400000 5.433333 5.466667 5.500000 5.533333 5.566667 5.600000 5.633333 5.666667 5.700000 5.733333 5.766667 5.800000 5.833333
5.866667 5.900000 5.933333 5.966667 6.000000 6.033333 6.066667 6.100000 6.133333 6.166667 6.200000 6.233333 6.266667 6.300000 6.333333 6.366667
6.400000 6.433333 6.466667 6.500000 6.533333 6.566667 6.600000 6.633333 6.666667 6.700000 6.733333 6.766667 6.800000 6.833333 6.866667 6.900000
6.933333 6.966667 7.000000 7.033333 7.066667 7.100000 7.133333 7.166667 7.200000 7.233333 7.266667 7.300000 7.333333 7.366667 7.400000 7.433333
7.466667 7.500000 7.533333 7.566667 7.600000 7.633333 7.666667 7.700000 7.733333 7.766667 7.800000 7.833333 7.866667 7.900000 7.933333 7.966667
8.000000 8.033333 8.066667 8.100000 8.133333 8.166667 8.200000 8.233333 8.266667 8.300000 8.333333 8.366667 8.400000 8.433333 8.466667 8.500000
8.533333 8.566667 8.600000 8.633333 8.666667 8.700000 8.733333 8.766667 8.800000 8.833333 8.866667 8.900000 8.933333 8.966667 9.000000 9.033333
9.066667 9.100000 9.133333 9.166667 9.200000 9.233333 9.266667 9.300000 9.333333 9.366667 9.400000 9.433333 9.466667 9.500000 9.533333 9.566667
9.600000 9.633333 9.666667 9.700000 9.733333 9.766667 9.800000 9.833333 9.866667 9.900000 9.933333 9.966667 10.000000</float_array><technique_common><accessor source="#Hips-Matrix-animation-input-array" count="301"><param name="TIME" type="float"/></accessor></technique_common></source><source id="Hips-Matrix-animation-output-transform"><float_array id="Hips-Matrix-animation-output-transform-array" count="4816">

0.728963 0.051611 -0.682605 0.069593 0.001993 0.996990 0.077509 110.343941 0.684550 -0.057862 0.726666 -0.871938 0.000000 0.000000 0.000000 1.000000
0.728659 0.051873 -0.682909 0.084103 0.002004 0.996962 0.077866 110.356262 0.684874 -0.058106 0.726341 -0.884744 0.000000 0.000000 0.000000 1.000000
0.728441 0.052201 -0.683117 0.100707 0.001939 0.996932 0.078249 110.369331 0.685106 -0.058324 0.726105 -0.892367 0.000000 0.000000 0.000000 1.000000
0.728438 0.052588 -0.683090 0.117314 0.001768 0.996902 0.078632 110.384171 0.685109 -0.058486 0.726089 -0.891090 0.000000 0.000000 0.000000 1.000000
0.728717 0.053009 -0.682760 0.130902 0.001538 0.996870 0.079039 110.401154 0.684813 -0.058647 0.726355 -0.877679 0.000000 0.000000 0.000000 1.000000
0.729214 0.053459 -0.682194 0.139647 0.001353 0.996829 0.079561 110.419693 0.684284 -0.058940 0.726829 -0.851436 0.000000 0.000000 0.000000 1.000000
0.729771 0.053941 -0.681561 0.144054 0.001273 0.996774 0.080252 110.440422 0.683691 -0.059433 0.727348 -0.814264 0.000000 0.000000 0.000000 1.000000
0.730219 0.054408 -0.681043 0.145982 0.001284 0.996713 0.081002 110.466507 0.683212 -0.060024 0.727749 -0.768559 0.000000 0.000000 0.000000 1.000000
0.730465 0.054775 -0.680750 0.147515 0.001319 0.996664 0.081609 110.500488 0.682949 -0.060511 0.727955 -0.715588 0.000000 0.000000 0.000000 1.000000
0.730491 0.055030 -0.680701 0.151123 0.001323 0.996632 0.081991 110.540382 0.682921 -0.060794 0.727958 -0.656201 0.000000 0.000000 0.000000 1.000000
0.730332 0.055264 -0.680854 0.160368 0.001292 0.996609 0.082279 110.579170 0.683092 -0.060971 0.727783 -0.592602 0.000000 0.000000 0.000000 1.000000
0.730077 0.055568 -0.681101 0.177907 0.001287 0.996575 0.082686 110.608940 0.683363 -0.061244 0.727505 -0.528702 0.000000 0.000000 0.000000 1.000000
0.729932 0.055967 -0.681224 0.201562 0.001355 0.996522 0.083323 110.627312 0.683518 -0.061743 0.727318 -0.467674 0.000000 0.000000 0.000000 1.000000
0.730123 0.056446 -0.680980 0.224317 0.001454 0.996452 0.084154 110.640404 0.683314 -0.062433 0.727450 -0.409874 0.000000 0.000000 0.000000 1.000000
0.730658 0.056982 -0.680361 0.239370 0.001478 0.996377 0.085036 110.659225 0.682742 -0.063138 0.727927 -0.354075 0.000000 0.000000 0.000000 1.000000
0.731218 0.057514 -0.679714 0.246347 0.001359 0.996314 0.085765 110.691452 0.682142 -0.063637 0.728445 -0.300540 0.000000 0.000000 0.000000 1.000000
0.731395 0.057957 -0.679487 0.250567 0.001119 0.996279 0.086182 110.735809 0.681953 -0.063794 0.728608 -0.251251 0.000000 0.000000 0.000000 1.000000
0.731065 0.058276 -0.679814 0.257275 0.000839 0.996268 0.086306 110.783691 0.682307 -0.063665 0.728288 -0.207250 0.000000 0.000000 0.000000 1.000000
0.730496 0.058525 -0.680405 0.267221 0.000589 0.996267 0.086326 110.825851 0.682917 -0.063461 0.727734 -0.166475 0.000000 0.000000 0.000000 1.000000
0.730067 0.058765 -0.680844 0.277780 0.000406 0.996258 0.086425 110.857498 0.683375 -0.063373 0.727312 -0.124881 0.000000 0.000000 0.000000 1.000000
0.729963 0.058996 -0.680936 0.286274 0.000304 0.996240 0.086639 110.879929 0.683487 -0.063451 0.727200 -0.078723 0.000000 0.000000 0.000000 1.000000
0.730116 0.059174 -0.680756 0.291691 0.000283 0.996217 0.086898 110.898155 0.683323 -0.063638 0.727338 -0.026877 0.000000 0.000000 0.000000 1.000000
0.730361 0.059280 -0.680485 0.294666 0.000326 0.996197 0.087133 110.916641 0.683062 -0.063860 0.727563 0.028725 0.000000 0.000000 0.000000 1.000000
0.730556 0.059329 -0.680270 0.296511 0.000402 0.996181 0.087312 110.936218 0.682852 -0.064059 0.727743 0.083805 0.000000 0.000000 0.000000 1.000000
0.730608 0.059329 -0.680215 0.298583 0.000485 0.996172 0.087408 110.954247 0.682797 -0.064191 0.727783 0.132817 0.000000 0.000000 0.000000 1.000000
0.730465 0.059271 -0.680374 0.301760 0.000561 0.996175 0.087384 110.967934 0.682950 -0.064213 0.727637 0.170283 0.000000 0.000000 0.000000 1.000000
0.730170 0.059171 -0.680699 0.305550 0.000598 0.996187 0.087237 110.977287 0.683265 -0.064105 0.727351 0.193113 0.000000 0.000000 0.000000 1.000000
0.729858 0.059078 -0.681041 0.308589 0.000556 0.996207 0.087014 110.984161 0.683598 -0.063887 0.727057 0.202034 0.000000 0.000000 0.000000 1.000000
0.729622 0.059020 -0.681299 0.310424 0.000442 0.996228 0.086775 110.988220 0.683851 -0.063615 0.726844 0.199571 0.000000 0.000000 0.000000 1.000000
0.729451 0.058973 -0.681486 0.312558 0.000325 0.996247 0.086559 110.984734 0.684033 -0.063362 0.726694 0.187171 0.000000 0.000000 0.000000 1.000000
0.729326 0.058914 -0.681625 0.316699 0.000276 0.996260 0.086404 110.967644 0.684166 -0.063205 0.726582 0.164809 0.000000 0.000000 0.000000 1.000000
0.729303 0.058885 -0.681652 0.323066 0.000289 0.996263 0.086372 110.936485 0.684190 -0.063188 0.726561 0.132970 0.000000 0.000000 0.000000 1.000000
0.729456 0.058946 -0.681483 0.329631 0.000295 0.996253 0.086488 110.899200 0.684028 -0.063290 0.726705 0.093582 0.000000 0.000000 0.000000 1.000000
0.729738 0.059080 -0.681169 0.333547 0.000239 0.996238 0.086662 110.868530 0.683726 -0.063403 0.726979 0.049766 0.000000 0.000000 0.000000 1.000000
0.729959 0.059145 -0.680928 0.333789 0.000152 0.996235 0.086695 110.853340 0.683491 -0.063387 0.727201 0.003898 0.000000 0.000000 0.000000 1.000000
0.729912 0.059003 -0.680990 0.332718 0.000113 0.996257 0.086440 110.851341 0.683542 -0.063171 0.727173 -0.043767 0.000000 0.000000 0.000000 1.000000
0.729555 0.058673 -0.681401 0.334506 0.000167 0.996298 0.085966 110.849854 0.683922 -0.062830 0.726844 -0.094823 0.000000 0.000000 0.000000 1.000000
0.729094 0.058333 -0.681923 0.340687 0.000276 0.996336 0.085524 110.834244 0.684413 -0.062543 0.726407 -0.149700 0.000000 0.000000 0.000000 1.000000
0.728835 0.058136 -0.682217 0.348438 0.000382 0.996354 0.085313 110.799255 0.684690 -0.062440 0.726155 -0.205323 0.000000 0.000000 0.000000 1.000000
0.728908 0.058054 -0.682146 0.353316 0.000475 0.996355 0.085302 110.752708 0.684612 -0.062501 0.726223 -0.256938 0.000000 0.000000 0.000000 1.000000
0.729142 0.057944 -0.681905 0.353306 0.000590 0.996356 0.085296 110.708893 0.684363 -0.062595 0.726450 -0.302051 0.000000 0.000000 0.000000 1.000000
0.729231 0.057724 -0.681829 0.349654 0.000744 0.996368 0.085149 110.677971 0.684267 -0.062600 0.726539 -0.342545 0.000000 0.000000 0.000000 1.000000
0.728995 0.057426 -0.682106 0.344634 0.000914 0.996392 0.084862 110.659775 0.684518 -0.062487 0.726313 -0.383241 0.000000 0.000000 0.000000 1.000000
0.728496 0.057110 -0.682665 0.340323 0.001085 0.996422 0.084515 110.645859 0.685049 -0.062309 0.725827 -0.429298 0.000000 0.000000 0.000000 1.000000
0.727949 0.056812 -0.683274 0.338167 0.001243 0.996450 0.084176 110.627022 0.685631 -0.062125 0.725294 -0.483612 0.000000 0.000000 0.000000 1.000000
0.727550 0.056555 -0.683719 0.338471 0.001360 0.996476 0.083872 110.599487 0.686053 -0.061951 0.724909 -0.545684 0.000000 0.000000 0.000000 1.000000
0.727386 0.056347 -0.683911 0.339988 0.001409 0.996498 0.083599 110.566162 0.686227 -0.061772 0.724760 -0.611976 0.000000 0.000000 0.000000 1.000000
0.727425 0.056152 -0.683885 0.341135 0.001417 0.996521 0.083329 110.533386 0.686185 -0.061584 0.724815 -0.677949 0.000000 0.000000 0.000000 1.000000
0.727584 0.055907 -0.683736 0.341812 0.001451 0.996546 0.083029 110.506439 0.686017 -0.061402 0.724990 -0.739716 0.000000 0.000000 0.000000 1.000000
0.727752 0.055582 -0.683584 0.344010 0.001556 0.996574 0.082688 110.485710 0.685838 -0.061240 0.725173 -0.794281 0.000000 0.000000 0.000000 1.000000
0.727805 0.055205 -0.683559 0.350071 0.001720 0.996605 0.082318 110.467499 0.685782 -0.061087 0.725239 -0.839124 0.000000 0.000000 0.000000 1.000000
0.727664 0.054851 -0.683737 0.360039 0.001885 0.996634 0.081958 110.447899 0.685931 -0.060927 0.725112 -0.872909 0.000000 0.000000 0.000000 1.000000
0.727362 0.054604 -0.684078 0.371431 0.001985 0.996658 0.081665 110.426712 0.686251 -0.060758 0.724822 -0.896637 0.000000 0.000000 0.000000 1.000000
0.727014 0.054485 -0.684458 0.381330 0.002003 0.996674 0.081466 110.406540 0.686620 -0.060598 0.724487 -0.913697 0.000000 0.000000 0.000000 1.000000
0.726752 0.054428 -0.684741 0.387932 0.001976 0.996686 0.081320 110.390114 0.686897 -0.060453 0.724236 -0.928099 0.000000 0.000000 0.000000 1.000000
0.726656 0.054332 -0.684849 0.391101 0.001954 0.996700 0.081146 110.378273 0.686998 -0.060303 0.724152 -0.942499 0.000000 0.000000 0.000000 1.000000
0.726726 0.054151 -0.684789 0.392150 0.001946 0.996722 0.080883 110.370529 0.686924 -0.060112 0.724239 -0.957710 0.000000 0.000000 0.000000 1.000000
0.726855 0.053895 -0.684673 0.393317 0.001953 0.996750 0.080534 110.365425 0.686788 -0.059874 0.724387 -0.973603 0.000000 0.000000 0.000000 1.000000
0.726899 0.053591 -0.684650 0.396240 0.001997 0.996781 0.080143 110.361023 0.686742 -0.059623 0.724452 -0.989107 0.000000 0.000000 0.000000 1.000000
0.726793 0.053284 -0.684786 0.400770 0.002086 0.996811 0.079777 110.356194 0.686853 -0.059409 0.724364 -1.001326 0.000000 0.000000 0.000000 1.000000
0.726591 0.053049 -0.685020 0.405344 0.002178 0.996832 0.079506 110.351921 0.687067 -0.059260 0.724173 -1.005539 0.000000 0.000000 0.000000 1.000000
0.726402 0.052948 -0.685227 0.408403 0.002214 0.996842 0.079374 110.351189 0.687266 -0.059175 0.723991 -0.997448 0.000000 0.000000 0.000000 1.000000
0.726291 0.052984 -0.685342 0.409286 0.002170 0.996843 0.079366 110.357231 0.687383 -0.059130 0.723884 -0.975499 0.000000 0.000000 0.000000 1.000000
0.726211 0.053103 -0.685417 0.408170 0.002069 0.996839 0.079423 110.371658 0.687468 -0.059096 0.723806 -0.941357 0.000000 0.000000 0.000000 1.000000
0.726055 0.053256 -0.685572 0.405873 0.001951 0.996833 0.079501 110.393250 0.687634 -0.059060 0.723651 -0.898194 0.000000 0.000000 0.000000 1.000000
0.725752 0.053433 -0.685878 0.402876 0.001852 0.996824 0.079616 110.418655 0.687953 -0.059052 0.723348 -0.848785 0.000000 0.000000 0.000000 1.000000
0.725352 0.053658 -0.686284 0.398822 0.001786 0.996807 0.079825 110.444336 0.688376 -0.059127 0.722940 -0.794936 0.000000 0.000000 0.000000 1.000000
0.724984 0.053954 -0.686649 0.392898 0.001749 0.996780 0.080169 110.468674 0.688763 -0.059322 0.722555 -0.738182 0.000000 0.000000 0.000000 1.000000
0.724761 0.054311 -0.686857 0.384376 0.001723 0.996742 0.080632 110.492416 0.688998 -0.059623 0.722306 -0.680230 0.000000 0.000000 0.000000 1.000000
0.724700 0.054686 -0.686891 0.373119 0.001695 0.996701 0.081139 110.518265 0.689062 -0.059966 0.722217 -0.622597 0.000000 0.000000 0.000000 1.000000
0.724741 0.055027 -0.686821 0.359053 0.001655 0.996664 0.081597 110.548882 0.689019 -0.060273 0.722232 -0.565560 0.000000 0.000000 0.000000 1.000000
0.724797 0.055299 -0.686740 0.342950 0.001609 0.996635 0.081951 110.585007 0.688961 -0.060502 0.722269 -0.508003 0.000000 0.000000 0.000000 1.000000
0.724809 0.055489 -0.686712 0.326860 0.001595 0.996614 0.082213 110.624916 0.688948 -0.060684 0.722266 -0.448801 0.000000 0.000000 0.000000 1.000000
0.724770 0.055614 -0.686742 0.313128 0.001657 0.996593 0.082456 110.664642 0.688989 -0.060899 0.722209 -0.388332 0.000000 0.000000 0.000000 1.000000
0.724753 0.055735 -0.686751 0.301760 0.001799 0.996566 0.082778 110.700394 0.689006 -0.061230 0.722164 -0.328427 0.000000 0.000000 0.000000 1.000000
0.724850 0.055948 -0.686631 0.290250 0.001950 0.996526 0.083257 110.731163 0.688904 -0.061688 0.722223 -0.270445 0.000000 0.000000 0.000000 1.000000
0.725084 0.056320 -0.686353 0.276054 0.002015 0.996473 0.083895 110.759476 0.688657 -0.062214 0.722413 -0.214493 0.000000 0.000000 0.000000 1.000000
0.725347 0.056825 -0.686035 0.259238 0.001965 0.996412 0.084611 110.789459 0.688381 -0.062720 0.722632 -0.160477 0.000000 0.000000 0.000000 1.000000
0.725500 0.057345 -0.685829 0.242133 0.001868 0.996355 0.085286 110.823380 0.688220 -0.063156 0.722748 -0.109360 0.000000 0.000000 0.000000 1.000000
0.725523 0.057753 -0.685770 0.226682 0.001819 0.996308 0.085830 110.860062 0.688195 -0.063519 0.722740 -0.063051 0.000000 0.000000 0.000000 1.000000
0.725540 0.057992 -0.685732 0.213277 0.001852 0.996275 0.086214 110.895973 0.688177 -0.063821 0.722730 -0.023164 0.000000 0.000000 0.000000 1.000000
0.725705 0.058102 -0.685549 0.201439 0.001929 0.996252 0.086477 110.926949 0.688004 -0.064079 0.722873 0.009735 0.000000 0.000000 0.000000 1.000000
0.726053 0.058168 -0.685174 0.191793 0.002007 0.996232 0.086703 110.949692 0.687635 -0.064326 0.723201 0.035978 0.000000 0.000000 0.000000 1.000000
0.726460 0.058265 -0.684734 0.185416 0.002063 0.996210 0.086958 110.963188 0.687205 -0.064584 0.723587 0.056552 0.000000 0.000000 0.000000 1.000000
0.726734 0.058424 -0.684430 0.182117 0.002073 0.996185 0.087236 110.970062 0.686916 -0.064816 0.723841 0.072890 0.000000 0.000000 0.000000 1.000000
0.726762 0.058620 -0.684384 0.179725 0.002010 0.996166 0.087459 110.975304 0.686887 -0.064937 0.723858 0.086406 0.000000 0.000000 0.000000 1.000000
0.726547 0.058772 -0.684599 0.176198 0.001891 0.996160 0.087526 110.982910 0.687114 -0.064886 0.723646 0.098094 0.000000 0.000000 0.000000 1.000000
0.726180 0.058778 -0.684987 0.171663 0.001792 0.996173 0.087380 110.993019 0.687502 -0.064682 0.723296 0.108105 0.000000 0.000000 0.000000 1.000000
0.725792 0.058596 -0.685415 0.167603 0.001784 0.996202 0.087054 111.001183 0.687912 -0.064406 0.722930 0.115545 0.000000 0.000000 0.000000 1.000000
0.725524 0.058307 -0.685723 0.165047 0.001852 0.996235 0.086670 111.001617 0.688195 -0.064151 0.722684 0.118150 0.000000 0.000000 0.000000 1.000000
0.725485 0.058055 -0.685786 0.164035 0.001898 0.996263 0.086346 110.992012 0.688236 -0.063945 0.722664 0.113312 0.000000 0.000000 0.000000 1.000000
0.725668 0.057911 -0.685604 0.164212 0.001832 0.996285 0.086092 110.975281 0.688043 -0.063730 0.722866 0.099586 0.000000 0.000000 0.000000 1.000000
0.725930 0.057838 -0.685333 0.165195 0.001640 0.996309 0.085820 110.956894 0.687767 -0.063423 0.723156 0.077246 0.000000 0.000000 0.000000 1.000000
0.726084 0.057755 -0.685176 0.166787 0.001378 0.996342 0.085444 110.940941 0.687605 -0.062984 0.723348 0.047818 0.000000 0.000000 0.000000 1.000000
0.726036 0.057610 -0.685239 0.169328 0.001109 0.996385 0.084943 110.927704 0.687656 -0.062432 0.723348 0.013057 0.000000 0.000000 0.000000 1.000000
0.725819 0.057391 -0.685487 0.173841 0.000872 0.996436 0.084348 110.914749 0.687885 -0.061819 0.723182 -0.025610 0.000000 0.000000 0.000000 1.000000
0.725539 0.057124 -0.685806 0.181578 0.000681 0.996489 0.083723 110.898865 0.688181 -0.061211 0.722952 -0.067093 0.000000 0.000000 0.000000 1.000000
0.725318 0.056860 -0.686062 0.192547 0.000527 0.996537 0.083149 110.878227 0.688414 -0.060670 0.722776 -0.110304 0.000000 0.000000 0.000000 1.000000
0.725264 0.056639 -0.686137 0.205504 0.000387 0.996577 0.082673 110.852852 0.688471 -0.060225 0.722759 -0.153914 0.000000 0.000000 0.000000 1.000000
0.725409 0.056456 -0.685999 0.218912 0.000243 0.996610 0.082275 110.824402 0.688318 -0.059850 0.722936 -0.196810 0.000000 0.000000 0.000000 1.000000
0.725686 0.056273 -0.685721 0.231922 0.000093 0.996642 0.081887 110.795059 0.688026 -0.059488 0.723243 -0.238859 0.000000 0.000000 0.000000 1.000000
0.725953 0.056047 -0.685457 0.244280 -0.000032 0.996677 0.081460 110.766312 0.687745 -0.059114 0.723542 -0.281117 0.000000 0.000000 0.000000 1.000000
0.726100 0.055770 -0.685324 0.256084 -0.000094 0.996713 0.081010 110.738052 0.687589 -0.058757 0.723719 -0.324964 0.000000 0.000000 0.000000 1.000000
0.726110 0.055468 -0.685337 0.267233 -0.000077 0.996747 0.080591 110.708626 0.687578 -0.058465 0.723753 -0.371272 0.000000 0.000000 0.000000 1.000000
0.726042 0.055179 -0.685433 0.277399 -0.000006 0.996776 0.080237 110.676453 0.687650 -0.058252 0.723701 -0.419958 0.000000 0.000000 0.000000 1.000000
0.725962 0.054913 -0.685539 0.286164 0.000084 0.996800 0.079934 110.642181 0.687735 -0.058087 0.723634 -0.470722 0.000000 0.000000 0.000000 1.000000
0.725894 0.054661 -0.685631 0.293276 0.000169 0.996823 0.079649 110.608643 0.687806 -0.057933 0.723579 -0.523293 0.000000 0.000000 0.000000 1.000000
0.725834 0.054431 -0.685713 0.298581 0.000240 0.996844 0.079381 110.578033 0.687870 -0.057782 0.723530 -0.577448 0.000000 0.000000 0.000000 1.000000
0.725774 0.054250 -0.685791 0.302089 0.000291 0.996861 0.079165 110.550308 0.687933 -0.057655 0.723480 -0.632523 0.000000 0.000000 0.000000 1.000000
0.725714 0.054125 -0.685864 0.304362 0.000330 0.996873 0.079018 110.524391 0.687997 -0.057571 0.723427 -0.687577 0.000000 0.000000 0.000000 1.000000
0.725665 0.054023 -0.685924 0.306467 0.000383 0.996881 0.078919 110.500137 0.688048 -0.057531 0.723381 -0.741764 0.000000 0.000000 0.000000 1.000000
0.725649 0.053909 -0.685950 0.309480 0.000472 0.996887 0.078845 110.478081 0.688065 -0.057538 0.723364 -0.794443 0.000000 0.000000 0.000000 1.000000
0.725692 0.053796 -0.685913 0.314164 0.000585 0.996890 0.078804 110.457642 0.688019 -0.057589 0.723404 -0.844306 0.000000 0.000000 0.000000 1.000000
0.725785 0.053710 -0.685822 0.321194 0.000692 0.996890 0.078804 110.437302 0.687921 -0.057669 0.723490 -0.889996 0.000000 0.000000 0.000000 1.000000
0.725877 0.053661 -0.685728 0.331431 0.000770 0.996888 0.078825 110.416840 0.687824 -0.057745 0.723577 -0.931265 0.000000 0.000000 0.000000 1.000000
0.725931 0.053632 -0.685673 0.344885 0.000814 0.996887 0.078838 110.397934 0.687767 -0.057789 0.723627 -0.969486 0.000000 0.000000 0.000000 1.000000
0.725955 0.053613 -0.685650 0.360283 0.000838 0.996887 0.078836 110.382950 0.687742 -0.057806 0.723650 -1.006141 0.000000 0.000000 0.000000 1.000000
0.725991 0.053586 -0.685614 0.375951 0.000866 0.996888 0.078831 110.373108 0.687704 -0.057825 0.723685 -1.041187 0.000000 0.000000 0.000000 1.000000
0.726060 0.053538 -0.685544 0.391065 0.000931 0.996887 0.078839 110.368011 0.687630 -0.057880 0.723750 -1.072853 0.000000 0.000000 0.000000 1.000000
0.726156 0.053477 -0.685447 0.405931 0.001038 0.996884 0.078875 110.366676 0.687530 -0.057987 0.723837 -1.098516 0.000000 0.000000 0.000000 1.000000
0.726254 0.053433 -0.685347 0.420904 0.001167 0.996877 0.078957 110.369003 0.687426 -0.058143 0.723924 -1.115302 0.000000 0.000000 0.000000 1.000000
0.726330 0.053441 -0.685265 0.435565 0.001292 0.996865 0.079111 110.375381 0.687345 -0.058346 0.723984 -1.120838 0.000000 0.000000 0.000000 1.000000
0.726371 0.053538 -0.685214 0.448807 0.001390 0.996845 0.079361 110.385475 0.687301 -0.058598 0.724005 -1.114176 0.000000 0.000000 0.000000 1.000000
0.726356 0.053750 -0.685214 0.459979 0.001446 0.996816 0.079725 110.398033 0.687317 -0.058900 0.723965 -1.095696 0.000000 0.000000 0.000000 1.000000
0.726256 0.054075 -0.685294 0.469398 0.001456 0.996778 0.080197 110.412170 0.687423 -0.059241 0.723837 -1.066470 0.000000 0.000000 0.000000 1.000000
0.726075 0.054497 -0.685453 0.477189 0.001425 0.996733 0.080755 110.428192 0.687614 -0.059611 0.723625 -1.027863 0.000000 0.000000 0.000000 1.000000
0.725886 0.054987 -0.685614 0.482623 0.001355 0.996683 0.081370 110.446602 0.687814 -0.059994 0.723404 -0.981624 0.000000 0.000000 0.000000 1.000000
0.725806 0.055481 -0.685659 0.484618 0.001250 0.996634 0.081968 110.467979 0.687898 -0.060350 0.723294 -0.929394 0.000000 0.000000 0.000000 1.000000
0.725907 0.055890 -0.685519 0.483106 0.001129 0.996595 0.082448 110.493950 0.687792 -0.060623 0.723372 -0.872309 0.000000 0.000000 0.000000 1.000000
0.726141 0.056164 -0.685248 0.479191 0.001019 0.996569 0.082760 110.526886 0.687545 -0.060794 0.723592 -0.810910 0.000000 0.000000 0.000000 1.000000
0.726367 0.056325 -0.684995 0.473981 0.000948 0.996553 0.082948 110.567436 0.687306 -0.060900 0.723810 -0.745391 0.000000 0.000000 0.000000 1.000000
0.726443 0.056426 -0.684906 0.468193 0.000940 0.996541 0.083097 110.612694 0.687226 -0.061009 0.723878 -0.675981 0.000000 0.000000 0.000000 1.000000
0.726336 0.056527 -0.685012 0.462664 0.000995 0.996525 0.083289 110.657211 0.687340 -0.061178 0.723755 -0.603717 0.000000 0.000000 0.000000 1.000000
0.726166 0.056711 -0.685177 0.457558 0.001063 0.996498 0.083605 110.695808 0.687519 -0.061439 0.723563 -0.530911 0.000000 0.000000 0.000000 1.000000
0.726098 0.057044 -0.685221 0.452056 0.001077 0.996457 0.084096 110.726562 0.687591 -0.061800 0.723464 -0.460419 0.000000 0.000000 0.000000 1.000000
0.726190 0.057503 -0.685085 0.444499 0.001030 0.996404 0.084726 110.752228 0.687493 -0.062233 0.723519 -0.394371 0.000000 0.000000 0.000000 1.000000
0.726357 0.057971 -0.684868 0.433901 0.000983 0.996348 0.085378 110.778008 0.687317 -0.062688 0.723648 -0.333751 0.000000 0.000000 0.000000 1.000000
0.726476 0.058337 -0.684712 0.421101 0.000993 0.996300 0.085938 110.807846 0.687191 -0.063111 0.723730 -0.278595 0.000000 0.000000 0.000000 1.000000
0.726492 0.058577 -0.684674 0.408216 0.001052 0.996264 0.086352 110.841888 0.687174 -0.063455 0.723716 -0.228668 0.000000 0.000000 0.000000 1.000000
0.726433 0.058740 -0.684723 0.396836 0.001106 0.996239 0.086637 110.877403 0.687237 -0.063693 0.723636 -0.183637 0.000000 0.000000 0.000000 1.000000
0.726350 0.058887 -0.684798 0.386941 0.001129 0.996220 0.086864 110.911018 0.687324 -0.063867 0.723538 -0.143519 0.000000 0.000000 0.000000 1.000000
0.726306 0.059053 -0.684830 0.377110 0.001157 0.996196 0.087129 110.940247 0.687370 -0.064075 0.723476 -0.108495 0.000000 0.000000 0.000000 1.000000
0.726358 0.059239 -0.684759 0.365773 0.001232 0.996165 0.087486 110.964211 0.687315 -0.064389 0.723500 -0.078641 0.000000 0.000000 0.000000 1.000000
0.726521 0.059433 -0.684569 0.352578 0.001341 0.996128 0.087904 110.983185 0.687143 -0.064782 0.723628 -0.053817 0.000000 0.000000 0.000000 1.000000
0.726724 0.059624 -0.684337 0.338007 0.001433 0.996092 0.088307 110.997597 0.686928 -0.065156 0.723798 -0.034307 0.000000 0.000000 0.000000 1.000000
0.726836 0.059789 -0.684204 0.323065 0.001492 0.996064 0.088626 111.007179 0.686809 -0.065438 0.723886 -0.020817 0.000000 0.000000 0.000000 1.000000
0.726779 0.059891 -0.684255 0.308839 0.001553 0.996045 0.088832 111.011520 0.686870 -0.065624 0.723812 -0.013539 0.000000 0.000000 0.000000 1.000000
0.726599 0.059906 -0.684445 0.295897 0.001650 0.996037 0.088929 111.010567 0.687060 -0.065745 0.723620 -0.011873 0.000000 0.000000 0.000000 1.000000
0.726435 0.059836 -0.684625 0.283461 0.001772 0.996036 0.088933 111.004959 0.687232 -0.065817 0.723450 -0.015160 0.000000 0.000000 0.000000 1.000000
0.726411 0.059696 -0.684663 0.269370 0.001885 0.996044 0.088845 110.996262 0.687258 -0.065829 0.723425 -0.023094 0.000000 0.000000 0.000000 1.000000
0.726559 0.059484 -0.684525 0.251596 0.001974 0.996061 0.088651 110.986694 0.687101 -0.065761 0.723579 -0.035019 0.000000 0.000000 0.000000 1.000000
0.726803 0.059197 -0.684290 0.229930 0.002057 0.996087 0.088355 110.977882 0.686843 -0.065624 0.723837 -0.049904 0.000000 0.000000 0.000000 1.000000
0.727022 0.058847 -0.684087 0.206194 0.002180 0.996118 0.088005 110.968819 0.686610 -0.065473 0.724071 -0.067449 0.000000 0.000000 0.000000 1.000000
0.727138 0.058491 -0.683995 0.183109 0.002362 0.996145 0.087695 110.956482 0.686487 -0.065382 0.724197 -0.088925 0.000000 0.000000 0.000000 1.000000
0.727182 0.058214 -0.683972 0.162632 0.002547 0.996162 0.087493 110.938667 0.686440 -0.065366 0.724243 -0.115771 0.000000 0.000000 0.000000 1.000000
0.727259 0.058036 -0.683905 0.145422 0.002650 0.996174 0.087353 110.915932 0.686358 -0.065341 0.724322 -0.148831 0.000000 0.000000 0.000000 1.000000
0.727449 0.057865 -0.683717 0.130986 0.002656 0.996193 0.087136 110.890640 0.686156 -0.065203 0.724526 -0.188232 0.000000 0.000000 0.000000 1.000000
0.727740 0.057599 -0.683430 0.118341 0.002630 0.996226 0.086761 110.865433 0.685848 -0.064936 0.724842 -0.233422 0.000000 0.000000 0.000000 1.000000
0.728035 0.057239 -0.683146 0.107043 0.002636 0.996267 0.086284 110.841766 0.685535 -0.064619 0.725166 -0.283536 0.000000 0.000000 0.000000 1.000000
0.728241 0.056861 -0.682958 0.097158 0.002675 0.996309 0.085802 110.819527 0.685316 -0.064312 0.725401 -0.337793 0.000000 0.000000 0.000000 1.000000
0.728344 0.056491 -0.682879 0.088910 0.002700 0.996351 0.085303 110.797333 0.685206 -0.063974 0.725535 -0.395853 0.000000 0.000000 0.000000 1.000000
0.728416 0.056068 -0.682838 0.082617 0.002692 0.996404 0.084687 110.774147 0.685130 -0.063525 0.725645 -0.457449 0.000000 0.000000 0.000000 1.000000
0.728532 0.055542 -0.682756 0.078257 0.002680 0.996469 0.083923 110.750320 0.685006 -0.062971 0.725811 -0.521607 0.000000 0.000000 0.000000 1.000000
0.728702 0.054930 -0.682625 0.074596 0.002711 0.996539 0.083084 110.727074 0.684826 -0.062394 0.726031 -0.586984 0.000000 0.000000 0.000000 1.000000
0.728871 0.054274 -0.682497 0.069971 0.002787 0.996610 0.082228 110.705093 0.684645 -0.061836 0.726249 -0.652322 0.000000 0.000000 0.000000 1.000000
0.728981 0.053605 -0.682432 0.063534 0.002860 0.996682 0.081345 110.682983 0.684528 -0.061251 0.726409 -0.716193 0.000000 0.000000 0.000000 1.000000
0.729014 0.052960 -0.682447 0.055820 0.002894 0.996755 0.080442 110.658119 0.684492 -0.060619 0.726495 -0.776306 0.000000 0.000000 0.000000 1.000000
0.728984 0.052392 -0.682522 0.047231 0.002907 0.996821 0.079623 110.628868 0.684524 -0.060028 0.726514 -0.830084 0.000000 0.000000 0.000000 1.000000
0.728901 0.051926 -0.682647 0.037078 0.002960 0.996871 0.078989 110.595963 0.684612 -0.059596 0.726467 -0.876302 0.000000 0.000000 0.000000 1.000000
0.728767 0.051524 -0.682820 0.024094 0.003081 0.996908 0.078513 110.561928 0.684754 -0.059321 0.726356 -0.915252 0.000000 0.000000 0.000000 1.000000
0.728610 0.051119 -0.683018 0.007760 0.003236 0.996943 0.078066 110.529999 0.684921 -0.059090 0.726217 -0.947490 0.000000 0.000000 0.000000 1.000000
0.728496 0.050675 -0.683173 -0.011774 0.003380 0.996982 0.077556 110.502541 0.685042 -0.058808 0.726126 -0.973238 0.000000 0.000000 0.000000 1.000000
0.728494 0.050200 -0.683210 -0.034472 0.003503 0.997025 0.076993 110.480331 0.685043 -0.058482 0.726152 -0.993278 0.000000 0.000000 0.000000 1.000000
0.728594 0.049722 -0.683138 -0.059989 0.003618 0.997068 0.076430 110.461739 0.684936 -0.058158 0.726279 -1.009314 0.000000 0.000000 0.000000 1.000000
0.728690 0.049276 -0.683069 -0.086981 0.003724 0.997108 0.075904 110.443916 0.684834 -0.057854 0.726399 -1.022993 0.000000 0.000000 0.000000 1.000000
0.728648 0.048910 -0.683140 -0.114383 0.003809 0.997142 0.075453 110.425369 0.684878 -0.057581 0.726379 -1.034595 0.000000 0.000000 0.000000 1.000000
0.728406 0.048643 -0.683417 -0.143025 0.003886 0.997167 0.075117 110.407349 0.685135 -0.057371 0.726153 -1.043273 0.000000 0.000000 0.000000 1.000000
0.727996 0.048451 -0.683867 -0.175258 0.003979 0.997184 0.074885 110.393181 0.685570 -0.057238 0.725754 -1.047740 0.000000 0.000000 0.000000 1.000000
0.727518 0.048298 -0.684387 -0.213068 0.004065 0.997198 0.074695 110.384438 0.686077 -0.057124 0.725283 -1.046728 0.000000 0.000000 0.000000 1.000000
0.727079 0.048217 -0.684858 -0.255736 0.004070 0.997210 0.074530 110.378738 0.686542 -0.056977 0.724855 -1.039174 0.000000 0.000000 0.000000 1.000000
0.726753 0.048291 -0.685199 -0.299808 0.003966 0.997214 0.074487 110.371384 0.686888 -0.056851 0.724537 -1.024696 0.000000 0.000000 0.000000 1.000000
0.726563 0.048544 -0.685383 -0.341330 0.003822 0.997200 0.074681 110.360443 0.687089 -0.056880 0.724343 -1.003530 0.000000 0.000000 0.000000 1.000000
0.726524 0.048892 -0.685399 -0.378594 0.003754 0.997168 0.075112 110.349602 0.687130 -0.057144 0.724283 -0.976330 0.000000 0.000000 0.000000 1.000000
0.726663 0.049212 -0.685229 -0.413269 0.003816 0.997126 0.075659 110.346817 0.686984 -0.057594 0.724387 -0.944188 0.000000 0.000000 0.000000 1.000000
0.726971 0.049421 -0.684887 -0.447508 0.003975 0.997087 0.076168 110.358833 0.686656 -0.058095 0.724657 -0.908704 0.000000 0.000000 0.000000 1.000000
0.727363 0.049512 -0.684465 -0.480617 0.004140 0.997059 0.076523 110.385666 0.686241 -0.058493 0.725019 -0.871551 0.000000 0.000000 0.000000 1.000000
0.727698 0.049563 -0.684105 -0.508867 0.004211 0.997044 0.076715 110.419632 0.685885 -0.058706 0.725338 -0.834084 0.000000 0.000000 0.000000 1.000000
0.727828 0.049707 -0.683956 -0.528898 0.004168 0.997031 0.076894 110.450233 0.685747 -0.058816 0.725459 -0.797053 0.000000 0.000000 0.000000 1.000000
0.727707 0.050042 -0.684060 -0.541069 0.004099 0.997000 0.077295 110.470741 0.685876 -0.059052 0.725319 -0.759838 0.000000 0.000000 0.000000 1.000000
0.727497 0.050562 -0.684245 -0.549867 0.004118 0.996941 0.078047 110.482887 0.686098 -0.059597 0.725064 -0.719479 0.000000 0.000000 0.000000 1.000000
0.727499 0.051154 -0.684199 -0.561410 0.004239 0.996863 0.079037 110.495766 0.686096 -0.060400 0.725000 -0.671655 0.000000 0.000000 0.000000 1.000000
0.727859 0.051671 -0.683777 -0.578984 0.004401 0.996785 0.080008 110.520348 0.685712 -0.061244 0.725292 -0.614134 0.000000 0.000000 0.000000 1.000000
0.728397 0.052037 -0.683176 -0.601039 0.004555 0.996722 0.080776 110.561813 0.685140 -0.061949 0.725773 -0.549143 0.000000 0.000000 0.000000 1.000000
0.728794 0.052310 -0.682732 -0.622798 0.004684 0.996674 0.081363 110.615494 0.684717 -0.062494 0.726125 -0.481253 0.000000 0.000000 0.000000 1.000000
0.728903 0.052614 -0.682593 -0.639690 0.004764 0.996629 0.081906 110.670044 0.684601 -0.062953 0.726195 -0.413713 0.000000 0.000000 0.000000 1.000000
0.728809 0.053015 -0.682662 -0.649725 0.004790 0.996579 0.082507 110.716042 0.684701 -0.063402 0.726062 -0.347415 0.000000 0.000000 0.000000 1.000000
0.728695 0.053484 -0.682746 -0.653916 0.004786 0.996524 0.083173 110.751472 0.684821 -0.063876 0.725906 -0.282740 0.000000 0.000000 0.000000 1.000000
0.728708 0.053963 -0.682695 -0.655262 0.004766 0.996467 0.083851 110.780243 0.684808 -0.064357 0.725876 -0.220787 0.000000 0.000000 0.000000 1.000000
0.728865 0.054390 -0.682493 -0.655940 0.004724 0.996416 0.084453 110.807327 0.684641 -0.064779 0.725996 -0.162391 0.000000 0.000000 0.000000 1.000000
0.729006 0.054698 -0.682318 -0.655324 0.004686 0.996380 0.084881 110.835335 0.684491 -0.065076 0.726111 -0.107490 0.000000 0.000000 0.000000 1.000000
0.728910 0.054852 -0.682408 -0.651111 0.004691 0.996361 0.085099 110.864334 0.684593 -0.065231 0.726001 -0.055614 0.000000 0.000000 0.000000 1.000000
0.728526 0.054919 -0.682813 -0.642298 0.004724 0.996355 0.085177 110.892891 0.685002 -0.065279 0.725611 -0.006849 0.000000 0.000000 0.000000 1.000000
0.728027 0.055020 -0.683337 -0.630727 0.004713 0.996349 0.085245 110.919525 0.685533 -0.065281 0.725109 0.037786 0.000000 0.000000 0.000000 1.000000
0.727648 0.055213 -0.683725 -0.619161 0.004615 0.996339 0.085368 110.942802 0.685935 -0.065273 0.724729 0.076704 0.000000 0.000000 0.000000 1.000000
0.727505 0.055444 -0.683859 -0.608441 0.004457 0.996327 0.085518 110.960716 0.686088 -0.065263 0.724585 0.108519 0.000000 0.000000 0.000000 1.000000
0.727539 0.055632 -0.683807 -0.597250 0.004305 0.996317 0.085637 110.971420 0.686053 -0.065248 0.724620 0.132929 0.000000 0.000000 0.000000 1.000000
0.727600 0.055747 -0.683732 -0.583801 0.004212 0.996311 0.085715 110.974449 0.685988 -0.065246 0.724681 0.150022 0.000000 0.000000 0.000000 1.000000
0.727608 0.055807 -0.683719 -0.567421 0.004191 0.996305 0.085781 110.971840 0.685980 -0.065281 0.724686 0.159494 0.000000 0.000000 0.000000 1.000000
0.727660 0.055843 -0.683661 -0.548478 0.004206 0.996299 0.085856 110.965782 0.685925 -0.065350 0.724732 0.160275 0.000000 0.000000 0.000000 1.000000
0.727907 0.055859 -0.683397 -0.527301 0.004206 0.996294 0.085914 110.957100 0.685663 -0.065412 0.724974 0.151218 0.000000 0.000000 0.000000 1.000000
0.728321 0.055821 -0.682958 -0.503907 0.004175 0.996297 0.085883 110.947426 0.685223 -0.065401 0.725391 0.132180 0.000000 0.000000 0.000000 1.000000
0.728645 0.055691 -0.682623 -0.478442 0.004141 0.996312 0.085704 110.940315 0.684879 -0.065275 0.725727 0.104272 0.000000 0.000000 0.000000 1.000000
0.728635 0.055484 -0.682652 -0.451139 0.004132 0.996339 0.085390 110.938744 0.684890 -0.065038 0.725738 0.068893 0.000000 0.000000 0.000000 1.000000
0.728274 0.055251 -0.683055 -0.422206 0.004140 0.996372 0.085009 110.941643 0.685274 -0.064738 0.725403 0.026555 0.000000 0.000000 0.000000 1.000000
0.727775 0.055037 -0.683604 -0.392146 0.004138 0.996404 0.084625 110.943642 0.685804 -0.064417 0.724930 -0.022307 0.000000 0.000000 0.000000 1.000000
0.727416 0.054845 -0.684002 -0.362342 0.004107 0.996435 0.084265 110.938438 0.686185 -0.064105 0.724597 -0.075917 0.000000 0.000000 0.000000 1.000000
0.727350 0.054643 -0.684088 -0.333988 0.004079 0.996463 0.083932 110.923019 0.686255 -0.063838 0.724554 -0.131471 0.000000 0.000000 0.000000 1.000000
0.727539 0.054381 -0.683908 -0.307034 0.004119 0.996489 0.083617 110.898415 0.686054 -0.063652 0.724761 -0.187595 0.000000 0.000000 0.000000 1.000000
0.727851 0.054056 -0.683601 -0.280660 0.004245 0.996514 0.083319 110.867767 0.685722 -0.063546 0.725084 -0.244836 0.000000 0.000000 0.000000 1.000000
0.728174 0.053750 -0.683281 -0.255058 0.004385 0.996534 0.083065 110.834045 0.685378 -0.063482 0.725415 -0.302807 0.000000 0.000000 0.000000 1.000000
0.728392 0.053547 -0.683065 -0.231761 0.004464 0.996549 0.082882 110.799789 0.685146 -0.063420 0.725640 -0.358547 0.000000 0.000000 0.000000 1.000000
0.728350 0.053420 -0.683120 -0.212608 0.004504 0.996562 0.082733 110.768738 0.685191 -0.063335 0.725605 -0.409547 0.000000 0.000000 0.000000 1.000000
0.727994 0.053252 -0.683512 -0.199092 0.004575 0.996579 0.082516 110.744904 0.685568 -0.063199 0.725260 -0.457093 0.000000 0.000000 0.000000 1.000000
0.727508 0.052981 -0.684050 -0.192476 0.004674 0.996608 0.082160 110.728996 0.686083 -0.062969 0.724793 -0.505063 0.000000 0.000000 0.000000 1.000000
0.727193 0.052671 -0.684409 -0.193364 0.004684 0.996648 0.081678 110.715851 0.686417 -0.062602 0.724509 -0.555118 0.000000 0.000000 0.000000 1.000000
0.727223 0.052462 -0.684393 -0.199873 0.004476 0.996691 0.081157 110.695938 0.686387 -0.062083 0.724582 -0.605120 0.000000 0.000000 0.000000 1.000000
0.727544 0.052443 -0.684053 -0.206633 0.004036 0.996730 0.080706 110.663231 0.686049 -0.061478 0.724954 -0.652474 0.000000 0.000000 0.000000 1.000000
0.727991 0.052561 -0.683569 -0.206972 0.003516 0.996758 0.080386 110.620621 0.685578 -0.060924 0.725445 -0.697807 0.000000 0.000000 0.000000 1.000000
0.728443 0.052655 -0.683080 -0.197935 0.003123 0.996777 0.080166 110.578125 0.685100 -0.060530 0.725930 -0.743645 0.000000 0.000000 0.000000 1.000000
0.728889 0.052590 -0.682609 -0.182289 0.002933 0.996796 0.079928 110.545509 0.684625 -0.060260 0.726400 -0.790442 0.000000 0.000000 0.000000 1.000000
0.729327 0.052339 -0.682160 -0.164491 0.002843 0.996829 0.079522 110.526283 0.684159 -0.059937 0.726866 -0.835667 0.000000 0.000000 0.000000 1.000000
0.729644 0.051958 -0.681850 -0.145865 0.002705 0.996882 0.078858 110.515846 0.683822 -0.059383 0.727229 -0.876445 0.000000 0.000000 0.000000 1.000000
0.729665 0.051547 -0.681859 -0.123952 0.002461 0.996950 0.078001 110.504532 0.683800 -0.058593 0.727313 -0.911631 0.000000 0.000000 0.000000 1.000000
0.729324 0.051217 -0.682249 -0.097510 0.002179 0.997015 0.077177 110.484299 0.684165 -0.057773 0.727035 -0.941400 0.000000 0.000000 0.000000 1.000000
0.728784 0.051050 -0.682838 -0.069699 0.001962 0.997057 0.076636 110.454620 0.684741 -0.057191 0.726539 -0.965609 0.000000 0.000000 0.000000 1.000000
0.728345 0.051070 -0.683305 -0.046690 0.001837 0.997070 0.076479 110.423065 0.685208 -0.056958 0.726117 -0.983404 0.000000 0.000000 0.000000 1.000000
0.728201 0.051246 -0.683445 -0.033027 0.001726 0.997060 0.076601 110.398895 0.685361 -0.056960 0.725972 -0.993734 0.000000 0.000000 0.000000 1.000000
0.728259 0.051481 -0.683366 -0.027486 0.001569 0.997046 0.076785 110.386055 0.685300 -0.056991 0.726027 -0.996254 0.000000 0.000000 0.000000 1.000000
0.728222 0.051636 -0.683393 -0.024840 0.001410 0.997043 0.076838 110.381927 0.685340 -0.056919 0.725996 -0.991176 0.000000 0.000000 0.000000 1.000000
0.727851 0.051630 -0.683789 -0.021116 0.001330 0.997053 0.076699 110.381195 0.685734 -0.056735 0.725637 -0.978613 0.000000 0.000000 0.000000 1.000000
0.727136 0.051505 -0.684559 -0.016190 0.001336 0.997074 0.076437 110.382339 0.686492 -0.056495 0.724939 -0.957859 0.000000 0.000000 0.000000 1.000000
0.726293 0.051356 -0.685464 -0.012491 0.001381 0.997094 0.076167 110.386734 0.687383 -0.056266 0.724112 -0.927882 0.000000 0.000000 0.000000 1.000000
0.725629 0.051227 -0.686177 -0.012285 0.001445 0.997109 0.075968 110.395058 0.688085 -0.056116 0.723457 -0.888639 0.000000 0.000000 0.000000 1.000000
