<?xml version="1.0" encoding="utf-8"?>
<COLLADA xmlns="http://www.collada.org/2005/11/COLLADASchema" version="1.4.1">
  <asset><contributor><author>Mixamo</author><authoring_tool>COLLADA Mixamo exporter</authoring_tool><comments></comments></contributor><created>2020-08-09T15:26:30Z</created><modified>2020-08-09T15:26:30Z</modified><revision></revision><title></title><unit meter="0.010000"/><up_axis>Y_UP</up_axis></asset>
  <library_animations>
    <animation id="Hips-anim" name="Hips"><source id="Hips-Matrix-animation-input"><float_array id="Hips-Matrix-animation-input-array" count="27">

0.000000 0.033333 0.066667 0.100000 0.133333 0.166667 0.200000 0.233333 0.266667 0.300000 0.333333 0.366667 0.400000 0.433333 0.466667 0.500000
0.533333 0.566667 0.600000 0.633333 0.666667 0.700000 0.733333 0.766667 0.800000 0.833333 0.866667</float_array><technique_common><accessor source="#Hips-Matrix-animation-input-array" count="27"><param name="TIME" type="float"/></accessor></technique_common></source><source id="Hips-Matrix-animation-output-transform"><float_array id="Hips-Matrix-animation-output-transform-array" count="432">

0.994959 -0.060263 0.080159 0.409434 0.061677 0.997979 -0.015284 109.032578 -0.079076 0.020151 0.996665 -0.845534 0.000000 0.000000 0.000000 1.000000
0.995314 -0.045579 0.085284 -0.225034 0.046912 0.998805 -0.013699 108.188263 -0.084558 0.017636 0.996262 -0.729758 0.000000 0.000000 0.000000 1.000000
0.996822 -0.025198 0.075574 -0.866152 0.026040 0.999609 -0.010172 107.710106 -0.075289 0.012108 0.997088 -0.903394 0.000000 0.000000 0.000000 1.000000
0.998460 -0.002674 0.055404 -1.481012 0.002962 0.999982 -0.005125 107.854591 -0.055390 0.005281 0.998451 -1.251891 0.000000 0.000000 0.000000 1.000000
0.999200 0.014523 0.037262 -2.055269 -0.014458 0.999893 -0.001999 108.644379 -0.037287 0.001459 0.999304 -1.531847 0.000000 0.000000 0.000000 1.000000
0.999266 0.020512 0.032366 -2.553645 -0.020376 0.999782 -0.004528 109.941231 -0.032451 0.003865 0.999466 -1.562523 0.000000 0.000000 0.000000 1.000000
0.999140 0.018232 0.037237 -2.880734 -0.017790 0.999767 -0.012185 111.377724 -0.037450 0.011512 0.999232 -1.388119 0.000000 0.000000 0.000000 1.000000
0.999334 0.013422 0.033931 -2.957122 -0.012661 0.999666 -0.022546 112.523216 -0.034223 0.022102 0.999170 -1.125808 0.000000 0.000000 0.000000 1.000000
0.999944 0.008100 0.006862 -2.803452 -0.007848 0.999324 -0.035915 113.219177 -0.007149 0.035859 0.999331 -0.855485 0.000000 0.000000 0.000000 1.000000
0.999198 0.001542 -0.040004 -2.509717 -0.003644 0.998612 -0.052547 113.542015 0.039868 0.052651 0.997817 -0.633266 0.000000 0.000000 0.000000 1.000000
0.996222 -0.003262 -0.086787 -2.150216 -0.002595 0.997730 -0.067289 113.388794 0.086810 0.067260 0.993952 -0.523033 0.000000 0.000000 0.000000 1.000000
0.992893 -0.000257 -0.119009 -1.769404 -0.008504 0.997288 -0.073099 112.551590 0.118705 0.073591 0.990199 -0.509236 0.000000 0.000000 0.000000 1.000000
0.990204 0.007462 -0.139428 -1.416666 -0.017430 0.997366 -0.070403 111.192055 0.138535 0.072144 0.987726 -0.500746 0.000000 0.000000 0.000000 1.000000
0.987535 0.005996 -0.157284 -1.125853 -0.016537 0.997696 -0.065795 110.021667 0.156528 0.067575 0.985359 -0.498362 0.000000 0.000000 0.000000 1.000000
0.984855 -0.011275 -0.173012 -0.860531 0.000557 0.998084 -0.061870 109.398079 0.173378 0.060836 0.982975 -0.473174 0.000000 0.000000 0.000000 1.000000
0.982989 -0.041374 -0.178946 -0.549205 0.032021 0.997981 -0.054842 109.091103 0.180854 0.048179 0.982329 -0.470555 0.000000 0.000000 0.000000 1.000000
0.981002 -0.083577 -0.175069 -0.192564 0.077160 0.996084 -0.043163 108.503395 0.177991 0.028835 0.983610 -1.050578 0.000000 0.000000 0.000000 1.000000
0.978432 -0.116288 -0.170728 0.190617 0.112224 0.993125 -0.033296 108.460777 0.173426 0.013418 0.984756 -1.470706 0.000000 0.000000 0.000000 1.000000
0.975933 -0.130647 -0.174602 0.488319 0.126848 0.991380 -0.032792 109.036705 0.177381 0.009854 0.984093 -1.615032 0.000000 0.000000 0.000000 1.000000
0.975319 -0.128022 -0.179897 0.607811 0.122921 0.991639 -0.039269 110.123756 0.183420 0.016187 0.982901 -1.475360 0.000000 0.000000 0.000000 1.000000
0.978338 -0.116421 -0.171173 0.540702 0.110497 0.992912 -0.043771 111.332123 0.175056 0.023909 0.984268 -1.209227 0.000000 0.000000 0.000000 1.000000
0.984794 -0.102242 -0.140457 0.371225 0.097241 0.994373 -0.042033 112.222328 0.143964 0.027736 0.989194 -0.959854 0.000000 0.000000 0.000000 1.000000
0.991653 -0.087836 -0.094384 0.229028 0.084683 0.995724 -0.036913 112.544693 0.097223 0.028612 0.994851 -0.791178 0.000000 0.000000 0.000000 1.000000
0.996106 -0.075285 -0.045890 0.198611 0.073853 0.996751 -0.032152 112.203781 0.048161 0.028638 0.998429 -0.717165 0.000000 0.000000 0.000000 1.000000
0.997774 -0.066667 -0.001830 0.260259 0.066591 0.997392 -0.027835 111.286964 0.003681 0.027651 0.999611 -0.724020 0.000000 0.000000 0.000000 1.000000
0.997224 -0.063419 0.039007 0.346870 0.064322 0.997679 -0.022337 110.091148 -0.037500 0.024784 0.998989 -0.728979 0.000000 0.000000 0.000000 1.000000
0.994868 -0.062076 0.079900 0.412077 0.063492 0.997865 -0.015299 109.170143 -0.078780 0.020294 0.996685 -0.745481 0.000000 0.000000 0.000000 1.000000</float_array><technique_common><accessor source="#Hips-Matrix-animation-output-transform-array" count="27" stride="16"><param type="float4x4"/></accessor></technique_common></source><source id="Hips-Interpolations"><Name_array id="Hips-Interpolations-array" count="27">
 LINEAR LINEAR LINEAR LINEAR LINEAR LINEAR LINEAR LINEAR LINEAR LINEAR LINEAR
LINEAR LINEAR LINEAR LINEAR LINEAR LINEAR LINEAR LINEAR LINEAR LINEAR LINEAR LINEAR
LINEAR LINEAR LINEAR LINEAR</Name_array><technique_common><accessor source="#Hips-Interpolations-array" count="27"><param type="name"/></accessor></technique_common></source><sampler id="Hips-Matrix-animation-transform"><input semantic="INPUT" source="#Hips-Matrix-animation-input"/><input semantic="OUTPUT" source="#Hips-Matrix-animation-output-transform"/><input semantic="INTERPOLATION" source="#Hips-Interpolations"/></sampler><channel source="#Hips-Matrix-animation-transform" target="Hips/matrix"/></animation>
    <animation id="Spine-anim" name="Spine"><source id="Spine-Matrix-animation-input"><float_array id="Spine-Matrix-animation-input-array" count="27">

0.000000 0.033333 0.066667 0.100000 0.133333 0.166667 0.200000 0.233333 0.266667 0.300000 0.333333 0.366667 0.400000 0.433333 0.466667 0.500000
0.533333 0.566667 0.600000 0.633333 0.666667 0.700000 0.733333 0.766667 0.800000 0.833333 0.866667</float_array><technique_common><accessor source="#Spine-Matrix-animation-input-array" count="27"><param name="TIME" type="float"/></accessor></technique_common></source><source id="Spine-Matrix-animation-output-transform"><float_array id="Spine-Matrix-animation-output-transform-array" count="432">

0.999515 0.011473 -0.028962 -0.006600 -0.012310 0.999507 -0.028876 10.822600 0.028616 0.029218 0.999163 -0.430700 0.000000 0.000000 0.000000 1.000000
0.999490 0.005263 -0.031491 -0.006600 -0.006218 0.999522 -0.030291 10.822600 0.031317 0.030472 0.999045 -0.430700 0.000000 0.000000 0.000000 1.000000
0.999465 -0.002040 -0.032633 -0.006600 0.001030 0.999521 -0.030942 10.822600 0.032680 0.030892 0.998988 -0.430700 0.000000 0.000000 0.000000 1.000000
0.999508 -0.004865 -0.031000 -0.006600 0.003925 0.999533 -0.030299 10.822600 0.031133 0.030162 0.999060 -0.430700 0.000000 0.000000 0.000000 1.000000
0.999563 -0.006964 -0.028719 -0.006600 0.006083 0.999511 -0.030660 10.822600 0.028919 0.030472 0.999117 -0.430700 0.000000 0.000000 0.000000 1.000000
0.999601 -0.008746 -0.026874 -0.006600 0.007900 0.999475 -0.031413 10.822600 0.027134 0.031188 0.999145 -0.430700 0.000000 0.000000 0.000000 1.000000
0.999614 -0.010604 -0.025662 -0.006600 0.009794 0.999455 -0.031510 10.822600 0.025982 0.031247 0.999174 -0.430700 0.000000 0.000000 0.000000 1.000000
0.999650 -0.013346 -0.022838 -0.006600 0.012649 0.999457 -0.030433 10.822600 0.023231 0.030134 0.999276 -0.430700 0.000000 0.000000 0.000000 1.000000
0.999741 -0.016624 -0.015554 -0.006600 0.016188 0.999484 -0.027761 10.822600 0.016007 0.027502 0.999494 -0.430700 0.000000 0.000000 0.000000 1.000000
0.999807 -0.019116 -0.004462 -0.006600 0.019006 0.999543 -0.023488 10.822600 0.004909 0.023399 0.999714 -0.430700 0.000000 0.000000 0.000000 1.000000
0.999731 -0.022200 0.006677 -0.006600 0.022320 0.999580 -0.018508 10.822600 -0.006264 0.018653 0.999806 -0.430700 0.000000 0.000000 0.000000 1.000000
0.999479 -0.028608 0.014946 -0.006600 0.028819 0.999486 -0.014055 10.822600 -0.014536 0.014479 0.999790 -0.430700 0.000000 0.000000 0.000000 1.000000
0.999288 -0.032423 0.019313 -0.006600 0.032648 0.999401 -0.011492 10.822600 -0.018929 0.012115 0.999747 -0.430700 0.000000 0.000000 0.000000 1.000000
0.999543 -0.023343 0.019214 -0.006600 0.023569 0.999655 -0.011622 10.822600 -0.018936 0.012069 0.999748 -0.430700 0.000000 0.000000 0.000000 1.000000
0.999866 -0.005712 0.015348 -0.006600 0.005917 0.999893 -0.013356 10.822600 -0.015270 0.013445 0.999793 -0.430700 0.000000 0.000000 0.000000 1.000000
0.999900 0.009773 0.010175 -0.006600 -0.009620 0.999841 -0.015040 10.822600 -0.010321 0.014941 0.999835 -0.430700 0.000000 0.000000 0.000000 1.000000
0.999520 0.030000 0.007672 -0.006600 -0.029866 0.999410 -0.016954 10.822600 -0.008176 0.016716 0.999827 -0.430700 0.000000 0.000000 0.000000 1.000000
0.998800 0.048295 0.008182 -0.006600 -0.048130 0.998655 -0.019287 10.822600 -0.009102 0.018870 0.999781 -0.430700 0.000000 0.000000 0.000000 1.000000
0.997992 0.062394 0.010871 -0.006600 -0.062155 0.997843 -0.021123 10.822600 -0.012166 0.020405 0.999718 -0.430700 0.000000 0.000000 0.000000 1.000000
0.997574 0.068426 0.012840 -0.006600 -0.068137 0.997439 -0.021728 10.822600 -0.014294 0.020800 0.999681 -0.430700 0.000000 0.000000 0.000000 1.000000
0.997637 0.067726 0.011572 -0.006600 -0.067465 0.997487 -0.021625 10.822600 -0.013008 0.020793 0.999699 -0.430700 0.000000 0.000000 0.000000 1.000000
0.997922 0.064144 0.006051 -0.006600 -0.064002 0.997720 -0.021393 10.822600 -0.007410 0.020961 0.999753 -0.430700 0.000000 0.000000 0.000000 1.000000
0.998288 0.058433 -0.002477 -0.006600 -0.058472 0.998063 -0.021257 10.822600 0.001230 0.021365 0.999771 -0.430700 0.000000 0.000000 0.000000 1.000000
0.998712 0.049384 -0.011643 -0.006600 -0.049632 0.998525 -0.022022 10.822600 0.010538 0.022572 0.999690 -0.430700 0.000000 0.000000 0.000000 1.000000
0.999098 0.037376 -0.020162 -0.006600 -0.037865 0.998984 -0.024431 10.822600 0.019229 0.025173 0.999498 -0.430700 0.000000 0.000000 0.000000 1.000000
0.999360 0.025274 -0.025319 -0.006600 -0.025949 0.999306 -0.026716 10.822600 0.024627 0.027356 0.999322 -0.430700 0.000000 0.000000 0.000000 1.000000
0.999498 0.013302 -0.028754 -0.006600 -0.014131 0.999485 -0.028824 10.822600 0.028356 0.029216 0.999171 -0.430700 0.000000 0.000000 0.000000 1.000000</float_array><technique_common><accessor source="#Spine-Matrix-animation-output-transform-array" count="27" stride="16"><param type="float4x4"/></accessor></technique_common></source><source id="Spine-Interpolations"><Name_array id="Spine-Interpolations-array" count="27">
 LINEAR LINEAR LINEAR LINEAR LINEAR LINEAR LINEAR LINEAR LINEAR LINEAR LINEAR
LINEAR LINEAR LINEAR LINEAR LINEAR LINEAR LINEAR LINEAR LINEAR LINEAR LINEAR LINEAR
LINEAR LINEAR LINEAR LINEAR</Name_array><technique_common><accessor source="#Spine-Interpolations-array" count="27"><param type="name"/></accessor></technique_common></source><sampler id="Spine-Matrix-animation-transform"><input semantic="INPUT" source="#Spine-Matrix-animation-input"/><input semantic="OUTPUT" source="#Spine-Matrix-animation-output-transform"/><input semantic="INTERPOLATION" source="#Spine-Interpolations"/></sampler><channel source="#Spine-Matrix-animation-transform" target="Spine/matrix"/></animation>
    <animation id="Spine1-anim" name="Spine1"><source id="Spine1-Matrix-animation-input"><float_array id="Spine1-Matrix-animation-input-array" count="27">

0.000000 0.033333 0.066667 0.100000 0.133333 0.166667 0.200000 0.233333 0.266667 0.300000 0.333333 0.366667 0.400000 0.433333 0.466667 0.500000
0.533333 0.566667 0.600000 0.633333 0.666667 0.700000 0.733333 0.766667 0.800000 0.833333 0.866667</float_array><technique_common><accessor source="#Spine1-Matrix-animation-input-array" count="27"><param name="TIME" type="float"/></accessor></technique_common></source><source id="Spine1-Matrix-animation-output-transform"><float_array id="Spine1-Matrix-animation-output-transform-array" count="432">

0.996790 0.021277 -0.077183 0.000000 -0.025657 0.998089 -0.056214 12.626300 0.075839 0.058014 0.995431 -0.211200 0.000000 0.000000 0.000000 1.000000
0.996187 0.012810 -0.086295 -0.000000 -0.017922 0.998113 -0.058722 12.626300 0.085380 0.060045 0.994538 -0.211200 0.000000 0.000000 0.000000 1.000000
0.995895 0.005020 -0.090374 0.000000 -0.010518 0.998116 -0.060453 12.626300 0.089900 0.061155 0.994071 -0.211200 0.000000 0.000000 0.000000 1.000000
0.996472 -0.000869 -0.083924 0.000000 -0.004303 0.998103 -0.061419 12.626300 0.083818 0.061564 0.994578 -0.211200 0.000000 0.000000 0.000000 1.000000
0.997196 -0.002946 -0.074775 0.000000 -0.001807 0.997986 -0.063411 12.626300 0.074811 0.063368 0.995182 -0.211200 0.000000 0.000000 0.000000 1.000000
0.997721 -0.000286 -0.067468 0.000000 -0.004066 0.997919 -0.064355 12.626300 0.067346 0.064483 0.995644 -0.211200 0.000000 0.000000 0.000000 1.000000
0.998106 0.005509 -0.061271 -0.000000 -0.009378 0.997967 -0.063047 12.626300 0.060799 0.063502 0.996128 -0.211200 0.000000 0.000000 0.000000 1.000000
0.998632 0.012550 -0.050770 0.000000 -0.015571 0.998104 -0.059550 12.626300 0.049926 0.060259 0.996933 -0.211200 0.000000 0.000000 0.000000 1.000000
0.999286 0.020383 -0.031825 0.000000 -0.022079 0.998304 -0.053862 12.626300 0.030673 0.054526 0.998041 -0.211200 0.000000 0.000000 0.000000 1.000000
0.999564 0.028522 -0.007585 -0.000000 -0.028845 0.998497 -0.046610 12.626300 0.006244 0.046809 0.998884 -0.211200 0.000000 0.000000 0.000000 1.000000
0.999292 0.035096 0.013524 0.000000 -0.034532 0.998606 -0.039913 12.626300 -0.014906 0.039418 0.999112 -0.211200 0.000000 0.000000 0.000000 1.000000
0.998911 0.038373 0.026548 -0.000000 -0.037417 0.998664 -0.035636 12.626300 -0.027880 0.034604 0.999012 -0.211200 0.000000 0.000000 0.000000 1.000000
0.998630 0.039471 0.034357 -0.000000 -0.038309 0.998692 -0.033849 12.626300 -0.035648 0.032486 0.998836 -0.211200 0.000000 0.000000 0.000000 1.000000
0.998238 0.041991 0.041916 -0.000000 -0.040604 0.998616 -0.033421 12.626300 -0.043261 0.031660 0.998562 -0.211200 0.000000 0.000000 0.000000 1.000000
0.997577 0.049536 0.048851 0.000000 -0.047919 0.998282 -0.033727 12.626300 -0.050438 0.031305 0.998236 -0.211200 0.000000 0.000000 0.000000 1.000000
0.996726 0.062976 0.050705 -0.000000 -0.061229 0.997499 -0.035313 12.626300 -0.052802 0.032093 0.998089 -0.211200 0.000000 0.000000 0.000000 1.000000
0.995769 0.079369 0.046310 0.000000 -0.077600 0.996228 -0.038821 12.626300 -0.049217 0.035063 0.998172 -0.211200 0.000000 0.000000 0.000000 1.000000
0.994933 0.092188 0.040127 0.000000 -0.090474 0.994986 -0.042626 12.626300 -0.043856 0.038780 0.998285 -0.211200 0.000000 0.000000 0.000000 1.000000
0.994699 0.096212 0.036292 0.000000 -0.094580 0.994531 -0.044300 12.626300 -0.040356 0.040633 0.998359 -0.211200 0.000000 0.000000 0.000000 1.000000
0.995225 0.091773 0.033242 -0.000000 -0.090289 0.994956 -0.043704 12.626300 -0.037085 0.040494 0.998491 -0.211200 0.000000 0.000000 0.000000 1.000000
0.996208 0.083072 0.025864 0.000000 -0.081920 0.995719 -0.042807 12.626300 -0.029309 0.040526 0.998749 -0.211200 0.000000 0.000000 0.000000 1.000000
0.997260 0.073090 0.011408 0.000000 -0.072544 0.996456 -0.042584 12.626300 -0.014480 0.041639 0.999028 -0.211200 0.000000 0.000000 0.000000 1.000000
0.998016 0.062426 -0.008209 0.000000 -0.062722 0.997110 -0.042873 12.626300 0.005509 0.043303 0.999047 -0.211200 0.000000 0.000000 0.000000 1.000000
0.998260 0.051214 -0.029234 0.000000 -0.052490 0.997621 -0.044689 12.626300 0.026875 0.046146 0.998573 -0.211200 0.000000 0.000000 0.000000 1.000000
0.997966 0.040015 -0.049619 0.000000 -0.042462 0.997882 -0.049287 12.626300 0.047541 0.051293 0.997551 -0.211200 0.000000 0.000000 0.000000 1.000000
0.997465 0.030390 -0.064336 -0.000000 -0.033827 0.998021 -0.053014 12.626300 0.062598 0.055056 0.996519 -0.211200 0.000000 0.000000 0.000000 1.000000
0.996790 0.021277 -0.077183 0.000000 -0.025657 0.998089 -0.056214 12.626300 0.075839 0.058014 0.995431 -0.211200 0.000000 0.000000 0.000000 1.000000</float_array><technique_common><accessor source="#Spine1-Matrix-animation-output-transform-array" count="27" stride="16"><param type="float4x4"/></accessor></technique_common></source><source id="Spine1-Interpolations"><Name_array id="Spine1-Interpolations-array" count="27">
 LINEAR LINEAR LINEAR LINEAR LINEAR LINEAR LINEAR LINEAR LINEAR LINEAR LINEAR
LINEAR LINEAR LINEAR LINEAR LINEAR LINEAR LINEAR LINEAR LINEAR LINEAR LINEAR LINEAR
LINEAR LINEAR LINEAR LINEAR</Name_array><technique_common><accessor source="#Spine1-Interpolations-array" count="27"><param type="name"/></accessor></technique_common></source><sampler id="Spine1-Matrix-animation-transform"><input semantic="INPUT" source="#Spine1-Matrix-animation-input"/><input semantic="OUTPUT" source="#Spine1-Matrix-animation-output-transform"/><input semantic="INTERPOLATION" source="#Spine1-Interpolations"/></sampler><channel source="#Spine1-Matrix-animation-transform" target="Spine1/matrix"/></animation>
    <animation id="Spine2-anim" name="Spine2"><source id="Spine2-Matrix-animation-input"><float_array id="Spine2-Matrix-animation-input-array" count="27">

0.000000 0.033333 0.066667 0.100000 0.133333 0.166667 0.200000 0.233333 0.266667 0.300000 0.333333 0.366667 0.400000 0.433333 0.466667 0.500000
0.533333 0.566667 0.600000 0.633333 0.666667 0.700000 0.733333 0.766667 0.800000 0.833333 0.866667</float_array><technique_common><accessor source="#Spine2-Matrix-animation-input-array" count="27"><param name="TIME" type="float"/></accessor></technique_common></source><source id="Spine2-Matrix-animation-output-transform"><float_array id="Spine2-Matrix-animation-output-transform-array" count="432">

0.996790 0.021366 -0.077155 0.000000 -0.025749 0.998083 -0.056273 14.430100 0.075805 0.058080 0.995430 0.000000 0.000000 0.000000 0.000000 1.000000
0.996193 0.012922 -0.086215 0.000000 -0.018038 0.998105 -0.058834 14.430100 0.085292 0.060165 0.994538 0.000000 0.000000 0.000000 0.000000 1.000000
0.995903 0.005094 -0.090281 -0.000000 -0.010596 0.998107 -0.060574 14.430100 0.089802 0.061282 0.994072 0.000000 0.000000 0.000000 0.000000 1.000000
0.996474 -0.000949 -0.083900 0.000000 -0.004224 0.998101 -0.061453 14.430100 0.083799 0.061591 0.994577 0.000000 0.000000 0.000000 0.000000 1.000000
0.997193 -0.003110 -0.074811 0.000000 -0.001641 0.997989 -0.063367 14.430100 0.074858 0.063312 0.995182 0.000000 0.000000 0.000000 0.000000 1.000000
0.997717 -0.000415 -0.067525 0.000000 -0.003936 0.997923 -0.064297 14.430100 0.067411 0.064416 0.995644 -0.000000 0.000000 0.000000 0.000000 1.000000
0.998104 0.005461 -0.061304 0.000000 -0.009331 0.997968 -0.063024 14.430100 0.060835 0.063476 0.996127 0.000000 0.000000 0.000000 0.000000 1.000000
0.998634 0.012561 -0.050727 0.000000 -0.015581 0.998102 -0.059583 14.430100 0.049883 0.060292 0.996934 0.000000 0.000000 0.000000 0.000000 1.000000
0.999290 0.020402 -0.031679 -0.000000 -0.022092 0.998300 -0.053933 14.430100 0.030525 0.054595 0.998042 0.000000 0.000000 0.000000 0.000000 1.000000
0.999566 0.028523 -0.007371 0.000000 -0.028837 0.998495 -0.046646 14.430100 0.006029 0.046839 0.998884 0.000000 0.000000 0.000000 0.000000 1.000000
0.999289 0.035127 0.013723 0.000000 -0.034556 0.998609 -0.039829 14.430100 -0.015103 0.039327 0.999112 0.000000 0.000000 0.000000 0.000000 1.000000
0.998902 0.038511 0.026666 0.000000 -0.037557 0.998667 -0.035405 14.430100 -0.027994 0.034365 0.999017 0.000000 0.000000 0.000000 0.000000 1.000000
0.998619 0.039722 0.034387 0.000000 -0.038571 0.998693 -0.033528 14.430100 -0.035674 0.032156 0.998846 -0.000000 0.000000 0.000000 0.000000 1.000000
0.998228 0.042261 0.041895 0.000000 -0.040887 0.998615 -0.033118 14.430100 -0.043236 0.031346 0.998573 0.000000 0.000000 0.000000 0.000000 1.000000
0.997569 0.049740 0.048802 0.000000 -0.048136 0.998279 -0.033509 14.430100 -0.050385 0.031078 0.998246 -0.000000 0.000000 0.000000 0.000000 1.000000
0.996721 0.063133 0.050606 0.000000 -0.061397 0.997494 -0.035160 14.430100 -0.052699 0.031937 0.998100 -0.000000 0.000000 0.000000 0.000000 1.000000
0.995765 0.079511 0.046148 0.000000 -0.077753 0.996221 -0.038705 14.430100 -0.049051 0.034953 0.998185 0.000000 0.000000 0.000000 0.000000 1.000000
0.994930 0.092295 0.039944 -0.000000 -0.090591 0.994978 -0.042562 14.430100 -0.043672 0.038728 0.998295 0.000000 0.000000 0.000000 0.000000 1.000000
0.994699 0.096262 0.036153 0.000000 -0.094634 0.994526 -0.044305 14.430100 -0.040220 0.040649 0.998364 -0.000000 0.000000 0.000000 0.000000 1.000000
0.995227 0.091780 0.033164 -0.000000 -0.090297 0.994953 -0.043753 14.430100 -0.037012 0.040550 0.998492 -0.000000 0.000000 0.000000 0.000000 1.000000
0.996210 0.083064 0.025802 0.000000 -0.081913 0.995718 -0.042860 14.430100 -0.029252 0.040584 0.998748 0.000000 0.000000 0.000000 0.000000 1.000000
0.997262 0.073083 0.011310 -0.000000 -0.072540 0.996455 -0.042604 14.430100 -0.014384 0.041667 0.999028 -0.000000 0.000000 0.000000 0.000000 1.000000
0.998015 0.062420 -0.008347 -0.000000 -0.062722 0.997111 -0.042847 14.430100 0.005648 0.043285 0.999047 0.000000 0.000000 0.000000 0.000000 1.000000
0.998256 0.051209 -0.029374 0.000000 -0.052489 0.997624 -0.044631 14.430100 0.027018 0.046095 0.998572 0.000000 0.000000 0.000000 0.000000 1.000000
0.997961 0.040015 -0.049724 0.000000 -0.042465 0.997884 -0.049227 14.430100 0.047649 0.051238 0.997549 -0.000000 0.000000 0.000000 0.000000 1.000000
0.997461 0.030430 -0.064379 0.000000 -0.033868 0.998020 -0.053006 14.430100 0.062638 0.055052 0.996517 0.000000 0.000000 0.000000 0.000000 1.000000
0.996790 0.021366 -0.077155 0.000000 -0.025749 0.998083 -0.056273 14.430100 0.075805 0.058080 0.995430 0.000000 0.000000 0.000000 0.000000 1.000000</float_array><technique_common><accessor source="#Spine2-Matrix-animation-output-transform-array" count="27" stride="16"><param type="float4x4"/></accessor></technique_common></source><source id="Spine2-Interpolations"><Name_array id="Spine2-Interpolations-array" count="27">
 LINEAR LINEAR LINEAR LINEAR LINEAR LINEAR LINEAR LINEAR LINEAR LINEAR LINEAR
LINEAR LINEAR LINEAR LINEAR LINEAR LINEAR LINEAR LINEAR LINEAR LINEAR LINEAR LINEAR
LINEAR LINEAR LINEAR LINEAR</Name_array><technique_common><accessor source="#Spine2-Interpolations-array" count="27"><param type="name"/></accessor></technique_common></source><sampler id="Spine2-Matrix-animation-transform"><input semantic="INPUT" source="#Spine2-Matrix-animation-input"/><input semantic="OUTPUT" source="#Spine2-Matrix-animation-output-transform"/><input semantic="INTERPOLATION" source="#Spine2-Interpolations"/></sampler><channel source="#Spine2-Matrix-animation-transform" target="Spine2/matrix"/></animation>
    <animation id="Neck-anim" name="Neck"><source id="Neck-Matrix-animation-input"><float_array id="Neck-Matrix-animation-input-array" count="27">

0.000000 0.033333 0.066667 0.100000 0.133333 0.166667 0.200000 0.233333 0.266667 0.300000 0.333333 0.366667 0.400000 0.433333 0.466667 0.500000
0.533333 0.566667 0.600000 0.633333 0.666667 0.700000 0.733333 0.766667 0.800000 0.833333 0.866667</float_array><technique_common><accessor source="#Neck-Matrix-animation-input-array" count="27"><param name="TIME" type="float"/></accessor></technique_common></source><source id="Neck-Matrix-animation-output-transform"><float_array id="Neck-Matrix-animation-output-transform-array" count="432">

0.999952 0.003254 0.009254 0.000000 -0.003123 0.999895 -0.014167 16.233801 -0.009300 0.014137 0.999857 0.000000 0.000000 0.000000 0.000000 1.000000
0.999918 0.006404 0.011112 0.000000 -0.006280 0.999918 -0.011184 16.233801 -0.011183 0.011113 0.999876 0.000000 0.000000 0.000000 0.000000 1.000000
0.999884 0.008148 0.012851 0.000000 -0.008042 0.999934 -0.008246 16.233801 -0.012918 0.008142 0.999883 -0.000000 0.000000 0.000000 0.000000 1.000000
0.999885 0.006172 0.013853 0.000000 -0.006093 0.999965 -0.005704 16.233801 -0.013887 0.005619 0.999888 0.000000 0.000000 0.000000 0.000000 1.000000
0.999913 0.002317 0.012951 0.000000 -0.002258 0.999987 -0.004576 16.233801 -0.012961 0.004546 0.999906 0.000000 0.000000 0.000000 0.000000 1.000000
0.999945 0.000376 0.010493 0.000000 -0.000325 0.999988 -0.004895 16.233801 -0.010494 0.004892 0.999933 0.000000 0.000000 0.000000 0.000000 1.000000
0.999969 0.001977 0.007681 -0.000000 -0.001931 0.999980 -0.005974 16.233801 -0.007693 0.005959 0.999953 -0.000000 0.000000 0.000000 0.000000 1.000000
0.999971 0.005327 0.005366 0.000000 -0.005289 0.999961 -0.007125 16.233801 -0.005404 0.007097 0.999960 0.000000 0.000000 0.000000 0.000000 1.000000
0.999964 0.007615 0.003631 0.000000 -0.007587 0.999941 -0.007794 16.233801 -0.003690 0.007767 0.999963 0.000000 0.000000 0.000000 0.000000 1.000000
0.999967 0.007795 0.002344 0.000000 -0.007777 0.999940 -0.007707 16.233801 -0.002404 0.007688 0.999968 0.000000 0.000000 0.000000 0.000000 1.000000
0.999980 0.006238 0.001371 0.000000 -0.006228 0.999953 -0.007451 16.233801 -0.001418 0.007442 0.999971 0.000000 0.000000 0.000000 0.000000 1.000000
0.999995 0.003035 0.000370 0.000000 -0.003032 0.999961 -0.008246 16.233801 -0.000395 0.008245 0.999966 0.000000 0.000000 0.000000 0.000000 1.000000
0.999998 -0.001942 -0.000953 -0.000000 0.001932 0.999944 -0.010444 16.233801 0.000973 0.010442 0.999945 0.000000 0.000000 0.000000 0.000000 1.000000
0.999966 -0.007920 -0.002356 -0.000000 0.007889 0.999887 -0.012798 16.233801 0.002457 0.012779 0.999915 0.000000 0.000000 0.000000 0.000000 1.000000
0.999908 -0.013139 -0.003311 0.000000 0.013091 0.999817 -0.013984 16.233801 0.003494 0.013940 0.999897 0.000000 0.000000 0.000000 0.000000 1.000000
0.999868 -0.015870 -0.003611 -0.000000 0.015816 0.999771 -0.014415 16.233801 0.003839 0.014356 0.999890 -0.000000 0.000000 0.000000 0.000000 1.000000
0.999876 -0.015415 -0.003296 0.000000 0.015361 0.999760 -0.015630 16.233801 0.003536 0.015578 0.999872 -0.000000 0.000000 0.000000 0.000000 1.000000
0.999919 -0.012541 -0.002250 -0.000000 0.012498 0.999759 -0.018040 16.233801 0.002476 0.018011 0.999835 0.000000 0.000000 0.000000 0.000000 1.000000
0.999957 -0.009215 -0.000455 0.000000 0.009204 0.999749 -0.020444 16.233801 0.000643 0.020439 0.999791 0.000000 0.000000 0.000000 0.000000 1.000000
0.999971 -0.007448 0.001544 0.000000 0.007480 0.999731 -0.021949 16.233801 -0.001380 0.021960 0.999758 -0.000000 0.000000 0.000000 0.000000 1.000000
0.999965 -0.007764 0.002954 -0.000000 0.007830 0.999704 -0.023054 16.233801 -0.002774 0.023076 0.999730 0.000000 0.000000 0.000000 0.000000 1.000000
0.999955 -0.008852 0.003513 0.000000 0.008935 0.999667 -0.024209 16.233801 -0.003297 0.024240 0.999701 0.000000 0.000000 0.000000 0.000000 1.000000
0.999953 -0.008927 0.003713 -0.000000 0.009015 0.999657 -0.024582 16.233801 -0.003492 0.024615 0.999691 -0.000000 0.000000 0.000000 0.000000 1.000000
0.999965 -0.007241 0.004303 0.000000 0.007339 0.999704 -0.023180 16.233801 -0.004134 0.023211 0.999722 0.000000 0.000000 0.000000 0.000000 1.000000
0.999975 -0.004283 0.005601 0.000000 0.004395 0.999785 -0.020267 16.233801 -0.005513 0.020291 0.999779 0.000000 0.000000 0.000000 0.000000 1.000000
0.999973 -0.000592 0.007378 0.000000 0.000719 0.999852 -0.017198 16.233801 -0.007367 0.017203 0.999825 0.000000 0.000000 0.000000 0.000000 1.000000
0.999952 0.003254 0.009255 0.000000 -0.003123 0.999895 -0.014167 16.233801 -0.009300 0.014137 0.999857 0.000000 0.000000 0.000000 0.000000 1.000000</float_array><technique_common><accessor source="#Neck-Matrix-animation-output-transform-array" count="27" stride="16"><param type="float4x4"/></accessor></technique_common></source><source id="Neck-Interpolations"><Name_array id="Neck-Interpolations-array" count="27">
 LINEAR LINEAR LINEAR LINEAR LINEAR LINEAR LINEAR LINEAR LINEAR LINEAR LINEAR
LINEAR LINEAR LINEAR LINEAR LINEAR LINEAR LINEAR LINEAR LINEAR LINEAR LINEAR LINEAR
LINEAR LINEAR LINEAR LINEAR</Name_array><technique_common><accessor source="#Neck-Interpolations-array" count="27"><param type="name"/></accessor></technique_common></source><sampler id="Neck-Matrix-animation-transform"><input semantic="INPUT" source="#Neck-Matrix-animation-input"/><input semantic="OUTPUT" source="#Neck-Matrix-animation-output-transform"/><input semantic="INTERPOLATION" source="#Neck-Interpolations"/></sampler><channel source="#Neck-Matrix-animation-transform" target="Neck/matrix"/></animation>
    <animation id="Head-anim" name="Head"><source id="Head-Matrix-animation-input"><float_array id="Head-Matrix-animation-input-array" count="27">

0.000000 0.033333 0.066667 0.100000 0.133333 0.166667 0.200000 0.233333 0.266667 0.300000 0.333333 0.366667 0.400000 0.433333 0.466667 0.500000
0.533333 0.566667 0.600000 0.633333 0.666667 0.700000 0.733333 0.766667 0.800000 0.833333 0.866667</float_array><technique_common><accessor source="#Head-Matrix-animation-input-array" count="27"><param name="TIME" type="float"/></accessor></technique_common></source><source id="Head-Matrix-animation-output-transform"><float_array id="Head-Matrix-animation-output-transform-array" count="432">

0.999113 -0.005550 0.041738 -0.000000 -0.001962 0.984058 0.177836 6.761400 -0.042060 -0.177760 0.983175 0.000000 0.000000 0.000000 0.000000 1.000000
0.998654 0.006282 0.051479 0.000000 -0.015620 0.982977 0.183065 6.761400 -0.049452 -0.183623 0.981752 0.000000 0.000000 0.000000 0.000000 1.000000
0.997986 0.015713 0.061462 0.000000 -0.027060 0.981715 0.188422 6.761400 -0.057377 -0.189705 0.980163 0.000000 0.000000 0.000000 0.000000 1.000000
0.997415 0.017885 0.069588 -0.000000 -0.031252 0.980097 0.196045 6.761400 -0.064697 -0.197713 0.978123 0.000000 0.000000 0.000000 0.000000 1.000000
0.997737 0.009382 0.066578 0.000000 -0.022665 0.979193 0.201662 6.761400 -0.063300 -0.202715 0.977190 0.000000 0.000000 0.000000 0.000000 1.000000
0.998680 -0.006489 0.050950 0.000000 -0.003656 0.980492 0.196523 6.761400 -0.051231 -0.196450 0.979175 0.000000 0.000000 0.000000 0.000000 1.000000
0.999326 -0.021392 0.029846 -0.000000 0.015620 0.983227 0.181716 6.761400 -0.033233 -0.181127 0.982898 -0.000000 0.000000 0.000000 0.000000 1.000000
0.999505 -0.029240 0.011645 0.000000 0.026931 0.986038 0.164331 6.761400 -0.016287 -0.163936 0.986337 0.000000 0.000000 0.000000 0.000000 1.000000
0.999551 -0.029962 -0.000003 0.000000 0.029619 0.988122 0.150788 6.761400 -0.004515 -0.150720 0.988566 0.000000 0.000000 0.000000 0.000000 1.000000
0.999605 -0.027473 -0.005888 0.000000 0.028039 0.988879 0.146058 6.761400 0.001810 -0.146165 0.989259 0.000000 0.000000 0.000000 0.000000 1.000000
0.999626 -0.025993 -0.008541 0.000000 0.026992 0.987941 0.152463 6.761400 0.004475 -0.152636 0.988272 0.000000 0.000000 0.000000 0.000000 1.000000
0.999575 -0.027212 -0.010420 0.000000 0.028559 0.985910 0.164822 6.761400 0.005788 -0.165050 0.986268 -0.000000 0.000000 0.000000 0.000000 1.000000
0.999469 -0.030111 -0.012489 -0.000000 0.031812 0.984594 0.171936 6.761400 0.007120 -0.172242 0.985029 0.000000 0.000000 0.000000 0.000000 1.000000
0.999320 -0.034119 -0.013987 0.000000 0.035982 0.985210 0.167528 6.761400 0.008065 -0.167918 0.985768 0.000000 0.000000 0.000000 0.000000 1.000000
0.999040 -0.041222 -0.014818 -0.000000 0.043043 0.986598 0.157390 6.761400 0.008131 -0.157877 0.987425 0.000000 0.000000 0.000000 0.000000 1.000000
0.998476 -0.052596 -0.016704 -0.000000 0.054530 0.986840 0.152229 6.761400 0.008478 -0.152908 0.988204 -0.000000 0.000000 0.000000 0.000000 1.000000
0.997756 -0.064024 -0.019619 0.000000 0.066297 0.985685 0.155015 6.761400 0.009413 -0.155968 0.987717 -0.000000 0.000000 0.000000 0.000000 1.000000
0.997471 -0.068356 -0.019463 -0.000000 0.070589 0.984705 0.159292 6.761400 0.008276 -0.160263 0.987040 0.000000 0.000000 0.000000 0.000000 1.000000
0.997888 -0.063690 -0.012782 0.000000 0.064911 0.985260 0.158273 6.761400 0.002513 -0.158768 0.987313 0.000000 0.000000 0.000000 0.000000 1.000000
0.998429 -0.055992 -0.001941 0.000000 0.055642 0.986951 0.151099 6.761400 -0.006544 -0.150970 0.988517 -0.000000 0.000000 0.000000 0.000000 1.000000
0.998614 -0.052139 0.007144 0.000000 0.050606 0.988642 0.141511 6.761400 -0.014441 -0.140953 0.989911 0.000000 0.000000 0.000000 0.000000 1.000000
0.998544 -0.052759 0.011208 0.000000 0.050778 0.989622 0.134426 6.761400 -0.018184 -0.133661 0.990860 0.000000 0.000000 0.000000 0.000000 1.000000
0.998536 -0.052665 0.012323 0.000000 0.050538 0.989641 0.134378 6.761400 -0.019272 -0.133558 0.990854 0.000000 0.000000 0.000000 0.000000 1.000000
0.998808 -0.046341 0.015326 0.000000 0.043661 0.988628 0.143902 6.761400 -0.021820 -0.143061 0.989473 0.000000 0.000000 0.000000 0.000000 1.000000
0.999200 -0.032806 0.022873 -0.000000 0.028696 0.986487 0.161308 6.761400 -0.027855 -0.160523 0.986639 0.000000 0.000000 0.000000 0.000000 1.000000
0.999302 -0.018953 0.032201 0.000000 0.013172 0.985166 0.171099 6.761400 -0.034966 -0.170556 0.984727 -0.000000 0.000000 0.000000 0.000000 1.000000
0.999113 -0.005550 0.041738 -0.000000 -0.001962 0.984058 0.177836 6.761400 -0.042060 -0.177760 0.983175 0.000000 0.000000 0.000000 0.000000 1.000000</float_array><technique_common><accessor source="#Head-Matrix-animation-output-transform-array" count="27" stride="16"><param type="float4x4"/></accessor></technique_common></source><source id="Head-Interpolations"><Name_array id="Head-Interpolations-array" count="27">
 LINEAR LINEAR LINEAR LINEAR LINEAR LINEAR LINEAR LINEAR LINEAR LINEAR LINEAR
LINEAR LINEAR LINEAR LINEAR LINEAR LINEAR LINEAR LINEAR LINEAR LINEAR LINEAR LINEAR
LINEAR LINEAR LINEAR LINEAR</Name_array><technique_common><accessor source="#Head-Interpolations-array" count="27"><param type="name"/></accessor></technique_common></source><sampler id="Head-Matrix-animation-transform"><input semantic="INPUT" source="#Head-Matrix-animation-input"/><input semantic="OUTPUT" source="#Head-Matrix-animation-output-transform"/><input semantic="INTERPOLATION" source="#Head-Interpolations"/></sampler><channel source="#Head-Matrix-animation-transform" target="Head/matrix"/></animation>
    <animation id="LeftShoulder-anim" name="LeftShoulder"><source id="LeftShoulder-Matrix-animation-input"><float_array id="LeftShoulder-Matrix-animation-input-array" count="27">

0.000000 0.033333 0.066667 0.100000 0.133333 0.166667 0.200000 0.233333 0.266667 0.300000 0.333333 0.366667 0.400000 0.433333 0.466667 0.500000
0.533333 0.566667 0.600000 0.633333 0.666667 0.700000 0.733333 0.766667 0.800000 0.833333 0.866667</float_array><technique_common><accessor source="#LeftShoulder-Matrix-animation-input-array" count="27"><param name="TIME" type="float"/></accessor></technique_common></source><source id="LeftShoulder-Matrix-animation-output-transform"><float_array id="LeftShoulder-Matrix-animation-output-transform-array" count="432">

0.979876 0.170175 -0.104321 10.952700 -0.172507 0.984913 -0.013689 13.317100 0.100418 0.031409 0.994449 -1.443600 0.000000 0.000000 0.000000 1.000000
0.979647 0.172288 -0.103001 10.952700 -0.174597 0.984544 -0.013771 13.317100 0.099037 0.031474 0.994586 -1.443600 0.000000 0.000000 0.000000 1.000000
0.979543 0.173790 -0.101451 10.952700 -0.176063 0.984282 -0.013827 13.317100 0.097454 0.031406 0.994744 -1.443600 0.000000 0.000000 0.000000 1.000000
0.979656 0.173980 -0.100026 10.952700 -0.176208 0.984256 -0.013823 13.317100 0.096046 0.031168 0.994889 -1.443600 0.000000 0.000000 0.000000 1.000000
0.979569 0.174323 -0.100284 10.952700 -0.176563 0.984192 -0.013839 13.317100 0.096286 0.031262 0.994863 -1.443600 0.000000 0.000000 0.000000 1.000000
0.979332 0.175309 -0.100873 10.952700 -0.177576 0.984009 -0.013882 13.317100 0.096827 0.031507 0.994802 -1.443600 0.000000 0.000000 0.000000 1.000000
0.979526 0.175270 -0.099047 10.952700 -0.177477 0.984027 -0.013866 13.317100 0.095034 0.031160 0.994986 -1.443600 0.000000 0.000000 0.000000 1.000000
0.980483 0.172707 -0.093943 10.952700 -0.174732 0.984520 -0.013716 13.317100 0.090120 0.029863 0.995483 -1.443600 0.000000 0.000000 0.000000 1.000000
0.981589 0.169197 -0.088635 10.952700 -0.171033 0.985173 -0.013496 13.317100 0.085037 0.028407 0.995973 -1.443600 0.000000 0.000000 0.000000 1.000000
0.981887 0.167973 -0.087651 10.952700 -0.169771 0.985392 -0.013425 13.317100 0.084116 0.028063 0.996061 -1.443600 0.000000 0.000000 0.000000 1.000000
0.981212 0.169406 -0.092328 10.952700 -0.171356 0.985116 -0.013551 13.317100 0.088658 0.029117 0.995636 -1.443600 0.000000 0.000000 0.000000 1.000000
0.980344 0.170374 -0.099489 10.952700 -0.172552 0.984906 -0.013655 13.317100 0.095660 0.030554 0.994945 -1.443600 0.000000 0.000000 0.000000 1.000000
0.980173 0.168411 -0.104400 10.952700 -0.170729 0.985224 -0.013611 13.317100 0.100565 0.031166 0.994442 -1.443600 0.000000 0.000000 0.000000 1.000000
0.980869 0.164228 -0.104525 10.952700 -0.166511 0.985948 -0.013446 13.317100 0.100848 0.030593 0.994431 -1.443600 0.000000 0.000000 0.000000 1.000000
0.981887 0.160094 -0.101327 10.952700 -0.162238 0.986663 -0.013232 13.317100 0.097857 0.029432 0.994765 -1.443600 0.000000 0.000000 0.000000 1.000000
0.982525 0.157725 -0.098833 10.952700 -0.159771 0.987067 -0.013089 13.317100 0.095490 0.028650 0.995018 -1.443600 0.000000 0.000000 0.000000 1.000000
0.982414 0.157904 -0.099641 10.952700 -0.159976 0.987034 -0.013109 13.317100 0.096280 0.028818 0.994937 -1.443600 0.000000 0.000000 0.000000 1.000000
0.981746 0.160323 -0.102331 10.952700 -0.162500 0.986620 -0.013251 13.317100 0.098838 0.029638 0.994662 -1.443600 0.000000 0.000000 0.000000 1.000000
0.981182 0.162997 -0.103506 10.952700 -0.165235 0.986163 -0.013376 13.317100 0.099894 0.030227 0.994539 -1.443600 0.000000 0.000000 0.000000 1.000000
0.981269 0.163394 -0.102046 10.952700 -0.165590 0.986104 -0.013379 13.317100 0.098442 0.030026 0.994690 -1.443600 0.000000 0.000000 0.000000 1.000000
0.981794 0.161336 -0.100260 10.952700 -0.163458 0.986461 -0.013269 13.317100 0.096762 0.029416 0.994873 -1.443600 0.000000 0.000000 0.000000 1.000000
0.982051 0.159475 -0.100718 10.952700 -0.161594 0.986769 -0.013190 13.317100 0.097282 0.029229 0.994828 -1.443600 0.000000 0.000000 0.000000 1.000000
0.981710 0.160012 -0.103157 10.952700 -0.162212 0.986667 -0.013245 13.317100 0.099663 0.029736 0.994577 -1.443600 0.000000 0.000000 0.000000 1.000000
0.981074 0.162460 -0.105357 10.952700 -0.164752 0.986244 -0.013374 13.317100 0.101735 0.030479 0.994345 -1.443600 0.000000 0.000000 0.000000 1.000000
0.980545 0.165184 -0.106045 10.952700 -0.167525 0.985775 -0.013496 13.317100 0.102307 0.030998 0.994270 -1.443600 0.000000 0.000000 0.000000 1.000000
0.980192 0.167703 -0.105349 10.952700 -0.170045 0.985342 -0.013593 13.317100 0.101525 0.031238 0.994342 -1.443600 0.000000 0.000000 0.000000 1.000000
0.979876 0.170175 -0.104321 10.952700 -0.172507 0.984913 -0.013689 13.317100 0.100418 0.031409 0.994449 -1.443600 0.000000 0.000000 0.000000 1.000000</float_array><technique_common><accessor source="#LeftShoulder-Matrix-animation-output-transform-array" count="27" stride="16"><param type="float4x4"/></accessor></technique_common></source><source id="LeftShoulder-Interpolations"><Name_array id="LeftShoulder-Interpolations-array" count="27">
 LINEAR LINEAR LINEAR LINEAR LINEAR LINEAR LINEAR LINEAR LINEAR LINEAR LINEAR
LINEAR LINEAR LINEAR LINEAR LINEAR LINEAR LINEAR LINEAR LINEAR LINEAR LINEAR LINEAR
