<?xml version="1.0" encoding="utf-8"?>
<COLLADA xmlns="http://www.collada.org/2005/11/COLLADASchema" version="1.4.1">
  <asset><contributor><author>Mixamo</author><authoring_tool>COLLADA Mixamo exporter</authoring_tool><comments></comments></contributor><created>2020-08-06T11:01:24Z</created><modified>2020-08-06T11:01:24Z</modified><revision></revision><title></title><unit meter="0.010000"/><up_axis>Y_UP</up_axis></asset>
  <library_animations>
    <animation id="Hips-anim" name="Hips"><source id="Hips-Matrix-animation-input"><float_array id="Hips-Matrix-animation-input-array" count="37">

0.000000 0.033333 0.066667 0.100000 0.133333 0.166667 0.200000 0.233333 0.266667 0.300000 0.333333 0.366667 0.400000 0.433333 0.466667 0.500000
0.533333 0.566667 0.600000 0.633333 0.666667 0.700000 0.733333 0.766667 0.800000 0.833333 0.866667 0.900000 0.933333 0.966667 1.000000 1.033333
1.066667 1.100000 1.133333 1.166667 1.200000</float_array><technique_common><accessor source="#Hips-Matrix-animation-input-array" count="37"><param name="TIME" type="float"/></accessor></technique_common></source><source id="Hips-Matrix-animation-output-transform"><float_array id="Hips-Matrix-animation-output-transform-array" count="592">

0.995514 0.065411 0.068356 0.022393 -0.069519 0.995802 0.059546 105.554871 -0.064174 -0.064031 0.995882 0.000000 0.000000 0.000000 0.000000 1.000000
0.997345 0.052785 0.050175 0.313931 -0.055420 0.997074 0.052645 105.985748 -0.047250 -0.055286 0.997352 -0.762463 0.000000 0.000000 0.000000 1.000000
0.998939 0.040004 0.022820 0.668787 -0.040960 0.998231 0.043105 106.227242 -0.021055 -0.043994 0.998810 -1.546038 0.000000 0.000000 0.000000 1.000000
0.999494 0.030831 -0.007846 1.044155 -0.030527 0.998873 0.036333 106.179565 0.008958 -0.036075 0.999309 -2.205788 0.000000 0.000000 0.000000 1.000000
0.998645 0.031988 -0.041054 1.329423 -0.030637 0.998981 0.033133 105.829956 0.042072 -0.031830 0.998607 -2.702309 0.000000 0.000000 0.000000 1.000000
0.996434 0.040069 -0.074253 1.609730 -0.037788 0.998777 0.031882 105.310753 0.075439 -0.028962 0.996730 -3.042721 0.000000 0.000000 0.000000 1.000000
0.993532 0.049131 -0.102371 1.925679 -0.046220 0.998462 0.030613 104.688728 0.103717 -0.025684 0.994275 -3.219235 0.000000 0.000000 0.000000 1.000000
0.991092 0.050047 -0.123414 2.194530 -0.046869 0.998494 0.028525 104.043236 0.124655 -0.022486 0.991945 -3.127522 0.000000 0.000000 0.000000 1.000000
0.990077 0.035541 -0.135961 2.378798 -0.031830 0.999062 0.029373 103.549843 0.136877 -0.024754 0.990279 -2.692859 0.000000 0.000000 0.000000 1.000000
0.990419 0.009632 -0.137757 2.481246 -0.005740 0.999574 0.028627 103.370987 0.137974 -0.027562 0.990052 -1.914402 0.000000 0.000000 0.000000 1.000000
0.990616 -0.015132 -0.135833 2.569188 0.018483 0.999554 0.023446 103.324814 0.135418 -0.025737 0.990454 -0.808680 0.000000 0.000000 0.000000 1.000000
0.989240 -0.040577 -0.140560 2.810006 0.043373 0.998916 0.016886 103.368011 0.139723 -0.022801 0.989928 0.210302 0.000000 0.000000 0.000000 1.000000
0.986191 -0.072285 -0.149004 3.083450 0.076508 0.996808 0.022801 103.611893 0.146881 -0.033886 0.988574 0.817971 0.000000 0.000000 0.000000 1.000000
0.982946 -0.099957 -0.154358 3.218376 0.107193 0.993462 0.039269 103.843269 0.149423 -0.055145 0.987234 0.984279 0.000000 0.000000 0.000000 1.000000
0.980737 -0.117849 -0.155778 3.272093 0.127001 0.990635 0.050126 103.968681 0.148411 -0.068944 0.986520 0.785568 0.000000 0.000000 0.000000 1.000000
0.980282 -0.125186 -0.152889 3.291935 0.134158 0.989707 0.049808 104.164398 0.145080 -0.069337 0.986987 0.325656 0.000000 0.000000 0.000000 1.000000
0.982422 -0.119464 -0.143439 3.226019 0.126795 0.990994 0.043067 104.477051 0.137002 -0.060497 0.988722 -0.286282 0.000000 0.000000 0.000000 1.000000
0.986147 -0.105623 -0.127896 3.068075 0.111433 0.993001 0.039136 104.962601 0.122867 -0.052845 0.991015 -0.899202 0.000000 0.000000 0.000000 1.000000
0.990132 -0.089594 -0.107757 2.870201 0.094233 0.994796 0.038748 105.485985 0.103724 -0.048520 0.993422 -1.539930 0.000000 0.000000 0.000000 1.000000
0.994074 -0.071268 -0.082085 2.594474 0.074457 0.996558 0.036460 105.981148 0.079204 -0.042355 0.995958 -2.167989 0.000000 0.000000 0.000000 1.000000
0.997078 -0.053555 -0.054467 2.265264 0.055280 0.998000 0.030658 106.322212 0.052716 -0.033579 0.998045 -2.725407 0.000000 0.000000 0.000000 1.000000
0.998637 -0.042988 -0.029588 1.973593 0.043630 0.998819 0.021394 106.425652 0.028633 -0.022655 0.999333 -3.230710 0.000000 0.000000 0.000000 1.000000
0.999103 -0.041921 -0.006021 1.739978 0.041988 0.999053 0.011388 106.216568 0.005538 -0.011630 0.999917 -3.628593 0.000000 0.000000 0.000000 1.000000
0.998693 -0.048544 0.015989 1.536778 0.048487 0.998816 0.003960 105.743263 -0.016163 -0.003180 0.999864 -3.884605 0.000000 0.000000 0.000000 1.000000
0.997668 -0.059555 0.033348 1.316869 0.059706 0.998210 -0.003541 105.105148 -0.033077 0.005524 0.999438 -4.010267 0.000000 0.000000 0.000000 1.000000
0.996677 -0.068092 0.044702 1.092970 0.068545 0.997610 -0.008681 104.414566 -0.044004 0.011716 0.998963 -3.915348 0.000000 0.000000 0.000000 1.000000
0.996360 -0.066363 0.053498 0.944502 0.066765 0.997752 -0.005762 103.803513 -0.052996 0.009313 0.998551 -3.441792 0.000000 0.000000 0.000000 1.000000
0.996907 -0.050513 0.060200 0.803457 0.050763 0.998707 -0.002623 103.481651 -0.059989 0.005671 0.998183 -2.569271 0.000000 0.000000 0.000000 1.000000
0.997920 -0.021520 0.060758 0.583616 0.021932 0.999741 -0.006125 103.505417 -0.060611 0.007444 0.998134 -1.386360 0.000000 0.000000 0.000000 1.000000
0.998384 0.006823 0.056413 0.342245 -0.006447 0.999956 -0.006849 103.530594 -0.056457 0.006474 0.998384 -0.035831 0.000000 0.000000 0.000000 1.000000
0.998201 0.026299 0.053883 0.063756 -0.026531 0.999642 0.003592 103.346832 -0.053769 -0.005015 0.998541 1.046015 0.000000 0.000000 0.000000 1.000000
0.997016 0.053559 0.055596 -0.181666 -0.055345 0.997983 0.031105 103.418365 -0.053818 -0.034089 0.997969 1.588895 0.000000 0.000000 0.000000 1.000000
0.994474 0.086373 0.059675 -0.283266 -0.089789 0.994319 0.057163 103.655350 -0.054399 -0.062205 0.996580 1.636493 0.000000 0.000000 0.000000 1.000000
0.992798 0.101406 0.063789 -0.305417 -0.105391 0.992462 0.062542 103.823265 -0.056966 -0.068814 0.996002 1.324572 0.000000 0.000000 0.000000 1.000000
0.992880 0.097513 0.068417 -0.286667 -0.101792 0.992864 0.062129 104.273766 -0.061871 -0.068651 0.995720 0.918567 0.000000 0.000000 0.000000 1.000000
0.993908 0.083954 0.071408 -0.174134 -0.088413 0.994168 0.061746 104.970932 -0.065808 -0.067684 0.995534 0.503206 0.000000 0.000000 0.000000 1.000000
0.995514 0.065411 0.068356 0.022378 -0.069519 0.995802 0.059546 105.554893 -0.064174 -0.064031 0.995882 -0.000000 0.000000 0.000000 0.000000 1.000000</float_array><technique_common><accessor source="#Hips-Matrix-animation-output-transform-array" count="37" stride="16"><param type="float4x4"/></accessor></technique_common></source><source id="Hips-Interpolations"><Name_array id="Hips-Interpolations-array" count="37">
 LINEAR LINEAR LINEAR LINEAR LINEAR LINEAR LINEAR LINEAR LINEAR LINEAR LINEAR
LINEAR LINEAR LINEAR LINEAR LINEAR LINEAR LINEAR LINEAR LINEAR LINEAR LINEAR LINEAR
LINEAR LINEAR LINEAR LINEAR LINEAR LINEAR LINEAR LINEAR LINEAR LINEAR LINEAR LINEAR
LINEAR LINEAR</Name_array><technique_common><accessor source="#Hips-Interpolations-array" count="37"><param type="name"/></accessor></technique_common></source><sampler id="Hips-Matrix-animation-transform"><input semantic="INPUT" source="#Hips-Matrix-animation-input"/><input semantic="OUTPUT" source="#Hips-Matrix-animation-output-transform"/><input semantic="INTERPOLATION" source="#Hips-Interpolations"/></sampler><channel source="#Hips-Matrix-animation-transform" target="Hips/matrix"/></animation>
    <animation id="Spine-anim" name="Spine"><source id="Spine-Matrix-animation-input"><float_array id="Spine-Matrix-animation-input-array" count="37">

0.000000 0.033333 0.066667 0.100000 0.133333 0.166667 0.200000 0.233333 0.266667 0.300000 0.333333 0.366667 0.400000 0.433333 0.466667 0.500000
0.533333 0.566667 0.600000 0.633333 0.666667 0.700000 0.733333 0.766667 0.800000 0.833333 0.866667 0.900000 0.933333 0.966667 1.000000 1.033333
1.066667 1.100000 1.133333 1.166667 1.200000</float_array><technique_common><accessor source="#Spine-Matrix-animation-input-array" count="37"><param name="TIME" type="float"/></accessor></technique_common></source><source id="Spine-Matrix-animation-output-transform"><float_array id="Spine-Matrix-animation-output-transform-array" count="592">

0.999977 0.003740 -0.005730 0.000000 -0.004454 0.991466 -0.130288 10.181600 0.005194 0.130310 0.991460 0.131500 0.000000 0.000000 0.000000 1.000000
0.999998 0.001511 0.000943 0.000000 -0.001364 0.990113 -0.140268 10.181600 -0.001146 0.140267 0.990113 0.131500 0.000000 0.000000 0.000000 1.000000
0.999949 -0.002908 0.009647 -0.000000 0.004339 0.988402 -0.151795 10.181600 -0.009094 0.151829 0.988365 0.131500 0.000000 0.000000 0.000000 1.000000
0.999710 -0.013913 0.019666 0.000000 0.016949 0.986351 -0.163779 10.181600 -0.017119 0.164065 0.986301 0.131500 0.000000 0.000000 0.000000 1.000000
0.998874 -0.034887 0.032147 -0.000000 0.039970 0.983905 -0.174162 10.181600 -0.025554 0.175251 0.984192 0.131500 0.000000 0.000000 0.000000 1.000000
0.996861 -0.065151 0.044988 0.000000 0.072277 0.980794 -0.181161 10.181600 -0.032321 0.183843 0.982424 0.131500 0.000000 0.000000 0.000000 1.000000
0.993027 -0.104268 0.054998 0.000000 0.112794 0.976022 -0.186170 10.181600 -0.034268 0.191075 0.980977 0.131500 0.000000 0.000000 0.000000 1.000000
0.991185 -0.119128 0.057979 -0.000000 0.127889 0.974598 -0.183857 10.181600 -0.034604 0.189651 0.981242 0.131500 0.000000 0.000000 0.000000 1.000000
0.994042 -0.094828 0.053748 0.000000 0.102709 0.979979 -0.170566 10.181600 -0.036497 0.175070 0.983879 0.131500 0.000000 0.000000 0.000000 1.000000
0.997029 -0.061635 0.046208 0.000000 0.067572 0.987782 -0.140430 10.181600 -0.036988 0.143135 0.989012 0.131500 0.000000 0.000000 0.000000 1.000000
0.998489 -0.037221 0.040426 0.000000 0.040934 0.994610 -0.095268 10.181600 -0.036662 0.096779 0.994630 0.131500 0.000000 0.000000 0.000000 1.000000
0.999202 -0.014398 0.037261 0.000000 0.016446 0.998336 -0.055265 10.181600 -0.036403 0.055834 0.997776 0.131500 0.000000 0.000000 0.000000 1.000000
0.999169 0.024799 0.032338 0.000000 -0.023101 0.998388 -0.051847 10.181600 -0.033572 0.051056 0.998131 0.131500 0.000000 0.000000 0.000000 1.000000
0.997328 0.068646 0.025005 0.000000 -0.066392 0.994424 -0.081937 10.181600 -0.030491 0.080058 0.996324 0.131500 0.000000 0.000000 0.000000 1.000000
0.994946 0.098725 0.018311 0.000000 -0.096172 0.989399 -0.108818 10.181600 -0.028860 0.106507 0.993893 0.131500 0.000000 0.000000 0.000000 1.000000
0.993974 0.108810 0.013249 0.000000 -0.106525 0.987374 -0.117239 10.181600 -0.025838 0.115121 0.993015 0.131500 0.000000 0.000000 0.000000 1.000000
0.994856 0.100966 0.008181 0.000000 -0.099293 0.987980 -0.118472 10.181600 -0.020044 0.117050 0.992924 0.131500 0.000000 0.000000 0.000000 1.000000
0.996095 0.088240 0.003047 0.000000 -0.087171 0.988338 -0.124859 10.181600 -0.014029 0.124106 0.992170 0.131500 0.000000 0.000000 0.000000 1.000000
0.997130 0.075687 -0.001842 -0.000000 -0.075215 0.987537 -0.138251 10.181600 -0.008644 0.137992 0.990396 0.131500 0.000000 0.000000 0.000000 1.000000
0.998100 0.061144 -0.007648 -0.000000 -0.061604 0.987184 -0.147215 10.181600 -0.001451 0.147406 0.989075 0.131500 0.000000 0.000000 0.000000 1.000000
0.998608 0.050791 -0.014254 0.000000 -0.052355 0.987333 -0.149777 10.181600 0.006466 0.150315 0.988617 0.131500 0.000000 0.000000 0.000000 1.000000
0.998427 0.052062 -0.020789 -0.000000 -0.054587 0.987308 -0.149143 10.181600 0.012761 0.150043 0.988597 0.131500 0.000000 0.000000 0.000000 1.000000
0.997511 0.064694 -0.028035 0.000000 -0.068105 0.986986 -0.145675 10.181600 0.018246 0.147222 0.988935 0.131500 0.000000 0.000000 0.000000 1.000000
0.995661 0.086043 -0.035448 0.000000 -0.090221 0.985873 -0.141118 10.181600 0.022806 0.143704 0.989358 0.131500 0.000000 0.000000 0.000000 1.000000
0.992630 0.114112 -0.040799 0.000000 -0.118613 0.983851 -0.134048 10.181600 0.024843 0.137899 0.990135 0.131500 0.000000 0.000000 0.000000 1.000000
0.989793 0.135882 -0.042954 0.000000 -0.140254 0.982240 -0.124636 10.181600 0.025255 0.129388 0.991272 0.131500 0.000000 0.000000 0.000000 1.000000
0.989769 0.135928 -0.043369 0.000000 -0.140036 0.983704 -0.112763 10.181600 0.027335 0.117682 0.992675 0.131500 0.000000 0.000000 0.000000 1.000000
0.992319 0.116543 -0.041479 0.000000 -0.119887 0.988682 -0.090200 10.181600 0.030498 0.094480 0.995060 0.131500 0.000000 0.000000 0.000000 1.000000
0.995563 0.086933 -0.036023 0.000000 -0.088780 0.994624 -0.053302 10.181600 0.031196 0.056263 0.997928 0.131500 0.000000 0.000000 0.000000 1.000000
0.997673 0.060691 -0.031061 0.000000 -0.061174 0.998017 -0.014855 10.181600 0.030098 0.016721 0.999407 0.131500 0.000000 0.000000 0.000000 1.000000
0.998546 0.045957 -0.028171 -0.000000 -0.046053 0.998935 -0.002757 10.181600 0.028015 0.004051 0.999599 0.131500 0.000000 0.000000 0.000000 1.000000
0.999584 0.016615 -0.023573 0.000000 -0.017437 0.999231 -0.035109 10.181600 0.022972 0.035505 0.999105 0.131500 0.000000 0.000000 0.000000 1.000000
0.999590 -0.024248 -0.015197 -0.000000 0.022943 0.996461 -0.080867 10.181600 0.017104 0.080486 0.996609 0.131500 0.000000 0.000000 0.000000 1.000000
0.999249 -0.038016 -0.007543 0.000000 0.037019 0.993818 -0.104668 10.181600 0.011476 0.104310 0.994479 0.131500 0.000000 0.000000 0.000000 1.000000
0.999596 -0.028020 -0.004789 0.000000 0.027291 0.993103 -0.114021 10.181600 0.007950 0.113845 0.993467 0.131500 0.000000 0.000000 0.000000 1.000000
0.999894 -0.013533 -0.005313 -0.000000 0.012801 0.992744 -0.119561 10.181600 0.006893 0.119480 0.992813 0.131500 0.000000 0.000000 0.000000 1.000000
0.999977 0.003740 -0.005730 -0.000000 -0.004454 0.991466 -0.130288 10.181600 0.005194 0.130310 0.991460 0.131500 0.000000 0.000000 0.000000 1.000000</float_array><technique_common><accessor source="#Spine-Matrix-animation-output-transform-array" count="37" stride="16"><param type="float4x4"/></accessor></technique_common></source><source id="Spine-Interpolations"><Name_array id="Spine-Interpolations-array" count="37">
 LINEAR LINEAR LINEAR LINEAR LINEAR LINEAR LINEAR LINEAR LINEAR LINEAR LINEAR
LINEAR LINEAR LINEAR LINEAR LINEAR LINEAR LINEAR LINEAR LINEAR LINEAR LINEAR LINEAR
LINEAR LINEAR LINEAR LINEAR LINEAR LINEAR LINEAR LINEAR LINEAR LINEAR LINEAR LINEAR
LINEAR LINEAR</Name_array><technique_common><accessor source="#Spine-Interpolations-array" count="37"><param type="name"/></accessor></technique_common></source><sampler id="Spine-Matrix-animation-transform"><input semantic="INPUT" source="#Spine-Matrix-animation-input"/><input semantic="OUTPUT" source="#Spine-Matrix-animation-output-transform"/><input semantic="INTERPOLATION" source="#Spine-Interpolations"/></sampler><channel source="#Spine-Matrix-animation-transform" target="Spine/matrix"/></animation>
    <animation id="Spine1-anim" name="Spine1"><source id="Spine1-Matrix-animation-input"><float_array id="Spine1-Matrix-animation-input-array" count="37">

0.000000 0.033333 0.066667 0.100000 0.133333 0.166667 0.200000 0.233333 0.266667 0.300000 0.333333 0.366667 0.400000 0.433333 0.466667 0.500000
0.533333 0.566667 0.600000 0.633333 0.666667 0.700000 0.733333 0.766667 0.800000 0.833333 0.866667 0.900000 0.933333 0.966667 1.000000 1.033333
1.066667 1.100000 1.133333 1.166667 1.200000</float_array><technique_common><accessor source="#Spine1-Matrix-animation-input-array" count="37"><param name="TIME" type="float"/></accessor></technique_common></source><source id="Spine1-Matrix-animation-output-transform"><float_array id="Spine1-Matrix-animation-output-transform-array" count="592">

0.999356 -0.034120 -0.011066 -0.000000 0.034507 0.998723 0.036898 10.083500 0.009793 -0.037256 0.999258 -1.000800 0.000000 0.000000 0.000000 1.000000
0.999614 -0.027543 -0.003631 0.000000 0.027679 0.998604 0.044986 10.083500 0.002387 -0.045069 0.998981 -1.000800 0.000000 0.000000 0.000000 1.000000
0.999783 -0.020114 0.005427 0.000000 0.019787 0.998300 0.054815 10.083500 -0.006521 -0.054696 0.998482 -1.000800 0.000000 0.000000 0.000000 1.000000
0.999827 -0.011210 0.014824 0.000000 0.010256 0.997965 0.062932 10.083500 -0.015499 -0.062769 0.997908 -1.000800 0.000000 0.000000 0.000000 1.000000
0.999701 -0.002329 0.024343 -0.000000 0.000708 0.997792 0.066408 10.083500 -0.024444 -0.066371 0.997496 -1.000800 0.000000 0.000000 0.000000 1.000000
0.999453 0.007162 0.032299 0.000000 -0.009316 0.997707 0.067031 10.083500 -0.031745 -0.067296 0.997228 -1.000800 0.000000 0.000000 0.000000 1.000000
0.999155 0.020233 0.035770 0.000000 -0.022616 0.997462 0.067506 10.083500 -0.034313 -0.068258 0.997077 -1.000800 0.000000 0.000000 0.000000 1.000000
0.999042 0.024741 0.036110 0.000000 -0.027079 0.997468 0.065752 10.083500 -0.034392 -0.066667 0.997182 -1.000800 0.000000 0.000000 0.000000 1.000000
0.999172 0.018208 0.036393 0.000000 -0.020359 0.998013 0.059624 10.083500 -0.035235 -0.060315 0.997557 -1.000800 0.000000 0.000000 0.000000 1.000000
0.999199 0.016150 0.036618 0.000000 -0.017971 0.998589 0.049971 10.083500 -0.035759 -0.050589 0.998079 -1.000800 0.000000 0.000000 0.000000 1.000000
0.999113 0.019347 0.037394 0.000000 -0.020770 0.999060 0.038038 10.083500 -0.036623 -0.038781 0.998576 -1.000800 0.000000 0.000000 0.000000 1.000000
0.999029 0.022280 0.038021 0.000000 -0.023299 0.999375 0.026573 10.083500 -0.037405 -0.027433 0.998924 -1.000800 0.000000 0.000000 0.000000 1.000000
0.999122 0.019993 0.036810 0.000000 -0.020874 0.999501 0.023692 10.083500 -0.036318 -0.024440 0.999041 -1.000800 0.000000 0.000000 0.000000 1.000000
0.999292 0.014113 0.034873 0.000000 -0.015238 0.999366 0.032193 10.083500 -0.034396 -0.032702 0.998873 -1.000800 0.000000 0.000000 0.000000 1.000000
0.999393 0.009822 0.033414 0.000000 -0.011134 0.999165 0.039314 10.083500 -0.033000 -0.039662 0.998668 -1.000800 0.000000 0.000000 0.000000 1.000000
0.999477 0.009196 0.031001 0.000000 -0.010401 0.999189 0.038908 10.083500 -0.030618 -0.039210 0.998762 -1.000800 0.000000 0.000000 0.000000 1.000000
0.999622 0.010036 0.025576 0.000000 -0.011014 0.999202 0.038399 10.083500 -0.025170 -0.038667 0.998935 -1.000800 0.000000 0.000000 0.000000 1.000000
0.999793 0.008353 0.018543 0.000000 -0.009126 0.999077 0.041973 10.083500 -0.018175 -0.042133 0.998947 -1.000800 0.000000 0.000000 0.000000 1.000000
0.999913 0.005681 0.011895 -0.000000 -0.006247 0.998825 0.048063 10.083500 -0.011608 -0.048133 0.998773 -1.000800 0.000000 0.000000 0.000000 1.000000
0.999981 0.004011 0.004575 0.000000 -0.004239 0.998688 0.051025 10.083500 -0.004364 -0.051044 0.998687 -1.000800 0.000000 0.000000 0.000000 1.000000
0.999994 0.001005 -0.003196 0.000000 -0.000841 0.998696 0.051037 10.083500 0.003243 -0.051034 0.998692 -1.000800 0.000000 0.000000 0.000000 1.000000
0.999930 -0.005269 -0.010576 -0.000000 0.005794 0.998718 0.050294 10.083500 0.010297 -0.050352 0.998678 -1.000800 0.000000 0.000000 0.000000 1.000000
0.999777 -0.012356 -0.017142 0.000000 0.013175 0.998735 0.048517 10.083500 0.016521 -0.048732 0.998675 -1.000800 0.000000 0.000000 0.000000 1.000000
0.999589 -0.018653 -0.021758 0.000000 0.019630 0.998768 0.045584 10.083500 0.020881 -0.045992 0.998724 -1.000800 0.000000 0.000000 0.000000 1.000000
0.999426 -0.024599 -0.023307 0.000000 0.025587 0.998744 0.043071 10.083500 0.022218 -0.043643 0.998800 -1.000800 0.000000 0.000000 0.000000 1.000000
0.999377 -0.027236 -0.022425 -0.000000 0.028090 0.998858 0.038660 10.083500 0.021346 -0.039266 0.999001 -1.000800 0.000000 0.000000 0.000000 1.000000
0.999430 -0.025101 -0.022579 -0.000000 0.025782 0.999206 0.030383 10.083500 0.021799 -0.030948 0.999283 -1.000800 0.000000 0.000000 0.000000 1.000000
0.999424 -0.023369 -0.024602 0.000000 0.023923 0.999462 0.022450 10.083500 0.024064 -0.023025 0.999445 -1.000800 0.000000 0.000000 0.000000 1.000000
0.999332 -0.025580 -0.026113 -0.000000 0.026020 0.999523 0.016640 10.083500 0.025675 -0.017308 0.999521 -1.000800 0.000000 0.000000 0.000000 1.000000
0.999235 -0.029107 -0.026133 0.000000 0.029335 0.999534 0.008415 10.083500 0.025876 -0.009175 0.999623 -1.000800 0.000000 0.000000 0.000000 1.000000
0.999145 -0.032764 -0.025225 -0.000000 0.032850 0.999456 0.002986 10.083500 0.025113 -0.003812 0.999677 -1.000800 0.000000 0.000000 0.000000 1.000000
0.999138 -0.033941 -0.023907 0.000000 0.034127 0.999390 0.007422 10.083500 0.023640 -0.008232 0.999687 -1.000800 0.000000 0.000000 0.000000 1.000000
0.999160 -0.034096 -0.022742 0.000000 0.034536 0.999218 0.019250 10.083500 0.022067 -0.020020 0.999556 -1.000800 0.000000 0.000000 0.000000 1.000000
0.999092 -0.037399 -0.020404 -0.000000 0.037976 0.998868 0.028660 10.083500 0.019309 -0.029408 0.999381 -1.000800 0.000000 0.000000 0.000000 1.000000
0.999116 -0.038616 -0.016623 -0.000000 0.039114 0.998760 0.030799 10.083500 0.015413 -0.031422 0.999387 -1.000800 0.000000 0.000000 0.000000 1.000000
0.999255 -0.036090 -0.013663 0.000000 0.036503 0.998845 0.031258 10.083500 0.012520 -0.031733 0.999418 -1.000800 0.000000 0.000000 0.000000 1.000000
0.999356 -0.034120 -0.011066 0.000000 0.034507 0.998723 0.036898 10.083500 0.009793 -0.037256 0.999258 -1.000800 0.000000 0.000000 0.000000 1.000000</float_array><technique_common><accessor source="#Spine1-Matrix-animation-output-transform-array" count="37" stride="16"><param type="float4x4"/></accessor></technique_common></source><source id="Spine1-Interpolations"><Name_array id="Spine1-Interpolations-array" count="37">
 LINEAR LINEAR LINEAR LINEAR LINEAR LINEAR LINEAR LINEAR LINEAR LINEAR LINEAR
LINEAR LINEAR LINEAR LINEAR LINEAR LINEAR LINEAR LINEAR LINEAR LINEAR LINEAR LINEAR
LINEAR LINEAR LINEAR LINEAR LINEAR LINEAR LINEAR LINEAR LINEAR LINEAR LINEAR LINEAR
LINEAR LINEAR</Name_array><technique_common><accessor source="#Spine1-Interpolations-array" count="37"><param type="name"/></accessor></technique_common></source><sampler id="Spine1-Matrix-animation-transform"><input semantic="INPUT" source="#Spine1-Matrix-animation-input"/><input semantic="OUTPUT" source="#Spine1-Matrix-animation-output-transform"/><input semantic="INTERPOLATION" source="#Spine1-Interpolations"/></sampler><channel source="#Spine1-Matrix-animation-transform" target="Spine1/matrix"/></animation>
    <animation id="Spine2-anim" name="Spine2"><source id="Spine2-Matrix-animation-input"><float_array id="Spine2-Matrix-animation-input-array" count="37">

0.000000 0.033333 0.066667 0.100000 0.133333 0.166667 0.200000 0.233333 0.266667 0.300000 0.333333 0.366667 0.400000 0.433333 0.466667 0.500000
0.533333 0.566667 0.600000 0.633333 0.666667 0.700000 0.733333 0.766667 0.800000 0.833333 0.866667 0.900000 0.933333 0.966667 1.000000 1.033333
1.066667 1.100000 1.133333 1.166667 1.200000</float_array><technique_common><accessor source="#Spine2-Matrix-animation-input-array" count="37"><param name="TIME" type="float"/></accessor></technique_common></source><source id="Spine2-Matrix-animation-output-transform"><float_array id="Spine2-Matrix-animation-output-transform-array" count="592">

0.999354 -0.034746 -0.009182 -0.000000 0.035061 0.998708 0.036772 9.100000 0.007893 -0.037070 0.999282 -1.373400 0.000000 0.000000 0.000000 1.000000
0.999612 -0.027784 -0.002157 0.000000 0.027853 0.998600 0.044971 9.100000 0.000905 -0.045013 0.998986 -1.373400 0.000000 0.000000 0.000000 1.000000
0.999785 -0.019753 0.006383 0.000000 0.019374 0.998307 0.054847 9.100000 -0.007456 -0.054712 0.998474 -1.373400 0.000000 0.000000 0.000000 1.000000
0.999834 -0.010079 0.015197 0.000000 0.009105 0.997981 0.062851 9.100000 -0.015799 -0.062703 0.997907 -1.373400 0.000000 0.000000 0.000000 1.000000
0.999708 -0.000334 0.024183 0.000000 -0.001262 0.997823 0.065943 9.100000 -0.024152 -0.065954 0.997530 -1.373400 0.000000 0.000000 0.000000 1.000000
0.999451 0.009910 0.031614 0.000000 -0.011977 0.997756 0.065872 9.100000 -0.030890 -0.066215 0.997327 -1.373400 0.000000 0.000000 0.000000 1.000000
0.999126 0.023403 0.034634 0.000000 -0.025636 0.997524 0.065491 9.100000 -0.033015 -0.066322 0.997252 -1.373400 0.000000 0.000000 0.000000 1.000000
0.998994 0.027965 0.035051 0.000000 -0.030150 0.997531 0.063430 9.100000 -0.033190 -0.064423 0.997371 -1.373400 0.000000 0.000000 0.000000 1.000000
0.999145 0.021246 0.035463 0.000000 -0.023271 0.998062 0.057706 9.100000 -0.034168 -0.058482 0.997704 -1.373400 0.000000 0.000000 0.000000 1.000000
0.999193 0.018714 0.035538 -0.000000 -0.020430 0.998611 0.048563 9.100000 -0.034580 -0.049250 0.998188 -1.373400 0.000000 0.000000 0.000000 1.000000
0.999118 0.021227 0.036228 0.000000 -0.022565 0.999062 0.036953 9.100000 -0.035410 -0.037738 0.998660 -1.373400 0.000000 0.000000 0.000000 1.000000
0.999038 0.023515 0.037006 0.000000 -0.024479 0.999367 0.025802 9.100000 -0.036376 -0.026683 0.998982 -1.373400 0.000000 0.000000 0.000000 1.000000
0.999140 0.021137 0.035659 -0.000000 -0.021984 0.999481 0.023532 9.100000 -0.035143 -0.024295 0.999087 -1.373400 0.000000 0.000000 0.000000 1.000000
0.999329 0.015719 0.033087 0.000000 -0.016800 0.999326 0.032652 9.100000 -0.032552 -0.033186 0.998919 -1.373400 0.000000 0.000000 0.000000 1.000000
0.999450 0.011792 0.030999 0.000000 -0.013033 0.999109 0.040134 9.100000 -0.030498 -0.040516 0.998713 -1.373400 0.000000 0.000000 0.000000 1.000000
0.999534 0.011131 0.028422 -0.000000 -0.012258 0.999133 0.039795 9.100000 -0.027954 -0.040125 0.998804 -1.373400 0.000000 0.000000 0.000000 1.000000
0.999664 0.011664 0.023128 -0.000000 -0.012562 0.999157 0.039079 9.100000 -0.022653 -0.039356 0.998968 -1.373400 0.000000 0.000000 0.000000 1.000000
0.999821 0.009639 0.016307 0.000000 -0.010323 0.999047 0.042402 9.100000 -0.015883 -0.042563 0.998968 -1.373400 0.000000 0.000000 0.000000 1.000000
0.999929 0.006635 0.009871 0.000000 -0.007104 0.998808 0.048295 9.100000 -0.009539 -0.048362 0.998784 -1.373400 0.000000 0.000000 0.000000 1.000000
0.999986 0.004449 0.002893 -0.000000 -0.004591 0.998684 0.051085 9.100000 -0.002662 -0.051098 0.998690 -1.373400 0.000000 0.000000 0.000000 1.000000
0.999990 0.000818 -0.004402 0.000000 -0.000592 0.998701 0.050956 9.100000 0.004438 -0.050953 0.998691 -1.373400 0.000000 0.000000 0.000000 1.000000
0.999919 -0.006045 -0.011191 0.000000 0.006598 0.998726 0.050038 9.100000 0.010874 -0.050108 0.998685 -1.373400 0.000000 0.000000 0.000000 1.000000
0.999758 -0.013637 -0.017259 -0.000000 0.014451 0.998744 0.047976 9.100000 0.016583 -0.048214 0.998699 -1.373400 0.000000 0.000000 0.000000 1.000000
0.999561 -0.020268 -0.021612 0.000000 0.021218 0.998777 0.044665 9.100000 0.020681 -0.045104 0.998768 -1.373400 0.000000 0.000000 0.000000 1.000000
0.999386 -0.026301 -0.023130 -0.000000 0.027251 0.998755 0.041783 9.100000 0.022002 -0.042387 0.998859 -1.373400 0.000000 0.000000 0.000000 1.000000
0.999333 -0.028812 -0.022447 0.000000 0.029635 0.998868 0.037201 9.100000 0.021350 -0.037842 0.999056 -1.373400 0.000000 0.000000 0.000000 1.000000
0.999389 -0.026557 -0.022705 0.000000 0.027209 0.999211 0.028930 9.100000 0.021919 -0.029531 0.999324 -1.373400 0.000000 0.000000 0.000000 1.000000
0.999390 -0.024707 -0.024684 -0.000000 0.025230 0.999459 0.021078 9.100000 0.024150 -0.021688 0.999473 -1.373400 0.000000 0.000000 0.000000 1.000000
0.999302 -0.026624 -0.026211 0.000000 0.027035 0.999515 0.015478 9.100000 0.025786 -0.016176 0.999537 -1.373400 0.000000 0.000000 0.000000 1.000000
0.999210 -0.029725 -0.026368 0.000000 0.029933 0.999524 0.007508 9.100000 0.026132 -0.008292 0.999624 -1.373400 0.000000 0.000000 0.000000 1.000000
0.999125 -0.033209 -0.025429 -0.000000 0.033276 0.999444 0.002236 9.100000 0.025340 -0.003080 0.999674 -1.373400 0.000000 0.000000 0.000000 1.000000
0.999125 -0.034647 -0.023414 0.000000 0.034819 0.999369 0.006979 9.100000 0.023157 -0.007789 0.999701 -1.373400 0.000000 0.000000 0.000000 1.000000
0.999162 -0.035142 -0.020987 0.000000 0.035546 0.999184 0.019197 9.100000 0.020296 -0.019927 0.999595 -1.373400 0.000000 0.000000 0.000000 1.000000
0.999103 -0.038471 -0.017723 0.000000 0.038970 0.998827 0.028734 9.100000 0.016597 -0.029399 0.999430 -1.373400 0.000000 0.000000 0.000000 1.000000
0.999122 -0.039506 -0.013971 -0.000000 0.039921 0.998728 0.030810 9.100000 0.012736 -0.031341 0.999428 -1.373400 0.000000 0.000000 0.000000 1.000000
0.999256 -0.036831 -0.011459 0.000000 0.037173 0.998822 0.031190 9.100000 0.010297 -0.031593 0.999448 -1.373400 0.000000 0.000000 0.000000 1.000000
0.999354 -0.034746 -0.009182 -0.000000 0.035061 0.998708 0.036772 9.100000 0.007893 -0.037070 0.999282 -1.373400 0.000000 0.000000 0.000000 1.000000</float_array><technique_common><accessor source="#Spine2-Matrix-animation-output-transform-array" count="37" stride="16"><param type="float4x4"/></accessor></technique_common></source><source id="Spine2-Interpolations"><Name_array id="Spine2-Interpolations-array" count="37">
 LINEAR LINEAR LINEAR LINEAR LINEAR LINEAR LINEAR LINEAR LINEAR LINEAR LINEAR
LINEAR LINEAR LINEAR LINEAR LINEAR LINEAR LINEAR LINEAR LINEAR LINEAR LINEAR LINEAR
LINEAR LINEAR LINEAR LINEAR LINEAR LINEAR LINEAR LINEAR LINEAR LINEAR LINEAR LINEAR
LINEAR LINEAR</Name_array><technique_common><accessor source="#Spine2-Interpolations-array" count="37"><param type="name"/></accessor></technique_common></source><sampler id="Spine2-Matrix-animation-transform"><input semantic="INPUT" source="#Spine2-Matrix-animation-input"/><input semantic="OUTPUT" source="#Spine2-Matrix-animation-output-transform"/><input semantic="INTERPOLATION" source="#Spine2-Interpolations"/></sampler><channel source="#Spine2-Matrix-animation-transform" target="Spine2/matrix"/></animation>
    <animation id="Neck-anim" name="Neck"><source id="Neck-Matrix-animation-input"><float_array id="Neck-Matrix-animation-input-array" count="37">

0.000000 0.033333 0.066667 0.100000 0.133333 0.166667 0.200000 0.233333 0.266667 0.300000 0.333333 0.366667 0.400000 0.433333 0.466667 0.500000
0.533333 0.566667 0.600000 0.633333 0.666667 0.700000 0.733333 0.766667 0.800000 0.833333 0.866667 0.900000 0.933333 0.966667 1.000000 1.033333
1.066667 1.100000 1.133333 1.166667 1.200000</float_array><technique_common><accessor source="#Neck-Matrix-animation-input-array" count="37"><param name="TIME" type="float"/></accessor></technique_common></source><source id="Neck-Matrix-animation-output-transform"><float_array id="Neck-Matrix-animation-output-transform-array" count="592">

0.998865 -0.008872 -0.046795 -0.000000 0.014394 0.992788 0.119019 16.671700 0.045401 -0.119558 0.991789 -2.516200 0.000000 0.000000 0.000000 1.000000
0.999154 0.006997 -0.040517 0.000000 -0.002587 0.994159 0.107892 16.671700 0.041035 -0.107696 0.993337 -2.516200 0.000000 0.000000 0.000000 1.000000
0.999120 0.026404 -0.032597 0.000000 -0.022947 0.994498 0.102211 16.671700 0.035117 -0.101373 0.994229 -2.516200 0.000000 0.000000 0.000000 1.000000
0.998667 0.045566 -0.024236 -0.000000 -0.042852 0.993791 0.102679 16.671700 0.028764 -0.101503 0.994419 -2.516200 0.000000 0.000000 0.000000 1.000000
0.997823 0.064234 -0.014958 -0.000000 -0.062217 0.992025 0.109619 16.671700 0.021880 -0.108450 0.993861 -2.516200 0.000000 0.000000 0.000000 1.000000
0.996684 0.081280 -0.003806 0.000000 -0.080253 0.989654 0.118928 16.671700 0.013433 -0.118228 0.992896 -2.516200 0.000000 0.000000 0.000000 1.000000
0.995678 0.092448 0.008915 0.000000 -0.092820 0.987121 0.130297 16.671700 0.003246 -0.130561 0.991435 -2.516200 0.000000 0.000000 0.000000 1.000000
0.994731 0.100450 0.020512 0.000000 -0.102348 0.984637 0.141475 16.671700 -0.005985 -0.142829 0.989729 -2.516200 0.000000 0.000000 0.000000 1.000000
0.994220 0.104292 0.025480 0.000000 -0.106883 0.983850 0.143576 16.671700 -0.010095 -0.145470 0.989311 -2.516200 0.000000 0.000000 0.000000 1.000000
0.995193 0.095726 0.020697 0.000000 -0.097632 0.986358 0.132539 16.671700 -0.007727 -0.133922 0.990962 -2.516200 0.000000 0.000000 0.000000 1.000000
0.996658 0.080990 0.010611 0.000000 -0.081676 0.989815 0.116596 16.671700 -0.001060 -0.117073 0.993123 -2.516200 0.000000 0.000000 0.000000 1.000000
0.997644 0.068466 0.004251 0.000000 -0.068502 0.991063 0.114460 16.671700 0.003624 -0.114481 0.993419 -2.516200 0.000000 0.000000 0.000000 1.000000
0.998200 0.059830 0.004162 -0.000000 -0.059880 0.990324 0.125189 16.671700 0.003368 -0.125213 0.992124 -2.516200 0.000000 0.000000 0.000000 1.000000
0.998537 0.053863 0.004783 0.000000 -0.054033 0.990371 0.127457 16.671700 0.002129 -0.127529 0.991833 -2.516200 0.000000 0.000000 0.000000 1.000000
0.998673 0.051311 0.004504 0.000000 -0.051470 0.990741 0.125633 16.671700 0.001984 -0.125698 0.992067 -2.516200 0.000000 0.000000 0.000000 1.000000
0.998699 0.050682 0.005603 0.000000 -0.050976 0.989767 0.133276 16.671700 0.001209 -0.133388 0.991063 -2.516200 0.000000 0.000000 0.000000 1.000000
0.998814 0.048149 0.007200 0.000000 -0.048683 0.988922 0.140224 16.671700 -0.000369 -0.140409 0.990094 -2.516200 0.000000 0.000000 0.000000 1.000000
0.998977 0.044803 0.006197 0.000000 -0.045229 0.989462 0.137545 16.671700 0.000030 -0.137685 0.990476 -2.516200 0.000000 0.000000 0.000000 1.000000
0.999157 0.040978 0.002347 0.000000 -0.040930 0.990452 0.131639 16.671700 0.003070 -0.131624 0.991295 -2.516200 0.000000 0.000000 0.000000 1.000000
0.999441 0.033347 -0.002376 0.000000 -0.032743 0.990734 0.131812 16.671700 0.006749 -0.131661 0.991272 -2.516200 0.000000 0.000000 0.000000 1.000000
0.999725 0.022405 -0.006898 0.000000 -0.021233 0.990119 0.138616 16.671700 0.009936 -0.138431 0.990322 -2.516200 0.000000 0.000000 0.000000 1.000000
0.999867 0.012535 -0.010395 0.000000 -0.010841 0.988698 0.149527 16.671700 0.012152 -0.149395 0.988703 -2.516200 0.000000 0.000000 0.000000 1.000000
0.999888 0.001987 -0.014852 -0.000000 0.000436 0.986887 0.161412 16.671700 0.014978 -0.161400 0.986775 -2.516200 0.000000 0.000000 0.000000 1.000000
0.999744 -0.008491 -0.020959 0.000000 0.011911 0.985562 0.168896 16.671700 0.019222 -0.169102 0.985411 -2.516200 0.000000 0.000000 0.000000 1.000000
0.999428 -0.018113 -0.028560 -0.000000 0.022849 0.984235 0.175385 16.671700 0.024933 -0.175937 0.984086 -2.516200 0.000000 0.000000 0.000000 1.000000
0.998871 -0.029672 -0.037092 0.000000 0.036024 0.982192 0.184395 16.671700 0.030960 -0.185523 0.982152 -2.516200 0.000000 0.000000 0.000000 1.000000
0.998436 -0.038120 -0.040893 0.000000 0.045227 0.980738 0.190017 16.671700 0.032862 -0.191569 0.980929 -2.516200 0.000000 0.000000 0.000000 1.000000
0.998687 -0.035700 -0.036752 -0.000000 0.041867 0.982087 0.183717 16.671700 0.029535 -0.185014 0.982292 -2.516200 0.000000 0.000000 0.000000 1.000000
0.999285 -0.024836 -0.028522 -0.000000 0.029260 0.985527 0.166972 16.671700 0.023962 -0.167687 0.985549 -2.516200 0.000000 0.000000 0.000000 1.000000
0.999623 -0.016746 -0.021753 0.000000 0.019854 0.988247 0.151570 16.671700 0.018959 -0.151945 0.988207 -2.516200 0.000000 0.000000 0.000000 1.000000
0.999715 -0.014647 -0.018876 0.000000 0.017355 0.988165 0.152411 16.671700 0.016420 -0.152695 0.988137 -2.516200 0.000000 0.000000 0.000000 1.000000
0.999681 -0.014440 -0.020742 0.000000 0.017580 0.986922 0.160236 16.671700 0.018157 -0.160549 0.986861 -2.516200 0.000000 0.000000 0.000000 1.000000
0.999641 -0.009707 -0.024986 0.000000 0.013409 0.988211 0.152511 16.671700 0.023211 -0.152792 0.987986 -2.516200 0.000000 0.000000 0.000000 1.000000
0.999499 -0.004940 -0.031258 0.000000 0.009296 0.989999 0.140770 16.671700 0.030250 -0.140990 0.989549 -2.516200 0.000000 0.000000 0.000000 1.000000
0.999172 -0.008520 -0.039778 0.000000 0.013931 0.990363 0.137791 16.671700 0.038221 -0.138231 0.989662 -2.516200 0.000000 0.000000 0.000000 1.000000
0.998869 -0.012702 -0.045827 -0.000000 0.018612 0.991217 0.130926 16.671700 0.043761 -0.131631 0.990332 -2.516200 0.000000 0.000000 0.000000 1.000000
0.998865 -0.008872 -0.046795 0.000000 0.014394 0.992788 0.119020 16.671700 0.045401 -0.119558 0.991789 -2.516200 0.000000 0.000000 0.000000 1.000000</float_array><technique_common><accessor source="#Neck-Matrix-animation-output-transform-array" count="37" stride="16"><param type="float4x4"/></accessor></technique_common></source><source id="Neck-Interpolations"><Name_array id="Neck-Interpolations-array" count="37">
 LINEAR LINEAR LINEAR LINEAR LINEAR LINEAR LINEAR LINEAR LINEAR LINEAR LINEAR
LINEAR LINEAR LINEAR LINEAR LINEAR LINEAR LINEAR LINEAR LINEAR LINEAR LINEAR LINEAR
LINEAR LINEAR LINEAR LINEAR LINEAR LINEAR LINEAR LINEAR LINEAR LINEAR LINEAR LINEAR
LINEAR LINEAR</Name_array><technique_common><accessor source="#Neck-Interpolations-array" count="37"><param type="name"/></accessor></technique_common></source><sampler id="Neck-Matrix-animation-transform"><input semantic="INPUT" source="#Neck-Matrix-animation-input"/><input semantic="OUTPUT" source="#Neck-Matrix-animation-output-transform"/><input semantic="INTERPOLATION" source="#Neck-Interpolations"/></sampler><channel source="#Neck-Matrix-animation-transform" target="Neck/matrix"/></animation>
    <animation id="Head-anim" name="Head"><source id="Head-Matrix-animation-input"><float_array id="Head-Matrix-animation-input-array" count="37">

0.000000 0.033333 0.066667 0.100000 0.133333 0.166667 0.200000 0.233333 0.266667 0.300000 0.333333 0.366667 0.400000 0.433333 0.466667 0.500000
0.533333 0.566667 0.600000 0.633333 0.666667 0.700000 0.733333 0.766667 0.800000 0.833333 0.866667 0.900000 0.933333 0.966667 1.000000 1.033333
1.066667 1.100000 1.133333 1.166667 1.200000</float_array><technique_common><accessor source="#Head-Matrix-animation-input-array" count="37"><param name="TIME" type="float"/></accessor></technique_common></source><source id="Head-Matrix-animation-output-transform"><float_array id="Head-Matrix-animation-output-transform-array" count="592">

0.999892 -0.008147 0.012267 0.000000 0.008681 0.998990 -0.044083 9.617900 -0.011896 0.044185 0.998953 1.685000 0.000000 0.000000 0.000000 1.000000
0.999872 -0.010171 0.012332 -0.000000 0.010679 0.999069 -0.041794 9.617900 -0.011896 0.041921 0.999050 1.685000 0.000000 0.000000 0.000000 1.000000
0.999840 -0.012550 0.012757 0.000000 0.013085 0.999001 -0.042738 9.617900 -0.012208 0.042898 0.999005 1.685000 0.000000 0.000000 0.000000 1.000000
0.999812 -0.013488 0.013952 0.000000 0.014056 0.999042 -0.041435 9.617900 -0.013380 0.041624 0.999044 1.685000 0.000000 0.000000 0.000000 1.000000
0.999764 -0.014848 0.015875 0.000000 0.015452 0.999133 -0.038655 9.617900 -0.015288 0.038891 0.999126 1.685000 0.000000 0.000000 0.000000 1.000000
0.999673 -0.015951 0.019975 0.000000 0.016724 0.999093 -0.039154 9.617900 -0.019332 0.039475 0.999034 1.685000 0.000000 0.000000 0.000000 1.000000
0.999513 -0.013501 0.028143 0.000000 0.014755 0.998886 -0.044819 9.617900 -0.027506 0.045212 0.998599 1.685000 0.000000 0.000000 0.000000 1.000000
0.999284 -0.011069 0.036181 0.000000 0.012880 0.998656 -0.050211 9.617900 -0.035576 0.050641 0.998083 1.685000 0.000000 0.000000 0.000000 1.000000
0.999168 -0.010719 0.039355 0.000000 0.012747 0.998584 -0.051652 9.617900 -0.038746 0.052110 0.997889 1.685000 0.000000 0.000000 0.000000 1.000000
0.999209 -0.008281 0.038886 0.000000 0.010360 0.998510 -0.053576 9.617900 -0.038385 0.053936 0.997806 1.685000 0.000000 0.000000 0.000000 1.000000
0.999345 -0.004399 0.035930 -0.000000 0.006369 0.998472 -0.054890 9.617900 -0.035633 0.055083 0.997846 1.685000 0.000000 0.000000 0.000000 1.000000
0.999379 0.000534 0.035241 -0.000000 0.001542 0.998266 -0.058836 9.617900 -0.035212 0.058854 0.997645 1.685000 0.000000 0.000000 0.000000 1.000000
0.999243 0.004742 0.038609 0.000000 -0.002075 0.997626 -0.068830 9.617900 -0.038843 0.068697 0.996881 1.685000 0.000000 0.000000 0.000000 1.000000
0.999093 0.008071 0.041810 0.000000 -0.005087 0.997463 -0.071007 9.617900 -0.042277 0.070730 0.996599 1.685000 0.000000 0.000000 0.000000 1.000000
