<?xml version="1.0" encoding="utf-8"?>
<COLLADA xmlns="http://www.collada.org/2005/11/COLLADASchema" version="1.4.1">
  <asset><contributor><author>Mixamo</author><authoring_tool>COLLADA Mixamo exporter</authoring_tool><comments></comments></contributor><created>2020-08-06T11:00:51Z</created><modified>2020-08-06T11:00:51Z</modified><revision></revision><title></title><unit meter="0.010000"/><up_axis>Y_UP</up_axis></asset>
  <library_animations>
    <animation id="Hips-anim" name="Hips"><source id="Hips-Matrix-animation-input"><float_array id="Hips-Matrix-animation-input-array" count="2">

0.000000 0.033333</float_array><technique_common><accessor source="#Hips-Matrix-animation-input-array" count="2"><param name="TIME" type="float"/></accessor></technique_common></source><source id="Hips-Matrix-animation-output-transform"><float_array id="Hips-Matrix-animation-output-transform-array" count="32">

-0.203011 -0.979041 -0.016293 -113.811836 0.181860 -0.054050 0.981838 13.972919 -0.962140 0.196361 0.189021 0.010612 0.000000 0.000000 0.000000 1.000000
-0.203005 -0.979042 -0.016294 -113.845673 0.181854 -0.054048 0.981839 13.971796 -0.962142 0.196355 0.189015 -0.104519 0.000000 0.000000 0.000000 1.000000</float_array><technique_common><accessor source="#Hips-Matrix-animation-output-transform-array" count="2" stride="16"><param type="float4x4"/></accessor></technique_common></source><source id="Hips-Interpolations"><Name_array id="Hips-Interpolations-array" count="2">
 LINEAR LINEAR</Name_array><technique_common><accessor source="#Hips-Interpolations-array" count="2"><param type="name"/></accessor></technique_common></source><sampler id="Hips-Matrix-animation-transform"><input semantic="INPUT" source="#Hips-Matrix-animation-input"/><input semantic="OUTPUT" source="#Hips-Matrix-animation-output-transform"/><input semantic="INTERPOLATION" source="#Hips-Interpolations"/></sampler><channel source="#Hips-Matrix-animation-transform" target="Hips/matrix"/></animation>
    <animation id="Spine-anim" name="Spine"><source id="Spine-Matrix-animation-input"><float_array id="Spine-Matrix-animation-input-array" count="2">

0.000000 0.033333</float_array><technique_common><accessor source="#Spine-Matrix-animation-input-array" count="2"><param name="TIME" type="float"/></accessor></technique_common></source><source id="Spine-Matrix-animation-output-transform"><float_array id="Spine-Matrix-animation-output-transform-array" count="32">

0.999790 0.001616 0.020417 0.000000 0.000549 0.994409 -0.105600 10.181600 -0.020473 0.105589 0.994199 0.131500 0.000000 0.000000 0.000000 1.000000
0.999790 0.001647 0.020443 0.000000 0.000520 0.994410 -0.105588 10.181600 -0.020502 0.105576 0.994200 0.131500 0.000000 0.000000 0.000000 1.000000</float_array><technique_common><accessor source="#Spine-Matrix-animation-output-transform-array" count="2" stride="16"><param type="float4x4"/></accessor></technique_common></source><source id="Spine-Interpolations"><Name_array id="Spine-Interpolations-array" count="2">
 LINEAR LINEAR</Name_array><technique_common><accessor source="#Spine-Interpolations-array" count="2"><param type="name"/></accessor></technique_common></source><sampler id="Spine-Matrix-animation-transform"><input semantic="INPUT" source="#Spine-Matrix-animation-input"/><input semantic="OUTPUT" source="#Spine-Matrix-animation-output-transform"/><input semantic="INTERPOLATION" source="#Spine-Interpolations"/></sampler><channel source="#Spine-Matrix-animation-transform" target="Spine/matrix"/></animation>
    <animation id="Spine1-anim" name="Spine1"><source id="Spine1-Matrix-animation-input"><float_array id="Spine1-Matrix-animation-input-array" count="2">

0.000000 0.033333</float_array><technique_common><accessor source="#Spine1-Matrix-animation-input-array" count="2"><param name="TIME" type="float"/></accessor></technique_common></source><source id="Spine1-Matrix-animation-output-transform"><float_array id="Spine1-Matrix-animation-output-transform-array" count="32">

0.997111 -0.068631 0.032563 0.000000 0.068203 0.997572 0.014075 10.083500 -0.033450 -0.011814 0.999371 -1.000800 0.000000 0.000000 0.000000 1.000000
0.997111 -0.068630 0.032563 0.000000 0.068202 0.997572 0.014085 10.083500 -0.033450 -0.011823 0.999370 -1.000800 0.000000 0.000000 0.000000 1.000000</float_array><technique_common><accessor source="#Spine1-Matrix-animation-output-transform-array" count="2" stride="16"><param type="float4x4"/></accessor></technique_common></source><source id="Spine1-Interpolations"><Name_array id="Spine1-Interpolations-array" count="2">
 LINEAR LINEAR</Name_array><technique_common><accessor source="#Spine1-Interpolations-array" count="2"><param type="name"/></accessor></technique_common></source><sampler id="Spine1-Matrix-animation-transform"><input semantic="INPUT" source="#Spine1-Matrix-animation-input"/><input semantic="OUTPUT" source="#Spine1-Matrix-animation-output-transform"/><input semantic="INTERPOLATION" source="#Spine1-Interpolations"/></sampler><channel source="#Spine1-Matrix-animation-transform" target="Spine1/matrix"/></animation>
    <animation id="Spine2-anim" name="Spine2"><source id="Spine2-Matrix-animation-input"><float_array id="Spine2-Matrix-animation-input-array" count="2">

0.000000 0.033333</float_array><technique_common><accessor source="#Spine2-Matrix-animation-input-array" count="2"><param name="TIME" type="float"/></accessor></technique_common></source><source id="Spine2-Matrix-animation-output-transform"><float_array id="Spine2-Matrix-animation-output-transform-array" count="32">

0.997101 -0.067833 0.034471 0.000000 0.067375 0.997626 0.014270 9.100000 -0.035357 -0.011906 0.999304 -1.373400 0.000000 0.000000 0.000000 1.000000
0.997101 -0.067833 0.034465 0.000000 0.067375 0.997626 0.014279 9.100000 -0.035351 -0.011915 0.999304 -1.373400 0.000000 0.000000 0.000000 1.000000</float_array><technique_common><accessor source="#Spine2-Matrix-animation-output-transform-array" count="2" stride="16"><param type="float4x4"/></accessor></technique_common></source><source id="Spine2-Interpolations"><Name_array id="Spine2-Interpolations-array" count="2">
 LINEAR LINEAR</Name_array><technique_common><accessor source="#Spine2-Interpolations-array" count="2"><param type="name"/></accessor></technique_common></source><sampler id="Spine2-Matrix-animation-transform"><input semantic="INPUT" source="#Spine2-Matrix-animation-input"/><input semantic="OUTPUT" source="#Spine2-Matrix-animation-output-transform"/><input semantic="INTERPOLATION" source="#Spine2-Interpolations"/></sampler><channel source="#Spine2-Matrix-animation-transform" target="Spine2/matrix"/></animation>
    <animation id="Neck-anim" name="Neck"><source id="Neck-Matrix-animation-input"><float_array id="Neck-Matrix-animation-input-array" count="2">

0.000000 0.033333</float_array><technique_common><accessor source="#Neck-Matrix-animation-input-array" count="2"><param name="TIME" type="float"/></accessor></technique_common></source><source id="Neck-Matrix-animation-output-transform"><float_array id="Neck-Matrix-animation-output-transform-array" count="32">

0.835829 -0.364570 -0.410461 0.000000 0.267550 0.923372 -0.275320 16.671700 0.479381 0.120301 0.869322 -2.516200 0.000000 0.000000 0.000000 1.000000
0.835830 -0.364561 -0.410468 0.000000 0.267532 0.923374 -0.275331 16.671700 0.479390 0.120317 0.869315 -2.516200 0.000000 0.000000 0.000000 1.000000</float_array><technique_common><accessor source="#Neck-Matrix-animation-output-transform-array" count="2" stride="16"><param type="float4x4"/></accessor></technique_common></source><source id="Neck-Interpolations"><Name_array id="Neck-Interpolations-array" count="2">
 LINEAR LINEAR</Name_array><technique_common><accessor source="#Neck-Interpolations-array" count="2"><param type="name"/></accessor></technique_common></source><sampler id="Neck-Matrix-animation-transform"><input semantic="INPUT" source="#Neck-Matrix-animation-input"/><input semantic="OUTPUT" source="#Neck-Matrix-animation-output-transform"/><input semantic="INTERPOLATION" source="#Neck-Interpolations"/></sampler><channel source="#Neck-Matrix-animation-transform" target="Neck/matrix"/></animation>
    <animation id="Head-anim" name="Head"><source id="Head-Matrix-animation-input"><float_array id="Head-Matrix-animation-input-array" count="2">

0.000000 0.033333</float_array><technique_common><accessor source="#Head-Matrix-animation-input-array" count="2"><param name="TIME" type="float"/></accessor></technique_common></source><source id="Head-Matrix-animation-output-transform"><float_array id="Head-Matrix-animation-output-transform-array" count="32">

0.926204 -0.058864 -0.372400 0.000000 0.167544 0.949111 0.266679 9.617900 0.337751 -0.309393 0.888932 1.685000 0.000000 0.000000 0.000000 1.000000
0.926198 -0.058866 -0.372413 0.000000 0.167553 0.949107 0.266686 9.617900 0.337761 -0.309403 0.888925 1.685000 0.000000 0.000000 0.000000 1.000000</float_array><technique_common><accessor source="#Head-Matrix-animation-output-transform-array" count="2" stride="16"><param type="float4x4"/></accessor></technique_common></source><source id="Head-Interpolations"><Name_array id="Head-Interpolations-array" count="2">
 LINEAR LINEAR</Name_array><technique_common><accessor source="#Head-Interpolations-array" count="2"><param type="name"/></accessor></technique_common></source><sampler id="Head-Matrix-animation-transform"><input semantic="INPUT" source="#Head-Matrix-animation-input"/><input semantic="OUTPUT" source="#Head-Matrix-animation-output-transform"/><input semantic="INTERPOLATION" source="#Head-Interpolations"/></sampler><channel source="#Head-Matrix-animation-transform" target="Head/matrix"/></animation>
    <animation id="LeftShoulder-anim" name="LeftShoulder"><source id="LeftShoulder-Matrix-animation-input"><float_array id="LeftShoulder-Matrix-animation-input-array" count="2">

0.000000 0.033333</float_array><technique_common><accessor source="#LeftShoulder-Matrix-animation-input-array" count="2"><param name="TIME" type="float"/></accessor></technique_common></source><source id="LeftShoulder-Matrix-animation-output-transform"><float_array id="LeftShoulder-Matrix-animation-output-transform-array" count="32">

0.987051 0.157160 0.032100 4.570400 -0.156982 0.987569 -0.008004 10.946000 -0.032959 0.002861 0.999453 -2.628000 0.000000 0.000000 0.000000 1.000000
0.987051 0.157160 0.032100 4.570400 -0.156982 0.987569 -0.008004 10.946000 -0.032959 0.002862 0.999453 -2.628000 0.000000 0.000000 0.000000 1.000000</float_array><technique_common><accessor source="#LeftShoulder-Matrix-animation-output-transform-array" count="2" stride="16"><param type="float4x4"/></accessor></technique_common></source><source id="LeftShoulder-Interpolations"><Name_array id="LeftShoulder-Interpolations-array" count="2">
 LINEAR LINEAR</Name_array><technique_common><accessor source="#LeftShoulder-Interpolations-array" count="2"><param type="name"/></accessor></technique_common></source><sampler id="LeftShoulder-Matrix-animation-transform"><input semantic="INPUT" source="#LeftShoulder-Matrix-animation-input"/><input semantic="OUTPUT" source="#LeftShoulder-Matrix-animation-output-transform"/><input semantic="INTERPOLATION" source="#LeftShoulder-Interpolations"/></sampler><channel source="#LeftShoulder-Matrix-animation-transform" target="LeftShoulder/matrix"/></animation>
    <animation id="LeftArm-anim" name="LeftArm"><source id="LeftArm-Matrix-animation-input"><float_array id="LeftArm-Matrix-animation-input-array" count="2">

0.000000 0.033333</float_array><technique_common><accessor source="#LeftArm-Matrix-animation-input-array" count="2"><param name="TIME" type="float"/></accessor></technique_common></source><source id="LeftArm-Matrix-animation-output-transform"><float_array id="LeftArm-Matrix-animation-output-transform-array" count="32">

0.805751 0.100180 0.583720 10.592400 -0.581274 0.322669 0.746998 -0.524600 -0.113514 -0.941195 0.318223 -2.232100 0.000000 0.000000 0.000000 1.000000
0.804192 0.101578 0.585625 10.592400 -0.583569 0.321921 0.745530 -0.524600 -0.112796 -0.941302 0.318164 -2.232100 0.000000 0.000000 0.000000 1.000000</float_array><technique_common><accessor source="#LeftArm-Matrix-animation-output-transform-array" count="2" stride="16"><param type="float4x4"/></accessor></technique_common></source><source id="LeftArm-Interpolations"><Name_array id="LeftArm-Interpolations-array" count="2">
 LINEAR LINEAR</Name_array><technique_common><accessor source="#LeftArm-Interpolations-array" count="2"><param type="name"/></accessor></technique_common></source><sampler id="LeftArm-Matrix-animation-transform"><input semantic="INPUT" source="#LeftArm-Matrix-animation-input"/><input semantic="OUTPUT" source="#LeftArm-Matrix-animation-output-transform"/><input semantic="INTERPOLATION" source="#LeftArm-Interpolations"/></sampler><channel source="#LeftArm-Matrix-animation-transform" target="LeftArm/matrix"/></animation>
    <animation id="LeftForeArm-anim" name="LeftForeArm"><source id="LeftForeArm-Matrix-animation-input"><float_array id="LeftForeArm-Matrix-animation-input-array" count="2">

0.000000 0.033333</float_array><technique_common><accessor source="#LeftForeArm-Matrix-animation-input-array" count="2"><param name="TIME" type="float"/></accessor></technique_common></source><source id="LeftForeArm-Matrix-animation-output-transform"><float_array id="LeftForeArm-Matrix-animation-output-transform-array" count="32">

0.768591 -0.544601 -0.335674 27.841499 0.237867 0.730362 -0.640304 -0.000100 0.593875 0.412286 0.690893 0.000000 0.000000 0.000000 0.000000 1.000000
0.765630 -0.547718 -0.337366 27.841499 0.239184 0.729231 -0.641103 -0.000100 0.597161 0.410155 0.689327 -0.000000 0.000000 0.000000 0.000000 1.000000</float_array><technique_common><accessor source="#LeftForeArm-Matrix-animation-output-transform-array" count="2" stride="16"><param type="float4x4"/></accessor></technique_common></source><source id="LeftForeArm-Interpolations"><Name_array id="LeftForeArm-Interpolations-array" count="2">
 LINEAR LINEAR</Name_array><technique_common><accessor source="#LeftForeArm-Interpolations-array" count="2"><param type="name"/></accessor></technique_common></source><sampler id="LeftForeArm-Matrix-animation-transform"><input semantic="INPUT" source="#LeftForeArm-Matrix-animation-input"/><input semantic="OUTPUT" source="#LeftForeArm-Matrix-animation-output-transform"/><input semantic="INTERPOLATION" source="#LeftForeArm-Interpolations"/></sampler><channel source="#LeftForeArm-Matrix-animation-transform" target="LeftForeArm/matrix"/></animation>
    <animation id="LeftHand-anim" name="LeftHand"><source id="LeftHand-Matrix-animation-input"><float_array id="LeftHand-Matrix-animation-input-array" count="2">

0.000000 0.033333</float_array><technique_common><accessor source="#LeftHand-Matrix-animation-input-array" count="2"><param name="TIME" type="float"/></accessor></technique_common></source><source id="LeftHand-Matrix-animation-output-transform"><float_array id="LeftHand-Matrix-animation-output-transform-array" count="32">

0.968922 -0.192923 0.154826 28.328800 -0.056848 0.435481 0.898401 0.000000 -0.240746 -0.879282 0.410980 -0.000000 0.000000 0.000000 0.000000 1.000000
0.968504 -0.193642 0.156534 28.328800 -0.058070 0.435666 0.898233 0.000000 -0.242132 -0.879032 0.410700 0.000000 0.000000 0.000000 0.000000 1.000000</float_array><technique_common><accessor source="#LeftHand-Matrix-animation-output-transform-array" count="2" stride="16"><param type="float4x4"/></accessor></technique_common></source><source id="LeftHand-Interpolations"><Name_array id="LeftHand-Interpolations-array" count="2">
 LINEAR LINEAR</Name_array><technique_common><accessor source="#LeftHand-Interpolations-array" count="2"><param type="name"/></accessor></technique_common></source><sampler id="LeftHand-Matrix-animation-transform"><input semantic="INPUT" source="#LeftHand-Matrix-animation-input"/><input semantic="OUTPUT" source="#LeftHand-Matrix-animation-output-transform"/><input semantic="INTERPOLATION" source="#LeftHand-Interpolations"/></sampler><channel source="#LeftHand-Matrix-animation-transform" target="LeftHand/matrix"/></animation>
    <animation id="LeftHandThumb1-anim" name="LeftHandThumb1"><source id="LeftHandThumb1-Matrix-animation-input"><float_array id="LeftHandThumb1-Matrix-animation-input-array" count="2">

0.000000 0.033333</float_array><technique_common><accessor source="#LeftHandThumb1-Matrix-animation-input-array" count="2"><param name="TIME" type="float"/></accessor></technique_common></source><source id="LeftHandThumb1-Matrix-animation-output-transform"><float_array id="LeftHandThumb1-Matrix-animation-output-transform-array" count="32">

0.964510 0.005851 -0.263982 2.466100 -0.174674 0.763875 -0.621276 -1.575000 0.198014 0.645338 0.737787 2.682400 0.000000 0.000000 0.000000 1.000000
0.964510 0.005850 -0.263982 2.466100 -0.174674 0.763875 -0.621276 -1.575000 0.198014 0.645338 0.737787 2.682400 0.000000 0.000000 0.000000 1.000000</float_array><technique_common><accessor source="#LeftHandThumb1-Matrix-animation-output-transform-array" count="2" stride="16"><param type="float4x4"/></accessor></technique_common></source><source id="LeftHandThumb1-Interpolations"><Name_array id="LeftHandThumb1-Interpolations-array" count="2">
 LINEAR LINEAR</Name_array><technique_common><accessor source="#LeftHandThumb1-Interpolations-array" count="2"><param type="name"/></accessor></technique_common></source><sampler id="LeftHandThumb1-Matrix-animation-transform"><input semantic="INPUT" source="#LeftHandThumb1-Matrix-animation-input"/><input semantic="OUTPUT" source="#LeftHandThumb1-Matrix-animation-output-transform"/><input semantic="INTERPOLATION" source="#LeftHandThumb1-Interpolations"/></sampler><channel source="#LeftHandThumb1-Matrix-animation-transform" target="LeftHandThumb1/matrix"/></animation>
    <animation id="LeftHandThumb2-anim" name="LeftHandThumb2"><source id="LeftHandThumb2-Matrix-animation-input"><float_array id="LeftHandThumb2-Matrix-animation-input-array" count="2">

0.000000 0.033333</float_array><technique_common><accessor source="#LeftHandThumb2-Matrix-animation-input-array" count="2"><param name="TIME" type="float"/></accessor></technique_common></source><source id="LeftHandThumb2-Matrix-animation-output-transform"><float_array id="LeftHandThumb2-Matrix-animation-output-transform-array" count="32">

0.864936 -0.173273 0.471022 3.229800 0.240932 0.966650 -0.086825 -1.864700 -0.440269 0.188582 0.877838 1.864700 0.000000 0.000000 0.000000 1.000000
0.864936 -0.173273 0.471022 3.229800 0.240932 0.966651 -0.086825 -1.864700 -0.440269 0.188582 0.877838 1.864700 0.000000 0.000000 0.000000 1.000000</float_array><technique_common><accessor source="#LeftHandThumb2-Matrix-animation-output-transform-array" count="2" stride="16"><param type="float4x4"/></accessor></technique_common></source><source id="LeftHandThumb2-Interpolations"><Name_array id="LeftHandThumb2-Interpolations-array" count="2">
 LINEAR LINEAR</Name_array><technique_common><accessor source="#LeftHandThumb2-Interpolations-array" count="2"><param type="name"/></accessor></technique_common></source><sampler id="LeftHandThumb2-Matrix-animation-transform"><input semantic="INPUT" source="#LeftHandThumb2-Matrix-animation-input"/><input semantic="OUTPUT" source="#LeftHandThumb2-Matrix-animation-output-transform"/><input semantic="INTERPOLATION" source="#LeftHandThumb2-Interpolations"/></sampler><channel source="#LeftHandThumb2-Matrix-animation-transform" target="LeftHandThumb2/matrix"/></animation>
    <animation id="LeftHandThumb3-anim" name="LeftHandThumb3"><source id="LeftHandThumb3-Matrix-animation-input"><float_array id="LeftHandThumb3-Matrix-animation-input-array" count="2">

0.000000 0.033333</float_array><technique_common><accessor source="#LeftHandThumb3-Matrix-animation-input-array" count="2"><param name="TIME" type="float"/></accessor></technique_common></source><source id="LeftHandThumb3-Matrix-animation-output-transform"><float_array id="LeftHandThumb3-Matrix-animation-output-transform-array" count="32">

0.697192 -0.291862 0.654783 2.652600 0.397727 0.917388 -0.014571 -1.531500 -0.596437 0.270583 0.755677 1.531500 0.000000 0.000000 0.000000 1.000000
0.697192 -0.291862 0.654783 2.652600 0.397727 0.917388 -0.014571 -1.531500 -0.596437 0.270583 0.755677 1.531500 0.000000 0.000000 0.000000 1.000000</float_array><technique_common><accessor source="#LeftHandThumb3-Matrix-animation-output-transform-array" count="2" stride="16"><param type="float4x4"/></accessor></technique_common></source><source id="LeftHandThumb3-Interpolations"><Name_array id="LeftHandThumb3-Interpolations-array" count="2">
 LINEAR LINEAR</Name_array><technique_common><accessor source="#LeftHandThumb3-Interpolations-array" count="2"><param type="name"/></accessor></technique_common></source><sampler id="LeftHandThumb3-Matrix-animation-transform"><input semantic="INPUT" source="#LeftHandThumb3-Matrix-animation-input"/><input semantic="OUTPUT" source="#LeftHandThumb3-Matrix-animation-output-transform"/><input semantic="INTERPOLATION" source="#LeftHandThumb3-Interpolations"/></sampler><channel source="#LeftHandThumb3-Matrix-animation-transform" target="LeftHandThumb3/matrix"/></animation>
    <animation id="LeftHandIndex1-anim" name="LeftHandIndex1"><source id="LeftHandIndex1-Matrix-animation-input"><float_array id="LeftHandIndex1-Matrix-animation-input-array" count="2">

0.000000 0.033333</float_array><technique_common><accessor source="#LeftHandIndex1-Matrix-animation-input-array" count="2"><param name="TIME" type="float"/></accessor></technique_common></source><source id="LeftHandIndex1-Matrix-animation-output-transform"><float_array id="LeftHandIndex1-Matrix-animation-output-transform-array" count="32">

0.482072 0.874752 0.049153 9.109300 -0.866687 0.484339 -0.119453 -0.517100 -0.128298 0.014985 0.991622 2.260100 0.000000 0.000000 0.000000 1.000000
0.482071 0.874752 0.049153 9.109300 -0.866687 0.484339 -0.119453 -0.517100 -0.128298 0.014984 0.991622 2.260100 0.000000 0.000000 0.000000 1.000000</float_array><technique_common><accessor source="#LeftHandIndex1-Matrix-animation-output-transform-array" count="2" stride="16"><param type="float4x4"/></accessor></technique_common></source><source id="LeftHandIndex1-Interpolations"><Name_array id="LeftHandIndex1-Interpolations-array" count="2">
 LINEAR LINEAR</Name_array><technique_common><accessor source="#LeftHandIndex1-Interpolations-array" count="2"><param type="name"/></accessor></technique_common></source><sampler id="LeftHandIndex1-Matrix-animation-transform"><input semantic="INPUT" source="#LeftHandIndex1-Matrix-animation-input"/><input semantic="OUTPUT" source="#LeftHandIndex1-Matrix-animation-output-transform"/><input semantic="INTERPOLATION" source="#LeftHandIndex1-Interpolations"/></sampler><channel source="#LeftHandIndex1-Matrix-animation-transform" target="LeftHandIndex1/matrix"/></animation>
    <animation id="LeftHandIndex2-anim" name="LeftHandIndex2"><source id="LeftHandIndex2-Matrix-animation-input"><float_array id="LeftHandIndex2-Matrix-animation-input-array" count="2">

0.000000 0.033333</float_array><technique_common><accessor source="#LeftHandIndex2-Matrix-animation-input-array" count="2"><param name="TIME" type="float"/></accessor></technique_common></source><source id="LeftHandIndex2-Matrix-animation-output-transform"><float_array id="LeftHandIndex2-Matrix-animation-output-transform-array" count="32">

0.001768 0.991181 0.132502 3.676400 -0.989685 0.020715 -0.141752 0.000000 -0.143246 -0.130885 0.980994 -0.000000 0.000000 0.000000 0.000000 1.000000
0.001767 0.991181 0.132502 3.676400 -0.989686 0.020714 -0.141751 0.000000 -0.143246 -0.130885 0.980994 0.000000 0.000000 0.000000 0.000000 1.000000</float_array><technique_common><accessor source="#LeftHandIndex2-Matrix-animation-output-transform-array" count="2" stride="16"><param type="float4x4"/></accessor></technique_common></source><source id="LeftHandIndex2-Interpolations"><Name_array id="LeftHandIndex2-Interpolations-array" count="2">
 LINEAR LINEAR</Name_array><technique_common><accessor source="#LeftHandIndex2-Interpolations-array" count="2"><param type="name"/></accessor></technique_common></source><sampler id="LeftHandIndex2-Matrix-animation-transform"><input semantic="INPUT" source="#LeftHandIndex2-Matrix-animation-input"/><input semantic="OUTPUT" source="#LeftHandIndex2-Matrix-animation-output-transform"/><input semantic="INTERPOLATION" source="#LeftHandIndex2-Interpolations"/></sampler><channel source="#LeftHandIndex2-Matrix-animation-transform" target="LeftHandIndex2/matrix"/></animation>
    <animation id="LeftHandIndex3-anim" name="LeftHandIndex3"><source id="LeftHandIndex3-Matrix-animation-input"><float_array id="LeftHandIndex3-Matrix-animation-input-array" count="2">

0.000000 0.033333</float_array><technique_common><accessor source="#LeftHandIndex3-Matrix-animation-input-array" count="2"><param name="TIME" type="float"/></accessor></technique_common></source><source id="LeftHandIndex3-Matrix-animation-output-transform"><float_array id="LeftHandIndex3-Matrix-animation-output-transform-array" count="32">

0.737584 0.660183 0.141872 2.883100 -0.662518 0.748134 -0.036958 0.000000 -0.130538 -0.066734 0.989195 0.000000 0.000000 0.000000 0.000000 1.000000
0.737584 0.660183 0.141872 2.883100 -0.662517 0.748134 -0.036957 0.000000 -0.130538 -0.066733 0.989195 0.000000 0.000000 0.000000 0.000000 1.000000</float_array><technique_common><accessor source="#LeftHandIndex3-Matrix-animation-output-transform-array" count="2" stride="16"><param type="float4x4"/></accessor></technique_common></source><source id="LeftHandIndex3-Interpolations"><Name_array id="LeftHandIndex3-Interpolations-array" count="2">
 LINEAR LINEAR</Name_array><technique_common><accessor source="#LeftHandIndex3-Interpolations-array" count="2"><param type="name"/></accessor></technique_common></source><sampler id="LeftHandIndex3-Matrix-animation-transform"><input semantic="INPUT" source="#LeftHandIndex3-Matrix-animation-input"/><input semantic="OUTPUT" source="#LeftHandIndex3-Matrix-animation-output-transform"/><input semantic="INTERPOLATION" source="#LeftHandIndex3-Interpolations"/></sampler><channel source="#LeftHandIndex3-Matrix-animation-transform" target="LeftHandIndex3/matrix"/></animation>
    <animation id="LeftHandMiddle1-anim" name="LeftHandMiddle1"><source id="LeftHandMiddle1-Matrix-animation-input"><float_array id="LeftHandMiddle1-Matrix-animation-input-array" count="2">

0.000000 0.033333</float_array><technique_common><accessor source="#LeftHandMiddle1-Matrix-animation-input-array" count="2"><param name="TIME" type="float"/></accessor></technique_common></source><source id="LeftHandMiddle1-Matrix-animation-output-transform"><float_array id="LeftHandMiddle1-Matrix-animation-output-transform-array" count="32">

0.457806 0.885323 0.081347 9.533400 -0.889052 0.455964 0.041033 0.000000 -0.000764 -0.091107 0.995841 0.000000 0.000000 0.000000 0.000000 1.000000
0.457806 0.885323 0.081347 9.533400 -0.889052 0.455964 0.041032 0.000000 -0.000764 -0.091107 0.995841 0.000000 0.000000 0.000000 0.000000 1.000000</float_array><technique_common><accessor source="#LeftHandMiddle1-Matrix-animation-output-transform-array" count="2" stride="16"><param type="float4x4"/></accessor></technique_common></source><source id="LeftHandMiddle1-Interpolations"><Name_array id="LeftHandMiddle1-Interpolations-array" count="2">
 LINEAR LINEAR</Name_array><technique_common><accessor source="#LeftHandMiddle1-Interpolations-array" count="2"><param type="name"/></accessor></technique_common></source><sampler id="LeftHandMiddle1-Matrix-animation-transform"><input semantic="INPUT" source="#LeftHandMiddle1-Matrix-animation-input"/><input semantic="OUTPUT" source="#LeftHandMiddle1-Matrix-animation-output-transform"/><input semantic="INTERPOLATION" source="#LeftHandMiddle1-Interpolations"/></sampler><channel source="#LeftHandMiddle1-Matrix-animation-transform" target="LeftHandMiddle1/matrix"/></animation>
    <animation id="LeftHandMiddle2-anim" name="LeftHandMiddle2"><source id="LeftHandMiddle2-Matrix-animation-input"><float_array id="LeftHandMiddle2-Matrix-animation-input-array" count="2">

0.000000 0.033333</float_array><technique_common><accessor source="#LeftHandMiddle2-Matrix-animation-input-array" count="2"><param name="TIME" type="float"/></accessor></technique_common></source><source id="LeftHandMiddle2-Matrix-animation-output-transform"><float_array id="LeftHandMiddle2-Matrix-animation-output-transform-array" count="32">

0.050678 0.983891 0.171436 3.698200 -0.985769 0.076828 -0.149524 0.000000 -0.160287 -0.161418 0.973782 0.000000 0.000000 0.000000 0.000000 1.000000
0.050678 0.983891 0.171436 3.698200 -0.985769 0.076828 -0.149524 0.000000 -0.160287 -0.161419 0.973782 0.000000 0.000000 0.000000 0.000000 1.000000</float_array><technique_common><accessor source="#LeftHandMiddle2-Matrix-animation-output-transform-array" count="2" stride="16"><param type="float4x4"/></accessor></technique_common></source><source id="LeftHandMiddle2-Interpolations"><Name_array id="LeftHandMiddle2-Interpolations-array" count="2">
 LINEAR LINEAR</Name_array><technique_common><accessor source="#LeftHandMiddle2-Interpolations-array" count="2"><param type="name"/></accessor></technique_common></source><sampler id="LeftHandMiddle2-Matrix-animation-transform"><input semantic="INPUT" source="#LeftHandMiddle2-Matrix-animation-input"/><input semantic="OUTPUT" source="#LeftHandMiddle2-Matrix-animation-output-transform"/><input semantic="INTERPOLATION" source="#LeftHandMiddle2-Interpolations"/></sampler><channel source="#LeftHandMiddle2-Matrix-animation-transform" target="LeftHandMiddle2/matrix"/></animation>
    <animation id="LeftHandMiddle3-anim" name="LeftHandMiddle3"><source id="LeftHandMiddle3-Matrix-animation-input"><float_array id="LeftHandMiddle3-Matrix-animation-input-array" count="2">

0.000000 0.033333</float_array><technique_common><accessor source="#LeftHandMiddle3-Matrix-animation-input-array" count="2"><param name="TIME" type="float"/></accessor></technique_common></source><source id="LeftHandMiddle3-Matrix-animation-output-transform"><float_array id="LeftHandMiddle3-Matrix-animation-output-transform-array" count="32">

0.790593 0.606322 0.085653 2.950900 -0.605831 0.794840 -0.034600 -0.000000 -0.089059 -0.024537 0.995724 0.000000 0.000000 0.000000 0.000000 1.000000
0.790592 0.606323 0.085653 2.950900 -0.605832 0.794840 -0.034600 0.000000 -0.089059 -0.024537 0.995724 0.000000 0.000000 0.000000 0.000000 1.000000</float_array><technique_common><accessor source="#LeftHandMiddle3-Matrix-animation-output-transform-array" count="2" stride="16"><param type="float4x4"/></accessor></technique_common></source><source id="LeftHandMiddle3-Interpolations"><Name_array id="LeftHandMiddle3-Interpolations-array" count="2">
 LINEAR LINEAR</Name_array><technique_common><accessor source="#LeftHandMiddle3-Interpolations-array" count="2"><param type="name"/></accessor></technique_common></source><sampler id="LeftHandMiddle3-Matrix-animation-transform"><input semantic="INPUT" source="#LeftHandMiddle3-Matrix-animation-input"/><input semantic="OUTPUT" source="#LeftHandMiddle3-Matrix-animation-output-transform"/><input semantic="INTERPOLATION" source="#LeftHandMiddle3-Interpolations"/></sampler><channel source="#LeftHandMiddle3-Matrix-animation-transform" target="LeftHandMiddle3/matrix"/></animation>
    <animation id="LeftHandRing1-anim" name="LeftHandRing1"><source id="LeftHandRing1-Matrix-animation-input"><float_array id="LeftHandRing1-Matrix-animation-input-array" count="2">

0.000000 0.033333</float_array><technique_common><accessor source="#LeftHandRing1-Matrix-animation-input-array" count="2"><param name="TIME" type="float"/></accessor></technique_common></source><source id="LeftHandRing1-Matrix-animation-output-transform"><float_array id="LeftHandRing1-Matrix-animation-output-transform-array" count="32">

0.480884 0.859336 0.174047 9.104500 -0.875156 0.458346 0.154990 -0.043900 0.053415 -0.226850 0.972464 -1.865100 0.000000 0.000000 0.000000 1.000000
0.480886 0.859335 0.174047 9.104500 -0.875154 0.458348 0.154990 -0.043900 0.053414 -0.226851 0.972464 -1.865100 0.000000 0.000000 0.000000 1.000000</float_array><technique_common><accessor source="#LeftHandRing1-Matrix-animation-output-transform-array" count="2" stride="16"><param type="float4x4"/></accessor></technique_common></source><source id="LeftHandRing1-Interpolations"><Name_array id="LeftHandRing1-Interpolations-array" count="2">
 LINEAR LINEAR</Name_array><technique_common><accessor source="#LeftHandRing1-Interpolations-array" count="2"><param type="name"/></accessor></technique_common></source><sampler id="LeftHandRing1-Matrix-animation-transform"><input semantic="INPUT" source="#LeftHandRing1-Matrix-animation-input"/><input semantic="OUTPUT" source="#LeftHandRing1-Matrix-animation-output-transform"/><input semantic="INTERPOLATION" source="#LeftHandRing1-Interpolations"/></sampler><channel source="#LeftHandRing1-Matrix-animation-transform" target="LeftHandRing1/matrix"/></animation>
    <animation id="LeftHandRing2-anim" name="LeftHandRing2"><source id="LeftHandRing2-Matrix-animation-input"><float_array id="LeftHandRing2-Matrix-animation-input-array" count="2">

0.000000 0.033333</float_array><technique_common><accessor source="#LeftHandRing2-Matrix-animation-input-array" count="2"><param name="TIME" type="float"/></accessor></technique_common></source><source id="LeftHandRing2-Matrix-animation-output-transform"><float_array id="LeftHandRing2-Matrix-animation-output-transform-array" count="32">

0.387056 0.907211 0.164790 3.154000 -0.900094 0.410528 -0.145934 0.000000 -0.200044 -0.091842 0.975473 0.000000 0.000000 0.000000 0.000000 1.000000
0.387056 0.907211 0.164790 3.154000 -0.900095 0.410528 -0.145934 0.000000 -0.200044 -0.091842 0.975473 -0.000000 0.000000 0.000000 0.000000 1.000000</float_array><technique_common><accessor source="#LeftHandRing2-Matrix-animation-output-transform-array" count="2" stride="16"><param type="float4x4"/></accessor></technique_common></source><source id="LeftHandRing2-Interpolations"><Name_array id="LeftHandRing2-Interpolations-array" count="2">
 LINEAR LINEAR</Name_array><technique_common><accessor source="#LeftHandRing2-Interpolations-array" count="2"><param type="name"/></accessor></technique_common></source><sampler id="LeftHandRing2-Matrix-animation-transform"><input semantic="INPUT" source="#LeftHandRing2-Matrix-animation-input"/><input semantic="OUTPUT" source="#LeftHandRing2-Matrix-animation-output-transform"/><input semantic="INTERPOLATION" source="#LeftHandRing2-Interpolations"/></sampler><channel source="#LeftHandRing2-Matrix-animation-transform" target="LeftHandRing2/matrix"/></animation>
    <animation id="LeftHandRing3-anim" name="LeftHandRing3"><source id="LeftHandRing3-Matrix-animation-input"><float_array id="LeftHandRing3-Matrix-animation-input-array" count="2">

0.000000 0.033333</float_array><technique_common><accessor source="#LeftHandRing3-Matrix-animation-input-array" count="2"><param name="TIME" type="float"/></accessor></technique_common></source><source id="LeftHandRing3-Matrix-animation-output-transform"><float_array id="LeftHandRing3-Matrix-animation-output-transform-array" count="32">

0.330743 0.928016 0.171453 2.937700 -0.929223 0.351965 -0.112539 0.000000 -0.164783 -0.122097 0.978744 0.000000 0.000000 0.000000 0.000000 1.000000
0.330742 0.928016 0.171453 2.937700 -0.929223 0.351965 -0.112540 0.000000 -0.164784 -0.122096 0.978743 0.000000 0.000000 0.000000 0.000000 1.000000</float_array><technique_common><accessor source="#LeftHandRing3-Matrix-animation-output-transform-array" count="2" stride="16"><param type="float4x4"/></accessor></technique_common></source><source id="LeftHandRing3-Interpolations"><Name_array id="LeftHandRing3-Interpolations-array" count="2">
 LINEAR LINEAR</Name_array><technique_common><accessor source="#LeftHandRing3-Interpolations-array" count="2"><param type="name"/></accessor></technique_common></source><sampler id="LeftHandRing3-Matrix-animation-transform"><input semantic="INPUT" source="#LeftHandRing3-Matrix-animation-input"/><input semantic="OUTPUT" source="#LeftHandRing3-Matrix-animation-output-transform"/><input semantic="INTERPOLATION" source="#LeftHandRing3-Interpolations"/></sampler><channel source="#LeftHandRing3-Matrix-animation-transform" target="LeftHandRing3/matrix"/></animation>
    <animation id="LeftHandPinky1-anim" name="LeftHandPinky1"><source id="LeftHandPinky1-Matrix-animation-input"><float_array id="LeftHandPinky1-Matrix-animation-input-array" count="2">

0.000000 0.033333</float_array><technique_common><accessor source="#LeftHandPinky1-Matrix-animation-input-array" count="2"><param name="TIME" type="float"/></accessor></technique_common></source><source id="LeftHandPinky1-Matrix-animation-output-transform"><float_array id="LeftHandPinky1-Matrix-animation-output-transform-array" count="32">

0.602170 0.756769 0.254346 8.077800 -0.793213 0.530962 0.298150 -0.488700 0.090583 -0.381287 0.920008 -3.806100 0.000000 0.000000 0.000000 1.000000
0.602173 0.756767 0.254345 8.077800 -0.793210 0.530965 0.298151 -0.488700 0.090582 -0.381287 0.920008 -3.806100 0.000000 0.000000 0.000000 1.000000</float_array><technique_common><accessor source="#LeftHandPinky1-Matrix-animation-output-transform-array" count="2" stride="16"><param type="float4x4"/></accessor></technique_common></source><source id="LeftHandPinky1-Interpolations"><Name_array id="LeftHandPinky1-Interpolations-array" count="2">
 LINEAR LINEAR</Name_array><technique_common><accessor source="#LeftHandPinky1-Interpolations-array" count="2"><param type="name"/></accessor></technique_common></source><sampler id="LeftHandPinky1-Matrix-animation-transform"><input semantic="INPUT" source="#LeftHandPinky1-Matrix-animation-input"/><input semantic="OUTPUT" source="#LeftHandPinky1-Matrix-animation-output-transform"/><input semantic="INTERPOLATION" source="#LeftHandPinky1-Interpolations"/></sampler><channel source="#LeftHandPinky1-Matrix-animation-transform" target="LeftHandPinky1/matrix"/></animation>
    <animation id="LeftHandPinky2-anim" name="LeftHandPinky2"><source id="LeftHandPinky2-Matrix-animation-input"><float_array id="LeftHandPinky2-Matrix-animation-input-array" count="2">

0.000000 0.033333</float_array><technique_common><accessor source="#LeftHandPinky2-Matrix-animation-input-array" count="2"><param name="TIME" type="float"/></accessor></technique_common></source><source id="LeftHandPinky2-Matrix-animation-output-transform"><float_array id="LeftHandPinky2-Matrix-animation-output-transform-array" count="32">

0.089393 0.984598 0.150249 3.600000 -0.981972 0.112352 -0.152016 0.000000 -0.166556 -0.133951 0.976891 -0.000000 0.000000 0.000000 0.000000 1.000000
0.089393 0.984598 0.150249 3.600000 -0.981972 0.112352 -0.152016 0.000000 -0.166555 -0.133951 0.976891 -0.000000 0.000000 0.000000 0.000000 1.000000</float_array><technique_common><accessor source="#LeftHandPinky2-Matrix-animation-output-transform-array" count="2" stride="16"><param type="float4x4"/></accessor></technique_common></source><source id="LeftHandPinky2-Interpolations"><Name_array id="LeftHandPinky2-Interpolations-array" count="2">
 LINEAR LINEAR</Name_array><technique_common><accessor source="#LeftHandPinky2-Interpolations-array" count="2"><param type="name"/></accessor></technique_common></source><sampler id="LeftHandPinky2-Matrix-animation-transform"><input semantic="INPUT" source="#LeftHandPinky2-Matrix-animation-input"/><input semantic="OUTPUT" source="#LeftHandPinky2-Matrix-animation-output-transform"/><input semantic="INTERPOLATION" source="#LeftHandPinky2-Interpolations"/></sampler><channel source="#LeftHandPinky2-Matrix-animation-transform" target="LeftHandPinky2/matrix"/></animation>
