<?xml version="1.0" encoding="utf-8"?>
<COLLADA xmlns="http://www.collada.org/2005/11/COLLADASchema" version="1.4.1">
  <asset><contributor><author>Mixamo</author><authoring_tool>COLLADA Mixamo exporter</authoring_tool><comments></comments></contributor><created>2020-08-06T10:59:37Z</created><modified>2020-08-06T10:59:37Z</modified><revision></revision><title></title><unit meter="0.010000"/><up_axis>Y_UP</up_axis></asset>
  <library_animations>
    <animation id="Hips-anim" name="Hips"><source id="Hips-Matrix-animation-input"><float_array id="Hips-Matrix-animation-input-array" count="97">

0.000000 0.033333 0.066667 0.100000 0.133333 0.166667 0.200000 0.233333 0.266667 0.300000 0.333333 0.366667 0.400000 0.433333 0.466667 0.500000
0.533333 0.566667 0.600000 0.633333 0.666667 0.700000 0.733333 0.766667 0.800000 0.833333 0.866667 0.900000 0.933333 0.966667 1.000000 1.033333
1.066667 1.100000 1.133333 1.166667 1.200000 1.233333 1.266667 1.300000 1.333333 1.366667 1.400000 1.433333 1.466667 1.500000 1.533333 1.566667
1.600000 1.633333 1.666667 1.700000 1.733333 1.766667 1.800000 1.833333 1.866667 1.900000 1.933333 1.966667 2.000000 2.033333 2.066667 2.100000
2.133333 2.166667 2.200000 2.233333 2.266667 2.300000 2.333333 2.366667 2.400000 2.433333 2.466667 2.500000 2.533333 2.566667 2.600000 2.633333
2.666667 2.700000 2.733333 2.766667 2.800000 2.833333 2.866667 2.900000 2.933333 2.966667 3.000000 3.033333 3.066667 3.100000 3.133333 3.166667
3.200000</float_array><technique_common><accessor source="#Hips-Matrix-animation-input-array" count="97"><param name="TIME" type="float"/></accessor></technique_common></source><source id="Hips-Matrix-animation-output-transform"><float_array id="Hips-Matrix-animation-output-transform-array" count="1552">

0.467338 -0.083750 -0.880103 -0.000004 0.030092 0.996433 -0.078842 93.965195 0.883567 0.010362 0.468191 -0.000018 0.000000 0.000000 0.000000 1.000000
0.464668 -0.084625 -0.881432 -0.056728 0.029687 0.996352 -0.080008 93.903313 0.884987 0.011010 0.465485 -0.057099 0.000000 0.000000 0.000000 1.000000
0.457206 -0.085468 -0.885245 -0.205530 0.028798 0.996272 -0.081315 93.861801 0.888895 0.011684 0.457963 -0.202088 0.000000 0.000000 0.000000 1.000000
0.445660 -0.086260 -0.891037 -0.431991 0.027473 0.996196 -0.082700 94.022858 0.894781 0.012376 0.446334 -0.383102 0.000000 0.000000 0.000000 1.000000
0.430717 -0.086980 -0.898286 -0.721639 0.025767 0.996124 -0.084099 94.330223 0.902119 0.013077 0.431289 -0.548268 0.000000 0.000000 0.000000 1.000000
0.413083 -0.087604 -0.906470 -1.059961 0.023732 0.996060 -0.085447 94.727272 0.910384 0.013785 0.413535 -0.645401 0.000000 0.000000 0.000000 1.000000
0.393484 -0.088108 -0.915100 -1.432544 0.021431 0.996005 -0.086683 95.177231 0.919082 0.014497 0.393800 -0.665276 0.000000 0.000000 0.000000 1.000000
0.372676 -0.088468 -0.923735 -1.824996 0.018932 0.995963 -0.087748 95.643379 0.927769 0.015214 0.372846 -0.642580 0.000000 0.000000 0.000000 1.000000
0.351451 -0.088657 -0.931999 -2.223037 0.016304 0.995935 -0.088590 96.088860 0.936064 0.015940 0.351468 -0.587937 0.000000 0.000000 0.000000 1.000000
0.330631 -0.088646 -0.939588 -2.612462 0.013624 0.995923 -0.089167 96.476868 0.943662 0.016681 0.330491 -0.511763 0.000000 0.000000 0.000000 1.000000
0.311062 -0.088409 -0.946269 -2.979205 0.010970 0.995932 -0.089443 96.756073 0.950326 0.017441 0.310766 -0.424428 0.000000 0.000000 0.000000 1.000000
0.293604 -0.087915 -0.951876 -3.309266 0.008421 0.995961 -0.089389 96.885002 0.955890 0.018229 0.293158 -0.336264 0.000000 0.000000 0.000000 1.000000
0.279124 -0.087132 -0.956294 -3.588719 0.006053 0.996015 -0.088985 96.944527 0.960236 0.019049 0.278539 -0.257574 0.000000 0.000000 0.000000 1.000000
0.268493 -0.086029 -0.959432 -3.803656 0.003940 0.996094 -0.088214 96.977989 0.963274 0.019904 0.267783 -0.198544 0.000000 0.000000 0.000000 1.000000
0.262565 -0.084570 -0.961201 -3.940187 0.002152 0.996201 -0.087062 96.994400 0.964912 0.020791 0.261749 -0.176987 0.000000 0.000000 0.000000 1.000000
0.261606 -0.082784 -0.961618 -3.984179 0.001402 0.996346 -0.085393 96.997269 0.965174 0.020991 0.260766 -0.184973 0.000000 0.000000 0.000000 1.000000
0.262195 -0.081261 -0.961587 -3.970424 0.002246 0.996497 -0.083599 96.985909 0.965012 0.019759 0.261459 -0.185886 0.000000 0.000000 0.000000 1.000000
0.263219 -0.080128 -0.961403 -3.948836 0.003647 0.996620 -0.082064 96.974960 0.964729 0.018094 0.262622 -0.192551 0.000000 0.000000 0.000000 1.000000
0.264489 -0.079297 -0.961123 -3.921210 0.005230 0.996717 -0.080794 96.964050 0.964374 0.016343 0.264036 -0.201653 0.000000 0.000000 0.000000 1.000000
0.265822 -0.078679 -0.960806 -3.888411 0.006634 0.996790 -0.079790 96.957695 0.963999 0.014836 0.265490 -0.209532 0.000000 0.000000 0.000000 1.000000
0.267073 -0.078255 -0.960494 -3.851723 0.007425 0.996835 -0.079151 96.954247 0.963648 0.014007 0.266809 -0.211670 0.000000 0.000000 0.000000 1.000000
0.268433 -0.078324 -0.960109 -3.814617 0.007685 0.996831 -0.079171 96.952789 0.963268 0.013873 0.268184 -0.205794 0.000000 0.000000 0.000000 1.000000
0.269923 -0.078628 -0.959666 -3.770758 0.008069 0.996810 -0.079402 96.936859 0.962848 0.013688 0.269697 -0.195359 0.000000 0.000000 0.000000 1.000000
0.271226 -0.079069 -0.959263 -3.728364 0.008542 0.996779 -0.079746 96.916344 0.962478 0.013435 0.271028 -0.174993 0.000000 0.000000 0.000000 1.000000
0.272792 -0.079629 -0.958772 -3.700772 0.009158 0.996739 -0.080177 96.901878 0.962030 0.013091 0.272631 -0.145391 0.000000 0.000000 0.000000 1.000000
0.275284 -0.080255 -0.958007 -3.690727 0.010124 0.996696 -0.080587 96.884712 0.961310 0.012486 0.275187 -0.115919 0.000000 0.000000 0.000000 1.000000
0.280064 -0.081064 -0.956553 -3.694748 0.011929 0.996645 -0.080969 96.863098 0.959907 0.011265 0.280091 -0.086998 0.000000 0.000000 0.000000 1.000000
0.286068 -0.082176 -0.954679 -3.722336 0.013879 0.996567 -0.081623 96.849823 0.958109 0.010099 0.286227 -0.056322 0.000000 0.000000 0.000000 1.000000
0.295437 -0.083253 -0.951728 -3.773032 0.015609 0.996483 -0.082323 96.828636 0.955235 0.009466 0.295697 -0.017408 0.000000 0.000000 0.000000 1.000000
0.307599 -0.083744 -0.947824 -3.837044 0.016775 0.996442 -0.082596 96.820091 0.951368 0.009507 0.307910 0.029356 0.000000 0.000000 0.000000 1.000000
0.321325 -0.083291 -0.943299 -3.926329 0.016590 0.996467 -0.082335 96.823593 0.946824 0.010807 0.321572 0.086245 0.000000 0.000000 0.000000 1.000000
0.336458 -0.081968 -0.938124 -4.022199 0.016515 0.996565 -0.081151 96.820580 0.941554 0.011811 0.336656 0.142023 0.000000 0.000000 0.000000 1.000000
0.353781 -0.079790 -0.931919 -4.103861 0.016866 0.996737 -0.078937 96.805901 0.935176 0.012209 0.353972 0.206057 0.000000 0.000000 0.000000 1.000000
0.371553 -0.077224 -0.925195 -4.173559 0.018134 0.996948 -0.075931 96.786568 0.928235 0.011434 0.371819 0.268570 0.000000 0.000000 0.000000 1.000000
0.390005 -0.074549 -0.917790 -4.237451 0.020685 0.997175 -0.072208 96.766373 0.920581 0.009177 0.390445 0.332274 0.000000 0.000000 0.000000 1.000000
0.409556 -0.071977 -0.909441 -4.267601 0.023427 0.997384 -0.068387 96.744217 0.911984 0.006703 0.410171 0.407616 0.000000 0.000000 0.000000 1.000000
0.427867 -0.069962 -0.901130 -4.287790 0.025909 0.997539 -0.065145 96.717125 0.903470 0.004526 0.428627 0.476484 0.000000 0.000000 0.000000 1.000000
0.443248 -0.068941 -0.893744 -4.308941 0.027800 0.997616 -0.063166 96.682968 0.895968 0.003152 0.444108 0.530463 0.000000 0.000000 0.000000 1.000000
0.457643 -0.068440 -0.886498 -4.330626 0.028932 0.997651 -0.062085 96.644165 0.888665 0.002765 0.458548 0.554539 0.000000 0.000000 0.000000 1.000000
0.468933 -0.067972 -0.880614 -4.348186 0.029084 0.997682 -0.061521 96.603523 0.882755 0.003237 0.469823 0.577272 0.000000 0.000000 0.000000 1.000000
0.477474 -0.067423 -0.876055 -4.367475 0.028398 0.997715 -0.061308 96.563400 0.878187 0.004395 0.478297 0.590201 0.000000 0.000000 0.000000 1.000000
0.484017 -0.066599 -0.872521 -4.380551 0.026703 0.997759 -0.061346 96.525932 0.874651 0.006394 0.484711 0.579007 0.000000 0.000000 0.000000 1.000000
0.488435 -0.065610 -0.870130 -4.411340 0.025254 0.997814 -0.061062 96.493874 0.872235 0.007850 0.489024 0.543145 0.000000 0.000000 0.000000 1.000000
0.490891 -0.064613 -0.868822 -4.445373 0.023723 0.997868 -0.060807 96.475395 0.870898 0.009239 0.491377 0.505865 0.000000 0.000000 0.000000 1.000000
0.491046 -0.064012 -0.868779 -4.495677 0.022623 0.997897 -0.060739 96.470642 0.870840 0.010171 0.491462 0.462045 0.000000 0.000000 0.000000 1.000000
0.490332 -0.063695 -0.869205 -4.547086 0.021879 0.997911 -0.060784 96.472275 0.871261 0.010787 0.490702 0.422450 0.000000 0.000000 0.000000 1.000000
0.489173 -0.063553 -0.869868 -4.591415 0.021373 0.997916 -0.060890 96.475677 0.871925 0.011194 0.489511 0.391302 0.000000 0.000000 0.000000 1.000000
0.487778 -0.063563 -0.870651 -4.636605 0.021103 0.997913 -0.061031 96.488251 0.872713 0.011396 0.488101 0.399065 0.000000 0.000000 0.000000 1.000000
0.486360 -0.063702 -0.871433 -4.677852 0.021072 0.997904 -0.061186 96.510742 0.873505 0.011396 0.486683 0.429855 0.000000 0.000000 0.000000 1.000000
0.484768 -0.064174 -0.872285 -4.719706 0.021642 0.997879 -0.061386 96.543610 0.874375 0.010880 0.485129 0.468834 0.000000 0.000000 0.000000 1.000000
0.482880 -0.064671 -0.873295 -4.753812 0.022211 0.997853 -0.061613 96.576805 0.875405 0.010355 0.483280 0.528610 0.000000 0.000000 0.000000 1.000000
0.480783 -0.065013 -0.874426 -4.758155 0.022496 0.997834 -0.061820 96.610283 0.876551 0.010051 0.481204 0.576532 0.000000 0.000000 0.000000 1.000000
0.478302 -0.065266 -0.875767 -4.722846 0.022663 0.997820 -0.061985 96.639999 0.877903 0.009799 0.478738 0.621545 0.000000 0.000000 0.000000 1.000000
0.475318 -0.065453 -0.877376 -4.661344 0.022687 0.997809 -0.062147 96.667252 0.879521 0.009635 0.475762 0.655311 0.000000 0.000000 0.000000 1.000000
0.471641 -0.065577 -0.879349 -4.603693 0.022498 0.997801 -0.062344 96.686432 0.881503 0.009621 0.472080 0.680447 0.000000 0.000000 0.000000 1.000000
0.467303 -0.065544 -0.881664 -4.535924 0.021921 0.997801 -0.062559 96.708511 0.883826 0.009907 0.467712 0.674009 0.000000 0.000000 0.000000 1.000000
0.462111 -0.065613 -0.884392 -4.462355 0.020583 0.997784 -0.063270 96.744621 0.886583 0.011034 0.462438 0.647458 0.000000 0.000000 0.000000 1.000000
0.456432 -0.065945 -0.887311 -4.385851 0.018785 0.997742 -0.064489 96.790588 0.889560 0.012767 0.456640 0.602499 0.000000 0.000000 0.000000 1.000000
0.450155 -0.066591 -0.890464 -4.309581 0.016850 0.997671 -0.066090 96.835114 0.892792 0.014746 0.450229 0.552093 0.000000 0.000000 0.000000 1.000000
0.443101 -0.067573 -0.893922 -4.236560 0.015051 0.997575 -0.067948 96.875816 0.896346 0.016654 0.443043 0.497507 0.000000 0.000000 0.000000 1.000000
0.435869 -0.068769 -0.897379 -4.168109 0.013646 0.997467 -0.069811 96.918831 0.899907 0.018183 0.435703 0.439855 0.000000 0.000000 0.000000 1.000000
0.428847 -0.070042 -0.900658 -4.105763 0.012906 0.997363 -0.071417 96.949150 0.903285 0.019003 0.428620 0.387254 0.000000 0.000000 0.000000 1.000000
0.422121 -0.071275 -0.903733 -4.051340 0.013118 0.997280 -0.072525 96.968079 0.906444 0.018760 0.421908 0.350375 0.000000 0.000000 0.000000 1.000000
0.415748 -0.072591 -0.906578 -4.008518 0.013788 0.997198 -0.073524 96.977173 0.909375 0.018068 0.415584 0.329514 0.000000 0.000000 0.000000 1.000000
0.409870 -0.074055 -0.909133 -3.981328 0.014166 0.997095 -0.074834 96.973320 0.912034 0.017794 0.409728 0.338495 0.000000 0.000000 0.000000 1.000000
0.404026 -0.075566 -0.911621 -3.967069 0.014468 0.996985 -0.076230 96.966187 0.914633 0.017610 0.403901 0.345225 0.000000 0.000000 0.000000 1.000000
0.398614 -0.077027 -0.913878 -3.959829 0.015965 0.996899 -0.077061 96.947708 0.916980 0.016128 0.398607 0.374563 0.000000 0.000000 0.000000 1.000000
0.394092 -0.078342 -0.915726 -3.953770 0.018596 0.996836 -0.077278 96.927223 0.918883 0.013426 0.394302 0.429051 0.000000 0.000000 0.000000 1.000000
0.390152 -0.079375 -0.917323 -3.943405 0.021474 0.996791 -0.077117 96.905334 0.920500 0.010389 0.390604 0.506250 0.000000 0.000000 0.000000 1.000000
0.387517 -0.079828 -0.918400 -3.920902 0.024478 0.996783 -0.076312 96.883072 0.921537 0.007091 0.388225 0.575770 0.000000 0.000000 0.000000 1.000000
0.386260 -0.080158 -0.918900 -3.890299 0.027743 0.996776 -0.075289 96.860397 0.921973 0.003588 0.387239 0.634958 0.000000 0.000000 0.000000 1.000000
0.385445 -0.080435 -0.919218 -3.795300 0.031089 0.996760 -0.074184 96.838882 0.922207 0.000016 0.386697 0.689570 0.000000 0.000000 0.000000 1.000000
0.384871 -0.080670 -0.919438 -3.668355 0.034457 0.996734 -0.073028 96.817413 0.922327 -0.003575 0.386394 0.742736 0.000000 0.000000 0.000000 1.000000
0.384582 -0.080870 -0.919542 -3.524528 0.037818 0.996699 -0.071839 96.794495 0.922316 -0.007147 0.386371 0.797828 0.000000 0.000000 0.000000 1.000000
0.384502 -0.081046 -0.919560 -3.366557 0.041098 0.996654 -0.070656 96.768799 0.922209 -0.010625 0.386546 0.858260 0.000000 0.000000 0.000000 1.000000
0.384564 -0.081206 -0.919520 -3.197136 0.044216 0.996600 -0.069521 96.738831 0.922039 -0.013922 0.386847 0.928252 0.000000 0.000000 0.000000 1.000000
0.384857 -0.081360 -0.919383 -3.018876 0.046941 0.996544 -0.068538 96.703323 0.921782 -0.016780 0.387346 0.966763 0.000000 0.000000 0.000000 1.000000
0.385215 -0.081516 -0.919219 -2.834559 0.048461 0.996503 -0.068061 96.651268 0.921553 -0.018328 0.387819 0.985818 0.000000 0.000000 0.000000 1.000000
0.385912 -0.081683 -0.918912 -2.646666 0.049324 0.996475 -0.067863 96.569542 0.921216 -0.019135 0.388580 0.966895 0.000000 0.000000 0.000000 1.000000
0.387105 -0.081847 -0.918396 -2.457635 0.049571 0.996459 -0.067910 96.442253 0.920702 -0.019237 0.389791 0.935393 0.000000 0.000000 0.000000 1.000000
0.389994 -0.082013 -0.917158 -2.269296 0.049181 0.996459 -0.068192 96.293144 0.919503 -0.018513 0.392646 0.895706 0.000000 0.000000 0.000000 1.000000
0.394285 -0.082201 -0.915305 -2.084578 0.048357 0.996467 -0.068660 96.128815 0.917715 -0.017190 0.396867 0.847921 0.000000 0.000000 0.000000 1.000000
0.399301 -0.082401 -0.913109 -1.906427 0.047367 0.996477 -0.069211 95.952461 0.915596 -0.015615 0.401797 0.790986 0.000000 0.000000 0.000000 1.000000
0.404900 -0.082638 -0.910619 -1.737697 0.046250 0.996484 -0.069865 95.767113 0.913191 -0.013828 0.407298 0.726610 0.000000 0.000000 0.000000 1.000000
0.410937 -0.082846 -0.907892 -1.580413 0.045010 0.996492 -0.070558 95.576042 0.910552 -0.011869 0.413224 0.656523 0.000000 0.000000 0.000000 1.000000
0.417271 -0.083040 -0.904980 -1.421732 0.043677 0.996498 -0.071299 95.382256 0.907732 -0.009776 0.419436 0.582466 0.000000 0.000000 0.000000 1.000000
0.423759 -0.083214 -0.901944 -1.252416 0.042278 0.996503 -0.072074 95.188911 0.904788 -0.007590 0.425796 0.506170 0.000000 0.000000 0.000000 1.000000
0.430264 -0.083362 -0.898846 -1.077250 0.040835 0.996505 -0.072872 94.999077 0.901779 -0.005350 0.432164 0.429340 0.000000 0.000000 0.000000 1.000000
0.436646 -0.083484 -0.895751 -0.900797 0.039373 0.996504 -0.073681 94.815933 0.898771 -0.003096 0.438407 0.353737 0.000000 0.000000 0.000000 1.000000
0.442774 -0.083579 -0.892730 -0.727697 0.037915 0.996501 -0.074489 94.642540 0.895831 -0.000866 0.444393 0.281113 0.000000 0.000000 0.000000 1.000000
0.448509 -0.083612 -0.889859 -0.562329 0.036469 0.996498 -0.075251 94.482132 0.893034 0.001299 0.449987 0.213184 0.000000 0.000000 0.000000 1.000000
0.453720 -0.083669 -0.887208 -0.409899 0.035093 0.996488 -0.076028 94.337654 0.890453 0.003361 0.455062 0.151729 0.000000 0.000000 0.000000 1.000000
0.458273 -0.083707 -0.884861 -0.274742 0.033791 0.996476 -0.076765 94.212341 0.888169 0.005279 0.459486 0.098456 0.000000 0.000000 0.000000 1.000000
0.462042 -0.083730 -0.882897 -0.161517 0.032585 0.996464 -0.077448 94.109253 0.886259 0.007015 0.463136 0.055143 0.000000 0.000000 0.000000 1.000000
0.464897 -0.083743 -0.881395 -0.074885 0.031497 0.996451 -0.078062 94.031586 0.884804 0.008530 0.465885 0.023546 0.000000 0.000000 0.000000 1.000000
0.466705 -0.083749 -0.880439 -0.019499 0.030548 0.996439 -0.078590 93.982407 0.883885 0.009783 0.467601 0.005397 0.000000 0.000000 0.000000 1.000000
0.467338 -0.083751 -0.880103 -0.000006 0.030092 0.996433 -0.078842 93.965195 0.883567 0.010362 0.468191 -0.000025 0.000000 0.000000 0.000000 1.000000</float_array><technique_common><accessor source="#Hips-Matrix-animation-output-transform-array" count="97" stride="16"><param type="float4x4"/></accessor></technique_common></source><source id="Hips-Interpolations"><Name_array id="Hips-Interpolations-array" count="97">
 LINEAR LINEAR LINEAR LINEAR LINEAR LINEAR LINEAR LINEAR LINEAR LINEAR LINEAR
LINEAR LINEAR LINEAR LINEAR LINEAR LINEAR LINEAR LINEAR LINEAR LINEAR LINEAR LINEAR
LINEAR LINEAR LINEAR LINEAR LINEAR LINEAR LINEAR LINEAR LINEAR LINEAR LINEAR LINEAR
LINEAR LINEAR LINEAR LINEAR LINEAR LINEAR LINEAR LINEAR LINEAR LINEAR LINEAR LINEAR
LINEAR LINEAR LINEAR LINEAR LINEAR LINEAR LINEAR LINEAR LINEAR LINEAR LINEAR LINEAR
LINEAR LINEAR LINEAR LINEAR LINEAR LINEAR LINEAR LINEAR LINEAR LINEAR LINEAR LINEAR
LINEAR LINEAR LINEAR LINEAR LINEAR LINEAR LINEAR LINEAR LINEAR LINEAR LINEAR LINEAR
LINEAR LINEAR LINEAR LINEAR LINEAR LINEAR LINEAR LINEAR LINEAR LINEAR LINEAR LINEAR
LINEAR LINEAR</Name_array><technique_common><accessor source="#Hips-Interpolations-array" count="97"><param type="name"/></accessor></technique_common></source><sampler id="Hips-Matrix-animation-transform"><input semantic="INPUT" source="#Hips-Matrix-animation-input"/><input semantic="OUTPUT" source="#Hips-Matrix-animation-output-transform"/><input semantic="INTERPOLATION" source="#Hips-Interpolations"/></sampler><channel source="#Hips-Matrix-animation-transform" target="Hips/matrix"/></animation>
    <animation id="Spine-anim" name="Spine"><source id="Spine-Matrix-animation-input"><float_array id="Spine-Matrix-animation-input-array" count="97">

0.000000 0.033333 0.066667 0.100000 0.133333 0.166667 0.200000 0.233333 0.266667 0.300000 0.333333 0.366667 0.400000 0.433333 0.466667 0.500000
0.533333 0.566667 0.600000 0.633333 0.666667 0.700000 0.733333 0.766667 0.800000 0.833333 0.866667 0.900000 0.933333 0.966667 1.000000 1.033333
1.066667 1.100000 1.133333 1.166667 1.200000 1.233333 1.266667 1.300000 1.333333 1.366667 1.400000 1.433333 1.466667 1.500000 1.533333 1.566667
1.600000 1.633333 1.666667 1.700000 1.733333 1.766667 1.800000 1.833333 1.866667 1.900000 1.933333 1.966667 2.000000 2.033333 2.066667 2.100000
2.133333 2.166667 2.200000 2.233333 2.266667 2.300000 2.333333 2.366667 2.400000 2.433333 2.466667 2.500000 2.533333 2.566667 2.600000 2.633333
2.666667 2.700000 2.733333 2.766667 2.800000 2.833333 2.866667 2.900000 2.933333 2.966667 3.000000 3.033333 3.066667 3.100000 3.133333 3.166667
3.200000</float_array><technique_common><accessor source="#Spine-Matrix-animation-input-array" count="97"><param name="TIME" type="float"/></accessor></technique_common></source><source id="Spine-Matrix-animation-output-transform"><float_array id="Spine-Matrix-animation-output-transform-array" count="1552">

0.997185 0.074812 -0.005013 -0.000000 -0.073541 0.962819 -0.259943 10.181600 -0.014620 0.259580 0.965611 0.131500 0.000000 0.000000 0.000000 1.000000
0.997134 0.075510 -0.004733 0.000000 -0.074151 0.962937 -0.259334 10.181600 -0.015025 0.258942 0.965776 0.131500 0.000000 0.000000 0.000000 1.000000
0.997009 0.077187 -0.004014 -0.000000 -0.075614 0.963303 -0.257547 10.181600 -0.016013 0.257080 0.966257 0.131500 0.000000 0.000000 0.000000 1.000000
0.996815 0.079686 -0.003099 0.000000 -0.077846 0.963897 -0.254643 10.181600 -0.017304 0.254073 0.967030 0.131500 0.000000 0.000000 0.000000 1.000000
0.996582 0.082574 -0.002211 -0.000000 -0.080490 0.964717 -0.250683 10.181600 -0.018567 0.250004 0.968067 0.131500 0.000000 0.000000 0.000000 1.000000
0.996325 0.085639 -0.001580 0.000000 -0.083400 0.965747 -0.245716 10.181600 -0.019517 0.244945 0.969341 0.131500 0.000000 0.000000 0.000000 1.000000
0.996068 0.088583 -0.001392 0.000000 -0.086331 0.966976 -0.239799 10.181600 -0.019896 0.238976 0.970822 0.131500 0.000000 0.000000 0.000000 1.000000
0.995838 0.091125 -0.001615 0.000000 -0.088992 0.968396 -0.233001 10.181600 -0.019668 0.232175 0.972475 0.131500 0.000000 0.000000 0.000000 1.000000
0.995649 0.093161 -0.002035 0.000000 -0.091221 0.969984 -0.225410 10.181600 -0.019026 0.224615 0.974262 0.131500 0.000000 0.000000 0.000000 1.000000
0.995584 0.093834 -0.002836 0.000000 -0.092209 0.971789 -0.217078 10.181600 -0.017614 0.216381 0.976150 0.131500 0.000000 0.000000 0.000000 1.000000
0.995584 0.093810 -0.003560 0.000000 -0.092494 0.973719 -0.208126 10.181600 -0.016058 0.207537 0.978095 0.131500 0.000000 0.000000 0.000000 1.000000
0.995665 0.092897 -0.004534 -0.000000 -0.091944 0.975759 -0.198594 10.181600 -0.014025 0.198150 0.980071 0.131500 0.000000 0.000000 0.000000 1.000000
0.995812 0.091256 -0.005556 -0.000000 -0.090663 0.977862 -0.188590 10.181600 -0.011777 0.188304 0.982040 0.131500 0.000000 0.000000 0.000000 1.000000
0.996074 0.088259 -0.006780 -0.000000 -0.088052 0.980052 -0.178168 10.181600 -0.009080 0.178066 0.983977 0.131500 0.000000 0.000000 0.000000 1.000000
0.996554 0.082493 -0.008624 0.000000 -0.082771 0.982411 -0.167384 10.181600 -0.005336 0.167521 0.985854 0.131500 0.000000 0.000000 0.000000 1.000000
0.996951 0.077230 -0.011186 0.000000 -0.078029 0.984619 -0.156326 10.181600 -0.001059 0.156722 0.987642 0.131500 0.000000 0.000000 0.000000 1.000000
0.997121 0.074688 -0.013117 0.000000 -0.075802 0.986500 -0.145163 10.181600 0.002098 0.145740 0.989321 0.131500 0.000000 0.000000 0.000000 1.000000
0.997177 0.074005 -0.012728 -0.000000 -0.075045 0.988123 -0.134092 10.181600 0.002653 0.134668 0.990887 0.131500 0.000000 0.000000 0.000000 1.000000
0.997210 0.073980 -0.010002 -0.000000 -0.074649 0.989572 -0.123185 10.181600 0.000785 0.123588 0.992333 0.131500 0.000000 0.000000 0.000000 1.000000
0.997263 0.073523 -0.007860 -0.000000 -0.073941 0.990918 -0.112314 10.181600 -0.000469 0.112587 0.993642 0.131500 0.000000 0.000000 0.000000 1.000000
0.997376 0.072086 -0.006723 0.000000 -0.072396 0.992196 -0.101522 10.181600 -0.000648 0.101742 0.994811 0.131500 0.000000 0.000000 0.000000 1.000000
0.997558 0.069710 -0.004227 0.000000 -0.069805 0.993396 -0.091059 10.181600 -0.002149 0.091132 0.995837 0.131500 0.000000 0.000000 0.000000 1.000000
0.997753 0.066981 -0.001279 0.000000 -0.066865 0.994474 -0.080931 10.181600 -0.004149 0.080835 0.996719 0.131500 0.000000 0.000000 0.000000 1.000000
0.997921 0.064414 0.002037 -0.000000 -0.064106 0.995399 -0.071213 10.181600 -0.006614 0.070935 0.997459 0.131500 0.000000 0.000000 0.000000 1.000000
0.998071 0.061816 0.005674 0.000000 -0.061347 0.996190 -0.061978 10.181600 -0.009483 0.061511 0.998061 0.131500 0.000000 0.000000 0.000000 1.000000
0.998169 0.059736 0.009551 0.000000 -0.059146 0.996825 -0.053307 10.181600 -0.012705 0.052645 0.998532 0.131500 0.000000 0.000000 0.000000 1.000000
0.998189 0.058614 0.013563 0.000000 -0.057946 0.997292 -0.045289 10.181600 -0.016181 0.044421 0.998882 0.131500 0.000000 0.000000 0.000000 1.000000
0.998120 0.058697 0.017631 -0.000000 -0.057994 0.997593 -0.038016 10.181600 -0.019820 0.036922 0.999122 0.131500 0.000000 0.000000 0.000000 1.000000
0.997989 0.059531 0.021759 -0.000000 -0.058829 0.997769 -0.031571 10.181600 -0.023590 0.030227 0.999265 0.131500 0.000000 0.000000 0.000000 1.000000
0.997811 0.060844 0.025922 0.000000 -0.060115 0.997797 -0.028053 10.181600 -0.027572 0.026433 0.999270 0.131500 0.000000 0.000000 0.000000 1.000000
0.997586 0.062583 0.030085 0.000000 -0.061786 0.997731 -0.026736 10.181600 -0.031690 0.024813 0.999190 0.131500 0.000000 0.000000 0.000000 1.000000
0.997341 0.064332 0.034226 0.000000 -0.063470 0.997653 -0.025707 10.181600 -0.035799 0.023467 0.999083 0.131500 0.000000 0.000000 0.000000 1.000000
0.997054 0.066469 0.038274 -0.000000 -0.065524 0.997527 -0.025422 10.181600 -0.039869 0.022839 0.998944 0.131500 0.000000 0.000000 0.000000 1.000000
0.996751 0.068591 0.042216 -0.000000 -0.067556 0.997390 -0.025481 10.181600 -0.043853 0.022546 0.998784 0.131500 0.000000 0.000000 0.000000 1.000000
0.996406 0.071162 0.045954 0.000000 -0.070042 0.997217 -0.025536 10.181600 -0.047644 0.022225 0.998617 0.131500 0.000000 0.000000 0.000000 1.000000
0.996045 0.073803 0.049464 -0.000000 -0.072566 0.997015 -0.026372 10.181600 -0.051262 0.022678 0.998428 0.131500 0.000000 0.000000 0.000000 1.000000
0.995673 0.076530 0.052713 0.000000 -0.075198 0.996808 -0.026818 10.181600 -0.054598 0.022738 0.998250 0.131500 0.000000 0.000000 0.000000 1.000000
0.995304 0.079173 0.055683 -0.000000 -0.077801 0.996619 -0.026400 10.181600 -0.057585 0.021944 0.998099 0.131500 0.000000 0.000000 0.000000 1.000000
0.995031 0.080629 0.058416 0.000000 -0.079262 0.996532 -0.025343 10.181600 -0.060257 0.020587 0.997971 0.131500 0.000000 0.000000 0.000000 1.000000
0.994899 0.080400 0.060926 -0.000000 -0.079065 0.996580 -0.024022 10.181600 -0.062649 0.019082 0.997853 0.131500 0.000000 0.000000 0.000000 1.000000
0.994878 0.079319 0.062658 0.000000 -0.078030 0.996691 -0.022770 10.181600 -0.064257 0.017764 0.997775 0.131500 0.000000 0.000000 0.000000 1.000000
0.994987 0.077693 0.062961 0.000000 -0.076443 0.996831 -0.022026 10.181600 -0.064473 0.017103 0.997773 0.131500 0.000000 0.000000 0.000000 1.000000
0.995123 0.076001 0.062876 -0.000000 -0.074739 0.996956 -0.022200 10.181600 -0.064372 0.017392 0.997774 0.131500 0.000000 0.000000 0.000000 1.000000
0.995253 0.074620 0.062472 0.000000 -0.073323 0.997047 -0.022807 10.181600 -0.063990 0.018118 0.997786 0.131500 0.000000 0.000000 0.000000 1.000000
0.995346 0.073930 0.061811 0.000000 -0.072589 0.997081 -0.023668 10.181600 -0.063380 0.019071 0.997807 0.131500 0.000000 0.000000 0.000000 1.000000
0.995378 0.074210 0.060962 0.000000 -0.072828 0.997041 -0.024592 10.181600 -0.062607 0.020038 0.997837 0.131500 0.000000 0.000000 0.000000 1.000000
0.995357 0.075395 0.059836 -0.000000 -0.073995 0.996938 -0.025275 10.181600 -0.061558 0.020730 0.997888 0.131500 0.000000 0.000000 0.000000 1.000000
0.995314 0.076866 0.058666 0.000000 -0.075471 0.996818 -0.025642 10.181600 -0.060451 0.021095 0.997948 0.131500 0.000000 0.000000 0.000000 1.000000
0.995253 0.078429 0.057617 0.000000 -0.077075 0.996703 -0.025368 10.181600 -0.059417 0.020806 0.998016 0.131500 0.000000 0.000000 0.000000 1.000000
0.995184 0.079893 0.056802 -0.000000 -0.078582 0.996595 -0.024957 10.181600 -0.058603 0.020373 0.998073 0.131500 0.000000 0.000000 0.000000 1.000000
0.995154 0.080840 0.055984 0.000000 -0.079537 0.996515 -0.025130 10.181600 -0.057820 0.020555 0.998115 0.131500 0.000000 0.000000 0.000000 1.000000
0.995187 0.081131 0.054958 0.000000 -0.079773 0.996461 -0.026476 10.181600 -0.056911 0.021964 0.998138 0.131500 0.000000 0.000000 0.000000 1.000000
0.995270 0.081121 0.053457 0.000000 -0.079672 0.996407 -0.028717 10.181600 -0.055594 0.024322 0.998157 0.131500 0.000000 0.000000 0.000000 1.000000
0.995384 0.080965 0.051539 -0.000000 -0.079436 0.996356 -0.031056 10.181600 -0.053865 0.026818 0.998188 0.131500 0.000000 0.000000 0.000000 1.000000
0.995532 0.080728 0.048973 0.000000 -0.079147 0.996303 -0.033405 10.181600 -0.051488 0.029380 0.998241 0.131500 0.000000 0.000000 0.000000 1.000000
0.995689 0.080480 0.046119 0.000000 -0.078896 0.996262 -0.035187 10.181600 -0.048779 0.031397 0.998316 0.131500 0.000000 0.000000 0.000000 1.000000
0.995810 0.080349 0.043655 -0.000000 -0.078768 0.996214 -0.036798 10.181600 -0.046446 0.033205 0.998369 0.131500 0.000000 0.000000 0.000000 1.000000
0.995930 0.080264 0.041005 0.000000 -0.078700 0.996157 -0.038431 10.181600 -0.043932 0.035047 0.998420 0.131500 0.000000 0.000000 0.000000 1.000000
0.996018 0.080382 0.038565 0.000000 -0.078838 0.996084 -0.040011 10.181600 -0.041630 0.036811 0.998455 0.131500 0.000000 0.000000 0.000000 1.000000
0.996035 0.080885 0.037030 -0.000000 -0.079330 0.995976 -0.041698 10.181600 -0.040253 0.038595 0.998444 0.131500 0.000000 0.000000 0.000000 1.000000
0.995997 0.081886 0.035831 0.000000 -0.080306 0.995820 -0.043521 10.181600 -0.039245 0.040470 0.998410 0.131500 0.000000 0.000000 0.000000 1.000000
0.995904 0.083607 0.034416 -0.000000 -0.081984 0.995565 -0.046147 10.181600 -0.038122 0.043136 0.998342 0.131500 0.000000 0.000000 0.000000 1.000000
0.995752 0.086033 0.032820 -0.000000 -0.084248 0.995067 -0.052374 10.181600 -0.037164 0.049386 0.998088 0.131500 0.000000 0.000000 0.000000 1.000000
0.995556 0.088833 0.031253 -0.000000 -0.086877 0.994460 -0.059170 10.181600 -0.036336 0.056192 0.997759 0.131500 0.000000 0.000000 0.000000 1.000000
0.995346 0.091615 0.029874 -0.000000 -0.089473 0.993766 -0.066504 10.181600 -0.035780 0.063522 0.997339 0.131500 0.000000 0.000000 0.000000 1.000000
0.995101 0.094520 0.028970 0.000000 -0.092152 0.992963 -0.074378 10.181600 -0.035797 0.071344 0.996809 0.131500 0.000000 0.000000 0.000000 1.000000
0.994843 0.097741 0.027087 -0.000000 -0.095214 0.992021 -0.082639 10.181600 -0.034948 0.079634 0.996211 0.131500 0.000000 0.000000 0.000000 1.000000
0.994584 0.101199 0.023685 -0.000000 -0.098656 0.990934 -0.091192 10.181600 -0.032699 0.088362 0.995552 0.131500 0.000000 0.000000 0.000000 1.000000
0.994311 0.104706 0.019553 0.000000 -0.102254 0.989713 -0.100058 10.181600 -0.029829 0.097489 0.994789 0.131500 0.000000 0.000000 0.000000 1.000000
0.993989 0.108448 0.014977 0.000000 -0.106184 0.988329 -0.109232 10.181600 -0.026648 0.106985 0.993903 0.131500 0.000000 0.000000 0.000000 1.000000
0.993563 0.112821 0.010232 0.000000 -0.110822 0.986724 -0.118715 10.181600 -0.023489 0.116817 0.992876 0.131500 0.000000 0.000000 0.000000 1.000000
0.993027 0.117752 0.005640 0.000000 -0.116058 0.984896 -0.128495 10.181600 -0.020685 0.126944 0.991694 0.131500 0.000000 0.000000 0.000000 1.000000
0.992395 0.123088 0.001509 0.000000 -0.121693 0.982846 -0.138578 10.181600 -0.018540 0.137340 0.990350 0.131500 0.000000 0.000000 0.000000 1.000000
0.991696 0.128592 -0.001814 0.000000 -0.127425 0.980597 -0.148973 10.181600 -0.017378 0.147967 0.988840 0.131500 0.000000 0.000000 0.000000 1.000000
0.990980 0.133949 -0.003949 0.000000 -0.132856 0.978183 -0.159713 10.181600 -0.017530 0.158797 0.987156 0.131500 0.000000 0.000000 0.000000 1.000000
0.990305 0.138825 -0.004794 0.000000 -0.137598 0.975651 -0.170798 10.181600 -0.019034 0.169801 0.985294 0.131500 0.000000 0.000000 0.000000 1.000000
0.989713 0.142983 -0.004890 0.000000 -0.141474 0.973042 -0.182139 10.181600 -0.021285 0.180957 0.983261 0.131500 0.000000 0.000000 0.000000 1.000000
0.989283 0.145933 -0.004789 0.000000 -0.144090 0.970437 -0.193621 10.181600 -0.023608 0.192236 0.981065 0.131500 0.000000 0.000000 0.000000 1.000000
0.989046 0.147536 -0.004559 -0.000000 -0.145323 0.967869 -0.205210 10.181600 -0.025863 0.203624 0.978707 0.131500 0.000000 0.000000 0.000000 1.000000
0.989042 0.147563 -0.004653 -0.000000 -0.145052 0.965379 -0.216804 10.181600 -0.027500 0.215103 0.976204 0.131500 0.000000 0.000000 0.000000 1.000000
0.989242 0.146205 -0.004978 0.000000 -0.143493 0.963146 -0.227508 10.181600 -0.028468 0.225775 0.973763 0.131500 0.000000 0.000000 0.000000 1.000000
0.989614 0.143650 -0.005337 0.000000 -0.140808 0.961227 -0.237100 10.181600 -0.028930 0.235389 0.971471 0.131500 0.000000 0.000000 0.000000 1.000000
0.990120 0.140105 -0.005710 -0.000000 -0.137229 0.959818 -0.244782 10.181600 -0.028814 0.243147 0.969561 0.131500 0.000000 0.000000 0.000000 1.000000
0.990727 0.135735 -0.006059 0.000000 -0.132938 0.959174 -0.249624 10.181600 -0.028071 0.248115 0.968324 0.131500 0.000000 0.000000 0.000000 1.000000
0.991387 0.130810 -0.006394 0.000000 -0.128159 0.958931 -0.253036 10.181600 -0.026968 0.251676 0.967436 0.131500 0.000000 0.000000 0.000000 1.000000
0.991991 0.126125 -0.006746 -0.000000 -0.123652 0.958884 -0.255443 10.181600 -0.025749 0.254232 0.966801 0.131500 0.000000 0.000000 0.000000 1.000000
0.992720 0.120245 -0.006929 0.000000 -0.117976 0.959178 -0.257020 10.181600 -0.024259 0.255967 0.966381 0.131500 0.000000 0.000000 0.000000 1.000000
0.993423 0.114286 -0.007029 0.000000 -0.112225 0.959649 -0.257835 10.181600 -0.022721 0.256928 0.966163 0.131500 0.000000 0.000000 0.000000 1.000000
0.994090 0.108330 -0.006998 0.000000 -0.106452 0.960174 -0.258329 10.181600 -0.021265 0.257548 0.966032 0.131500 0.000000 0.000000 0.000000 1.000000
0.994724 0.102356 -0.006823 0.000000 -0.100630 0.960701 -0.258702 10.181600 -0.019925 0.258024 0.965933 0.131500 0.000000 0.000000 0.000000 1.000000
0.995311 0.096501 -0.006526 -0.000000 -0.094893 0.961210 -0.258980 10.181600 -0.018719 0.258385 0.965861 0.131500 0.000000 0.000000 0.000000 1.000000
0.995843 0.090882 -0.006169 -0.000000 -0.089370 0.961686 -0.259179 10.181600 -0.017623 0.258653 0.965810 0.131500 0.000000 0.000000 0.000000 1.000000
0.996309 0.085641 -0.005750 0.000000 -0.084198 0.962110 -0.259334 10.181600 -0.016677 0.258861 0.965771 0.131500 0.000000 0.000000 0.000000 1.000000
0.996708 0.080898 -0.005361 -0.000000 -0.079515 0.962474 -0.259462 10.181600 -0.015830 0.259035 0.965738 0.131500 0.000000 0.000000 0.000000 1.000000
0.996988 0.077395 -0.005079 0.000000 -0.076057 0.962720 -0.259589 10.181600 -0.015201 0.259193 0.965706 0.131500 0.000000 0.000000 0.000000 1.000000
0.997133 0.075509 -0.004971 -0.000000 -0.074205 0.962824 -0.259739 10.181600 -0.014827 0.259363 0.965666 0.131500 0.000000 0.000000 0.000000 1.000000
0.997185 0.074819 -0.004949 0.000000 -0.073531 0.962819 -0.259949 10.181600 -0.014684 0.259581 0.965610 0.131500 0.000000 0.000000 0.000000 1.000000</float_array><technique_common><accessor source="#Spine-Matrix-animation-output-transform-array" count="97" stride="16"><param type="float4x4"/></accessor></technique_common></source><source id="Spine-Interpolations"><Name_array id="Spine-Interpolations-array" count="97">
 LINEAR LINEAR LINEAR LINEAR LINEAR LINEAR LINEAR LINEAR LINEAR LINEAR LINEAR
LINEAR LINEAR LINEAR LINEAR LINEAR LINEAR LINEAR LINEAR LINEAR LINEAR LINEAR LINEAR
LINEAR LINEAR LINEAR LINEAR LINEAR LINEAR LINEAR LINEAR LINEAR LINEAR LINEAR LINEAR
LINEAR LINEAR LINEAR LINEAR LINEAR LINEAR LINEAR LINEAR LINEAR LINEAR LINEAR LINEAR
LINEAR LINEAR LINEAR LINEAR LINEAR LINEAR LINEAR LINEAR LINEAR LINEAR LINEAR LINEAR
LINEAR LINEAR LINEAR LINEAR LINEAR LINEAR LINEAR LINEAR LINEAR LINEAR LINEAR LINEAR
LINEAR LINEAR LINEAR LINEAR LINEAR LINEAR LINEAR LINEAR LINEAR LINEAR LINEAR LINEAR
LINEAR LINEAR LINEAR LINEAR LINEAR LINEAR LINEAR LINEAR LINEAR LINEAR LINEAR LINEAR
LINEAR LINEAR</Name_array><technique_common><accessor source="#Spine-Interpolations-array" count="97"><param type="name"/></accessor></technique_common></source><sampler id="Spine-Matrix-animation-transform"><input semantic="INPUT" source="#Spine-Matrix-animation-input"/><input semantic="OUTPUT" source="#Spine-Matrix-animation-output-transform"/><input semantic="INTERPOLATION" source="#Spine-Interpolations"/></sampler><channel source="#Spine-Matrix-animation-transform" target="Spine/matrix"/></animation>
    <animation id="Spine1-anim" name="Spine1"><source id="Spine1-Matrix-animation-input"><float_array id="Spine1-Matrix-animation-input-array" count="97">

0.000000 0.033333 0.066667 0.100000 0.133333 0.166667 0.200000 0.233333 0.266667 0.300000 0.333333 0.366667 0.400000 0.433333 0.466667 0.500000
0.533333 0.566667 0.600000 0.633333 0.666667 0.700000 0.733333 0.766667 0.800000 0.833333 0.866667 0.900000 0.933333 0.966667 1.000000 1.033333
1.066667 1.100000 1.133333 1.166667 1.200000 1.233333 1.266667 1.300000 1.333333 1.366667 1.400000 1.433333 1.466667 1.500000 1.533333 1.566667
1.600000 1.633333 1.666667 1.700000 1.733333 1.766667 1.800000 1.833333 1.866667 1.900000 1.933333 1.966667 2.000000 2.033333 2.066667 2.100000
2.133333 2.166667 2.200000 2.233333 2.266667 2.300000 2.333333 2.366667 2.400000 2.433333 2.466667 2.500000 2.533333 2.566667 2.600000 2.633333
2.666667 2.700000 2.733333 2.766667 2.800000 2.833333 2.866667 2.900000 2.933333 2.966667 3.000000 3.033333 3.066667 3.100000 3.133333 3.166667
3.200000</float_array><technique_common><accessor source="#Spine1-Matrix-animation-input-array" count="97"><param name="TIME" type="float"/></accessor></technique_common></source><source id="Spine1-Matrix-animation-output-transform"><float_array id="Spine1-Matrix-animation-output-transform-array" count="1552">

0.998761 0.048762 0.009957 0.000000 -0.047491 0.993618 -0.102313 10.083500 -0.014882 0.101713 0.994702 -1.000800 0.000000 0.000000 0.000000 1.000000
0.998762 0.048750 0.009875 0.000000 -0.047491 0.993641 -0.102087 10.083500 -0.014789 0.101492 0.994726 -1.000800 0.000000 0.000000 0.000000 1.000000
0.998768 0.048701 0.009551 0.000000 -0.047484 0.993708 -0.101435 10.083500 -0.014430 0.100856 0.994796 -1.000800 0.000000 0.000000 0.000000 1.000000
0.998776 0.048623 0.009035 0.000000 -0.047473 0.993814 -0.100398 10.083500 -0.013861 0.099847 0.994906 -1.000800 0.000000 0.000000 0.000000 1.000000
0.998787 0.048520 0.008350 0.000000 -0.047457 0.993955 -0.099000 10.083500 -0.013103 0.098484 0.995052 -1.000800 0.000000 0.000000 0.000000 1.000000
0.998803 0.048326 0.007522 -0.000000 -0.047367 0.994132 -0.097257 10.083500 -0.012178 0.096784 0.995231 -1.000800 0.000000 0.000000 0.000000 1.000000
0.998833 0.047886 0.006330 0.000000 -0.047068 0.994347 -0.095180 10.083500 -0.010852 0.094771 0.995440 -1.000800 0.000000 0.000000 0.000000 1.000000
0.998880 0.047020 0.005295 -0.000000 -0.046327 0.994606 -0.092809 10.083500 -0.009630 0.092460 0.995670 -1.000800 0.000000 0.000000 0.000000 1.000000
0.998955 0.045466 0.004726 0.000000 -0.044856 0.994915 -0.090178 10.083500 -0.008802 0.089872 0.995914 -1.000800 0.000000 0.000000 0.000000 1.000000
0.999095 0.042325 0.004119 -0.000000 -0.041805 0.995307 -0.087277 10.083500 -0.007793 0.087026 0.996176 -1.000800 0.000000 0.000000 0.000000 1.000000
0.999237 0.038830 0.004176 -0.000000 -0.038342 0.995714 -0.084163 10.083500 -0.007426 0.083939 0.996443 -1.000800 0.000000 0.000000 0.000000 1.000000
0.999383 0.034893 0.004054 0.000000 -0.034452 0.996133 -0.080825 10.083500 -0.006859 0.080636 0.996720 -1.000800 0.000000 0.000000 0.000000 1.000000
0.999497 0.031481 0.003926 -0.000000 -0.031083 0.996523 -0.077308 10.083500 -0.006346 0.077147 0.996999 -1.000800 0.000000 0.000000 0.000000 1.000000
0.999583 0.028697 0.003236 -0.000000 -0.028381 0.996882 -0.073626 10.083500 -0.005339 0.073504 0.997281 -1.000800 0.000000 0.000000 0.000000 1.000000
0.999628 0.027245 0.001349 0.000000 -0.027085 0.997194 -0.069792 10.083500 -0.003247 0.069729 0.997561 -1.000800 0.000000 0.000000 0.000000 1.000000
0.999660 0.026038 -0.001674 0.000000 -0.026092 0.997490 -0.065825 10.083500 -0.000044 0.065846 0.997830 -1.000800 0.000000 0.000000 0.000000 1.000000
0.999673 0.025308 -0.003633 -0.000000 -0.025484 0.997763 -0.061806 10.083500 0.002060 0.061879 0.998082 -1.000800 0.000000 0.000000 0.000000 1.000000
0.999667 0.025569 -0.003516 0.000000 -0.025730 0.997997 -0.057784 10.083500 0.002032 0.057855 0.998323 -1.000800 0.000000 0.000000 0.000000 1.000000
0.999659 0.025964 -0.002882 0.000000 -0.026082 0.998214 -0.053742 10.083500 0.001482 0.053799 0.998551 -1.000800 0.000000 0.000000 0.000000 1.000000
0.999664 0.025808 -0.002389 0.000000 -0.025894 0.998429 -0.049685 10.083500 0.001103 0.049730 0.998762 -1.000800 0.000000 0.000000 0.000000 1.000000
0.999676 0.025374 -0.001908 0.000000 -0.025435 0.998634 -0.045642 10.083500 0.000747 0.045675 0.998956 -1.000800 0.000000 0.000000 0.000000 1.000000
0.999690 0.024877 -0.001029 0.000000 -0.024899 0.998822 -0.041646 10.083500 -0.000008 0.041658 0.999132 -1.000800 0.000000 0.000000 0.000000 1.000000
0.999703 0.024359 -0.000021 0.000000 -0.024342 0.998992 -0.037714 10.083500 -0.000898 0.037704 0.999289 -1.000800 0.000000 0.000000 0.000000 1.000000
0.999714 0.023894 0.001095 -0.000000 -0.023843 0.999142 -0.033873 10.083500 -0.001903 0.033837 0.999426 -1.000800 0.000000 0.000000 0.000000 1.000000
0.999719 0.023577 0.002288 0.000000 -0.023498 0.999269 -0.030146 10.083500 -0.002997 0.030084 0.999543 -1.000800 0.000000 0.000000 0.000000 1.000000
