<?xml version="1.0" encoding="utf-8"?>
<COLLADA xmlns="http://www.collada.org/2005/11/COLLADASchema" version="1.4.1">
  <asset><contributor><author>Mixamo</author><authoring_tool>COLLADA Mixamo exporter</authoring_tool><comments></comments></contributor><created>2020-08-06T10:55:55Z</created><modified>2020-08-06T10:55:55Z</modified><revision></revision><title></title><unit meter="0.010000"/><up_axis>Y_UP</up_axis></asset>
  <library_animations>
    <animation id="Hips-anim" name="Hips"><source id="Hips-Matrix-animation-input"><float_array id="Hips-Matrix-animation-input-array" count="28">

0.000000 0.033333 0.066667 0.100000 0.133333 0.166667 0.200000 0.233333 0.266667 0.300000 0.333333 0.366667 0.400000 0.433333 0.466667 0.500000
0.533333 0.566667 0.600000 0.633333 0.666667 0.700000 0.733333 0.766667 0.800000 0.833333 0.866667 0.900000</float_array><technique_common><accessor source="#Hips-Matrix-animation-input-array" count="28"><param name="TIME" type="float"/></accessor></technique_common></source><source id="Hips-Matrix-animation-output-transform"><float_array id="Hips-Matrix-animation-output-transform-array" count="448">

0.998763 0.049725 0.000246 -0.000013 -0.049726 0.998751 0.004950 101.797340 0.000000 -0.004956 0.999988 -0.000003 0.000000 0.000000 0.000000 1.000000
0.996708 0.056037 -0.058591 0.037630 -0.054577 0.998165 0.026243 101.779854 0.059954 -0.022959 0.997937 -0.624549 0.000000 0.000000 0.000000 1.000000
0.985248 0.072436 -0.155046 0.232799 -0.065637 0.996662 0.048536 101.680145 0.158045 -0.037643 0.986714 -1.855252 0.000000 0.000000 0.000000 1.000000
0.958049 0.094079 -0.270725 0.548009 -0.084452 0.995317 0.047022 101.488434 0.273881 -0.022186 0.961508 -2.933857 0.000000 0.000000 0.000000 1.000000
0.919149 0.116102 -0.376411 0.964542 -0.112922 0.993133 0.030587 101.232254 0.377378 0.014391 0.925948 -3.699700 0.000000 0.000000 0.000000 1.000000
0.874217 0.133506 -0.466820 1.423586 -0.142050 0.989713 0.017031 100.956696 0.464292 0.051423 0.884188 -4.263969 0.000000 0.000000 0.000000 1.000000
0.831294 0.138961 -0.538182 1.849648 -0.158340 0.987330 0.010356 100.682999 0.532803 0.076607 0.842765 -4.734409 0.000000 0.000000 0.000000 1.000000
0.799911 0.128576 -0.586184 2.189321 -0.149508 0.988677 0.012841 100.278175 0.581197 0.077367 0.810076 -5.054815 0.000000 0.000000 0.000000 1.000000
0.776008 0.110024 -0.621052 2.446739 -0.129035 0.991535 0.014428 99.719879 0.617383 0.068941 0.783636 -5.215851 0.000000 0.000000 0.000000 1.000000
0.744454 0.094362 -0.660972 2.642734 -0.105835 0.994124 0.022721 99.203392 0.659232 0.053039 0.750066 -5.035830 0.000000 0.000000 0.000000 1.000000
0.707016 0.078581 -0.702818 2.707317 -0.076016 0.996494 0.034947 98.827942 0.703100 0.028717 0.710511 -4.835929 0.000000 0.000000 0.000000 1.000000
0.670913 0.065146 -0.738669 2.534876 -0.057307 0.997709 0.035942 98.286652 0.739318 0.018217 0.673109 -5.241022 0.000000 0.000000 0.000000 1.000000
0.646843 0.036946 -0.761728 2.090986 -0.042646 0.999015 0.012240 97.541611 0.761430 0.024567 0.647782 -6.543674 0.000000 0.000000 0.000000 1.000000
0.617679 0.009105 -0.786378 1.664048 -0.017981 0.999835 -0.002547 96.388084 0.786225 0.015713 0.617741 -7.592957 0.000000 0.000000 0.000000 1.000000
0.551817 -0.018688 -0.833756 1.662336 0.014863 0.999810 -0.012573 95.267647 0.833833 -0.005454 0.551990 -8.111748 0.000000 0.000000 0.000000 1.000000
0.460700 -0.045188 -0.886405 1.620875 0.032692 0.998889 -0.033931 94.227631 0.886953 -0.013346 0.461666 -8.298283 0.000000 0.000000 0.000000 1.000000
0.389685 -0.042135 -0.919984 1.276044 0.034435 0.998921 -0.031165 93.313820 0.920304 -0.019535 0.390715 -7.811821 0.000000 0.000000 0.000000 1.000000
0.349877 -0.039053 -0.935981 1.181430 0.035225 0.998973 -0.028513 92.505920 0.936133 -0.022994 0.350893 -6.732583 0.000000 0.000000 0.000000 1.000000
0.327376 -0.039272 -0.944078 1.295045 0.036268 0.998922 -0.028977 91.812119 0.944198 -0.024754 0.328447 -5.457911 0.000000 0.000000 0.000000 1.000000
0.317561 -0.041403 -0.947334 1.495769 0.036797 0.998832 -0.031319 91.482445 0.947524 -0.024914 0.318713 -4.104402 0.000000 0.000000 0.000000 1.000000
0.321817 -0.044998 -0.945732 1.480052 0.036029 0.998729 -0.035259 91.457527 0.946116 -0.022726 0.323029 -2.866099 0.000000 0.000000 0.000000 1.000000
0.346790 -0.050357 -0.936590 1.234246 0.033437 0.998587 -0.041310 91.709686 0.937347 -0.016991 0.347984 -1.684346 0.000000 0.000000 0.000000 1.000000
0.385561 -0.057019 -0.920919 0.912437 0.030070 0.998335 -0.049223 92.279312 0.922192 -0.008713 0.386634 -0.821011 0.000000 0.000000 0.000000 1.000000
0.422025 -0.063931 -0.904327 0.611383 0.027369 0.997954 -0.057777 93.073570 0.906171 -0.000367 0.422911 -0.392775 0.000000 0.000000 0.000000 1.000000
0.440309 -0.071005 -0.895034 0.387550 0.026695 0.997463 -0.065998 93.593239 0.897449 0.005167 0.441087 -0.153485 0.000000 0.000000 0.000000 1.000000
0.453323 -0.077466 -0.887974 0.193819 0.027826 0.996961 -0.072768 93.857323 0.890912 0.008279 0.454101 -0.041061 0.000000 0.000000 0.000000 1.000000
0.462579 -0.082023 -0.882776 0.053197 0.029282 0.996581 -0.077254 93.952576 0.886094 0.009887 0.463400 -0.007527 0.000000 0.000000 0.000000 1.000000
0.467337 -0.083750 -0.880104 -0.000008 0.030091 0.996433 -0.078842 93.965202 0.883567 0.010362 0.468190 -0.000024 0.000000 0.000000 0.000000 1.000000</float_array><technique_common><accessor source="#Hips-Matrix-animation-output-transform-array" count="28" stride="16"><param type="float4x4"/></accessor></technique_common></source><source id="Hips-Interpolations"><Name_array id="Hips-Interpolations-array" count="28">
 LINEAR LINEAR LINEAR LINEAR LINEAR LINEAR LINEAR LINEAR LINEAR LINEAR LINEAR
LINEAR LINEAR LINEAR LINEAR LINEAR LINEAR LINEAR LINEAR LINEAR LINEAR LINEAR LINEAR
LINEAR LINEAR LINEAR LINEAR LINEAR</Name_array><technique_common><accessor source="#Hips-Interpolations-array" count="28"><param type="name"/></accessor></technique_common></source><sampler id="Hips-Matrix-animation-transform"><input semantic="INPUT" source="#Hips-Matrix-animation-input"/><input semantic="OUTPUT" source="#Hips-Matrix-animation-output-transform"/><input semantic="INTERPOLATION" source="#Hips-Interpolations"/></sampler><channel source="#Hips-Matrix-animation-transform" target="Hips/matrix"/></animation>
    <animation id="Spine-anim" name="Spine"><source id="Spine-Matrix-animation-input"><float_array id="Spine-Matrix-animation-input-array" count="28">

0.000000 0.033333 0.066667 0.100000 0.133333 0.166667 0.200000 0.233333 0.266667 0.300000 0.333333 0.366667 0.400000 0.433333 0.466667 0.500000
0.533333 0.566667 0.600000 0.633333 0.666667 0.700000 0.733333 0.766667 0.800000 0.833333 0.866667 0.900000</float_array><technique_common><accessor source="#Spine-Matrix-animation-input-array" count="28"><param name="TIME" type="float"/></accessor></technique_common></source><source id="Spine-Matrix-animation-output-transform"><float_array id="Spine-Matrix-animation-output-transform-array" count="448">

0.999590 -0.014806 -0.024497 0.000000 0.014566 0.999844 -0.009947 10.181600 0.024640 0.009586 0.999650 0.131500 0.000000 0.000000 0.000000 1.000000
0.999543 -0.014830 -0.026328 0.000000 0.013906 0.999293 -0.034942 10.181600 0.026828 0.034560 0.999042 0.131500 0.000000 0.000000 0.000000 1.000000
0.999383 -0.014840 -0.031827 0.000000 0.011923 0.995872 -0.089981 10.181600 0.033031 0.089546 0.995435 0.131500 0.000000 0.000000 0.000000 1.000000
0.999048 -0.014771 -0.041055 0.000000 0.008625 0.989245 -0.146013 10.181600 0.042770 0.145520 0.988430 0.131500 0.000000 0.000000 0.000000 1.000000
0.998247 -0.014868 -0.057282 -0.000000 0.004763 0.984969 -0.172663 10.181600 0.058988 0.172088 0.983314 0.131500 0.000000 0.000000 0.000000 1.000000
0.997218 -0.014307 -0.073150 -0.000000 0.000838 0.983494 -0.180940 10.181600 0.074531 0.180376 0.980770 0.131500 0.000000 0.000000 0.000000 1.000000
0.996097 -0.012876 -0.087326 0.000000 -0.003695 0.982354 -0.186992 10.181600 0.088193 0.186585 0.978472 0.131500 0.000000 0.000000 0.000000 1.000000
0.994991 -0.011981 -0.099241 0.000000 -0.008059 0.979945 -0.199103 10.181600 0.099637 0.198905 0.974941 0.131500 0.000000 0.000000 0.000000 1.000000
0.994664 -0.011663 -0.102501 0.000000 -0.010330 0.977334 -0.211449 10.181600 0.102644 0.211379 0.971999 0.131500 0.000000 0.000000 0.000000 1.000000
0.996211 0.010377 -0.086348 0.000000 -0.028068 0.978091 -0.206275 10.181600 0.082316 0.207917 0.974677 0.131500 0.000000 0.000000 0.000000 1.000000
0.998480 0.039749 -0.038172 0.000000 -0.046259 0.980986 -0.188485 10.181600 0.029954 0.189964 0.981334 0.131500 0.000000 0.000000 0.000000 1.000000
0.998441 0.055181 0.008377 0.000000 -0.052834 0.982824 -0.176820 10.181600 -0.017990 0.176102 0.984208 0.131500 0.000000 0.000000 0.000000 1.000000
0.997844 0.063502 0.016554 0.000000 -0.060228 0.986347 -0.153270 10.181600 -0.026061 0.151943 0.988046 0.131500 0.000000 0.000000 0.000000 1.000000
0.996233 0.086240 -0.009035 -0.000000 -0.086664 0.986797 -0.136827 10.181600 -0.002884 0.137095 0.990554 0.131500 0.000000 0.000000 0.000000 1.000000
0.990997 0.131353 -0.025891 -0.000000 -0.133495 0.984152 -0.116721 10.181600 0.010149 0.119126 0.992827 0.131500 0.000000 0.000000 0.000000 1.000000
0.985363 0.170108 -0.011087 -0.000000 -0.170328 0.979822 -0.104579 10.181600 -0.006927 0.104936 0.994455 0.131500 0.000000 0.000000 0.000000 1.000000
0.983735 0.179557 0.004909 -0.000000 -0.177669 0.976687 -0.120482 10.181600 -0.026428 0.117650 0.992703 0.131500 0.000000 0.000000 0.000000 1.000000
0.984668 0.174435 -0.000712 0.000000 -0.172529 0.973292 -0.151446 10.181600 -0.025725 0.149247 0.988465 0.131500 0.000000 0.000000 0.000000 1.000000
0.985780 0.168042 0.000082 0.000000 -0.165192 0.969151 -0.182912 10.181600 -0.030817 0.180298 0.983129 0.131500 0.000000 0.000000 0.000000 1.000000
0.987082 0.159548 0.014582 0.000000 -0.153133 0.966304 -0.206896 10.181600 -0.047101 0.201991 0.978254 0.131500 0.000000 0.000000 0.000000 1.000000
0.989080 0.145823 0.021341 0.000000 -0.137589 0.965555 -0.220846 10.181600 -0.052811 0.215498 0.975075 0.131500 0.000000 0.000000 0.000000 1.000000
0.991596 0.127778 0.020234 0.000000 -0.119848 0.966199 -0.228246 10.181600 -0.048715 0.223902 0.973393 0.131500 0.000000 0.000000 0.000000 1.000000
0.993938 0.108893 0.015163 -0.000000 -0.102424 0.967242 -0.232278 10.181600 -0.039960 0.229317 0.972531 0.131500 0.000000 0.000000 0.000000 1.000000
0.995554 0.093776 0.008815 0.000000 -0.089051 0.967598 -0.236272 10.181600 -0.030686 0.234437 0.971647 0.131500 0.000000 0.000000 0.000000 1.000000
0.996406 0.084611 0.004043 0.000000 -0.081116 0.966813 -0.242265 10.181600 -0.024407 0.241066 0.970202 0.131500 0.000000 0.000000 0.000000 1.000000
0.996882 0.078908 -0.000557 0.000000 -0.076544 0.965253 -0.249854 10.181600 -0.019178 0.249118 0.968283 0.131500 0.000000 0.000000 0.000000 1.000000
0.997108 0.075912 -0.003693 -0.000000 -0.074314 0.963638 -0.256670 10.181600 -0.015926 0.256202 0.966492 0.131500 0.000000 0.000000 0.000000 1.000000
0.997185 0.074813 -0.005016 0.000000 -0.073542 0.962819 -0.259945 10.181600 -0.014618 0.259582 0.965610 0.131500 0.000000 0.000000 0.000000 1.000000</float_array><technique_common><accessor source="#Spine-Matrix-animation-output-transform-array" count="28" stride="16"><param type="float4x4"/></accessor></technique_common></source><source id="Spine-Interpolations"><Name_array id="Spine-Interpolations-array" count="28">
 LINEAR LINEAR LINEAR LINEAR LINEAR LINEAR LINEAR LINEAR LINEAR LINEAR LINEAR
LINEAR LINEAR LINEAR LINEAR LINEAR LINEAR LINEAR LINEAR LINEAR LINEAR LINEAR LINEAR
LINEAR LINEAR LINEAR LINEAR LINEAR</Name_array><technique_common><accessor source="#Spine-Interpolations-array" count="28"><param type="name"/></accessor></technique_common></source><sampler id="Spine-Matrix-animation-transform"><input semantic="INPUT" source="#Spine-Matrix-animation-input"/><input semantic="OUTPUT" source="#Spine-Matrix-animation-output-transform"/><input semantic="INTERPOLATION" source="#Spine-Interpolations"/></sampler><channel source="#Spine-Matrix-animation-transform" target="Spine/matrix"/></animation>
    <animation id="Spine1-anim" name="Spine1"><source id="Spine1-Matrix-animation-input"><float_array id="Spine1-Matrix-animation-input-array" count="28">

0.000000 0.033333 0.066667 0.100000 0.133333 0.166667 0.200000 0.233333 0.266667 0.300000 0.333333 0.366667 0.400000 0.433333 0.466667 0.500000
0.533333 0.566667 0.600000 0.633333 0.666667 0.700000 0.733333 0.766667 0.800000 0.833333 0.866667 0.900000</float_array><technique_common><accessor source="#Spine1-Matrix-animation-input-array" count="28"><param name="TIME" type="float"/></accessor></technique_common></source><source id="Spine1-Matrix-animation-output-transform"><float_array id="Spine1-Matrix-animation-output-transform-array" count="448">

0.998937 -0.046022 -0.002694 0.000000 0.045975 0.998823 -0.015440 10.083500 0.003402 0.015300 0.999877 -1.000800 0.000000 0.000000 0.000000 1.000000
0.999010 -0.044172 -0.005344 0.000000 0.044045 0.998791 -0.021844 10.083500 0.006302 0.021587 0.999747 -1.000800 0.000000 0.000000 0.000000 1.000000
0.999161 -0.039299 -0.011497 0.000000 0.038863 0.998596 -0.035998 10.083500 0.012896 0.035521 0.999286 -1.000800 0.000000 0.000000 0.000000 1.000000
0.999303 -0.032414 -0.018531 -0.000000 0.031437 0.998214 -0.050794 10.083500 0.020145 0.050176 0.998537 -1.000800 0.000000 0.000000 0.000000 1.000000
0.999365 -0.024796 -0.025592 -0.000000 0.023240 0.997964 -0.059390 10.083500 0.027013 0.058757 0.997907 -1.000800 0.000000 0.000000 0.000000 1.000000
0.999327 -0.017726 -0.032123 0.000000 0.015670 0.997880 -0.063171 10.083500 0.033174 0.062625 0.997486 -1.000800 0.000000 0.000000 0.000000 1.000000
0.999207 -0.012496 -0.037817 0.000000 0.010049 0.997887 -0.064199 10.083500 0.038540 0.063768 0.997220 -1.000800 0.000000 0.000000 0.000000 1.000000
0.999162 -0.009795 -0.039740 0.000000 0.007285 0.997998 -0.062831 10.083500 0.040276 0.062489 0.997233 -1.000800 0.000000 0.000000 0.000000 1.000000
0.999369 -0.007441 -0.034737 0.000000 0.005424 0.998314 -0.057784 10.083500 0.035108 0.057559 0.997725 -1.000800 0.000000 0.000000 0.000000 1.000000
0.999537 -0.007466 -0.029513 -0.000000 0.005737 0.998286 -0.058246 10.083500 0.029897 0.058049 0.997866 -1.000800 0.000000 0.000000 0.000000 1.000000
0.999537 -0.001654 -0.030387 -0.000000 -0.000148 0.998248 -0.059175 10.083500 0.030431 0.059152 0.997785 -1.000800 0.000000 0.000000 0.000000 1.000000
0.999448 0.007261 -0.032413 0.000000 -0.008928 0.998627 -0.051610 10.083500 0.031994 0.051871 0.998141 -1.000800 0.000000 0.000000 0.000000 1.000000
0.999313 0.018372 -0.032201 -0.000000 -0.019782 0.998833 -0.044056 10.083500 0.031354 0.044663 0.998510 -1.000800 0.000000 0.000000 0.000000 1.000000
0.999224 0.032178 -0.022693 0.000000 -0.033075 0.998640 -0.040311 10.083500 0.021365 0.041030 0.998929 -1.000800 0.000000 0.000000 0.000000 1.000000
0.998997 0.044755 -0.001496 0.000000 -0.044779 0.998156 -0.040985 10.083500 -0.000341 0.041011 0.999159 -1.000800 0.000000 0.000000 0.000000 1.000000
0.998446 0.053544 0.015469 0.000000 -0.052951 0.997930 -0.036489 10.083500 -0.017391 0.035613 0.999214 -1.000800 0.000000 0.000000 0.000000 1.000000
0.997718 0.063195 0.023757 0.000000 -0.062179 0.997209 -0.041329 10.083500 -0.026302 0.039757 0.998863 -1.000800 0.000000 0.000000 0.000000 1.000000
0.996944 0.072215 0.029809 0.000000 -0.070499 0.995990 -0.055078 10.083500 -0.033667 0.052809 0.998037 -1.000800 0.000000 0.000000 0.000000 1.000000
0.996527 0.077184 0.031261 0.000000 -0.075037 0.995070 -0.064852 10.083500 -0.036113 0.062281 0.997405 -1.000800 0.000000 0.000000 0.000000 1.000000
0.996541 0.077802 0.029188 0.000000 -0.075510 0.994487 -0.072762 10.083500 -0.034688 0.070307 0.996922 -1.000800 0.000000 0.000000 0.000000 1.000000
0.996660 0.075905 0.030115 0.000000 -0.073171 0.993831 -0.083340 10.083500 -0.036255 0.080858 0.996066 -1.000800 0.000000 0.000000 0.000000 1.000000
0.997133 0.070217 0.028188 0.000000 -0.067283 0.993278 -0.094191 10.083500 -0.034613 0.092024 0.995155 -1.000800 0.000000 0.000000 0.000000 1.000000
0.997846 0.061756 0.022134 0.000000 -0.059160 0.992895 -0.103250 10.083500 -0.028353 0.101718 0.994409 -1.000800 0.000000 0.000000 0.000000 1.000000
0.998431 0.053567 0.016291 0.000000 -0.051474 0.992674 -0.109310 10.083500 -0.022027 0.108300 0.993874 -1.000800 0.000000 0.000000 0.000000 1.000000
0.998636 0.050227 0.014240 0.000000 -0.048361 0.992743 -0.110106 10.083500 -0.019667 0.109267 0.993818 -1.000800 0.000000 0.000000 0.000000 1.000000
0.998722 0.049133 0.011840 0.000000 -0.047590 0.993122 -0.106979 10.083500 -0.017015 0.106278 0.994191 -1.000800 0.000000 0.000000 0.000000 1.000000
0.998736 0.049149 0.010573 0.000000 -0.047796 0.993491 -0.103396 10.083500 -0.015586 0.102760 0.994584 -1.000800 0.000000 0.000000 0.000000 1.000000
0.998755 0.048874 0.009971 -0.000000 -0.047600 0.993612 -0.102315 10.083500 -0.014907 0.101713 0.994702 -1.000800 0.000000 0.000000 0.000000 1.000000</float_array><technique_common><accessor source="#Spine1-Matrix-animation-output-transform-array" count="28" stride="16"><param type="float4x4"/></accessor></technique_common></source><source id="Spine1-Interpolations"><Name_array id="Spine1-Interpolations-array" count="28">
 LINEAR LINEAR LINEAR LINEAR LINEAR LINEAR LINEAR LINEAR LINEAR LINEAR LINEAR
LINEAR LINEAR LINEAR LINEAR LINEAR LINEAR LINEAR LINEAR LINEAR LINEAR LINEAR LINEAR
LINEAR LINEAR LINEAR LINEAR LINEAR</Name_array><technique_common><accessor source="#Spine1-Interpolations-array" count="28"><param type="name"/></accessor></technique_common></source><sampler id="Spine1-Matrix-animation-transform"><input semantic="INPUT" source="#Spine1-Matrix-animation-input"/><input semantic="OUTPUT" source="#Spine1-Matrix-animation-output-transform"/><input semantic="INTERPOLATION" source="#Spine1-Interpolations"/></sampler><channel source="#Spine1-Matrix-animation-transform" target="Spine1/matrix"/></animation>
    <animation id="Spine2-anim" name="Spine2"><source id="Spine2-Matrix-animation-input"><float_array id="Spine2-Matrix-animation-input-array" count="28">

0.000000 0.033333 0.066667 0.100000 0.133333 0.166667 0.200000 0.233333 0.266667 0.300000 0.333333 0.366667 0.400000 0.433333 0.466667 0.500000
0.533333 0.566667 0.600000 0.633333 0.666667 0.700000 0.733333 0.766667 0.800000 0.833333 0.866667 0.900000</float_array><technique_common><accessor source="#Spine2-Matrix-animation-input-array" count="28"><param name="TIME" type="float"/></accessor></technique_common></source><source id="Spine2-Matrix-animation-output-transform"><float_array id="Spine2-Matrix-animation-output-transform-array" count="448">

0.998995 -0.044496 0.005473 -0.000000 0.044575 0.998891 -0.015149 9.100000 -0.004793 0.015378 0.999870 -1.373400 0.000000 0.000000 0.000000 1.000000
0.999076 -0.042967 0.001076 0.000000 0.042980 0.998842 -0.021635 9.100000 -0.000145 0.021661 0.999765 -1.373400 0.000000 0.000000 0.000000 1.000000
0.999211 -0.038769 -0.008567 0.000000 0.038438 0.998615 -0.035936 9.100000 0.009948 0.035578 0.999317 -1.373400 0.000000 0.000000 0.000000 1.000000
0.999305 -0.032496 -0.018285 0.000000 0.031531 0.998210 -0.050824 9.100000 0.019904 0.050212 0.998540 -1.373400 0.000000 0.000000 0.000000 1.000000
0.999362 -0.025117 -0.025405 0.000000 0.023571 0.997954 -0.059425 9.100000 0.026845 0.058789 0.997909 -1.373400 0.000000 0.000000 0.000000 1.000000
0.999327 -0.018243 -0.031824 0.000000 0.016202 0.997867 -0.063236 9.100000 0.032910 0.062677 0.997491 -1.373400 0.000000 0.000000 0.000000 1.000000
0.999213 -0.013150 -0.037423 0.000000 0.010723 0.997872 -0.064309 9.100000 0.038189 0.063857 0.997228 -1.373400 0.000000 0.000000 0.000000 1.000000
0.999169 -0.010489 -0.039378 0.000000 0.007997 0.997987 -0.062907 9.100000 0.039959 0.062540 0.997242 -1.373400 0.000000 0.000000 0.000000 1.000000
0.999373 -0.008097 -0.034467 -0.000000 0.006095 0.998310 -0.057785 9.100000 0.034877 0.057538 0.997734 -1.373400 0.000000 0.000000 0.000000 1.000000
0.999553 -0.007975 -0.028821 0.000000 0.006273 0.998258 -0.058659 9.100000 0.029239 0.058452 0.997862 -1.373400 0.000000 0.000000 0.000000 1.000000
0.999556 -0.002732 -0.029662 -0.000000 0.000962 0.998227 -0.059515 9.100000 0.029772 0.059460 0.997787 -1.373400 0.000000 0.000000 0.000000 1.000000
0.999472 0.005241 -0.032053 0.000000 -0.006903 0.998625 -0.051968 9.100000 0.031737 0.052162 0.998134 -1.373400 0.000000 0.000000 0.000000 1.000000
0.999344 0.016464 -0.032259 0.000000 -0.017905 0.998830 -0.044916 9.100000 0.031482 0.045464 0.998470 -1.373400 0.000000 0.000000 0.000000 1.000000
0.999252 0.031198 -0.022861 0.000000 -0.032118 0.998641 -0.041049 9.100000 0.021549 0.041752 0.998896 -1.373400 0.000000 0.000000 0.000000 1.000000
0.998990 0.044914 -0.001182 0.000000 -0.044925 0.998164 -0.040623 9.100000 -0.000645 0.040635 0.999174 -1.373400 0.000000 0.000000 0.000000 1.000000
0.998408 0.054116 0.015932 0.000000 -0.053526 0.997941 -0.035343 9.100000 -0.017812 0.034434 0.999248 -1.373400 0.000000 0.000000 0.000000 1.000000
0.997649 0.064021 0.024434 0.000000 -0.063019 0.997220 -0.039768 9.100000 -0.026912 0.038135 0.998910 -1.373400 0.000000 0.000000 0.000000 1.000000
0.996801 0.073845 0.030585 -0.000000 -0.072173 0.996006 -0.052572 9.100000 -0.034345 0.050196 0.998149 -1.373400 0.000000 0.000000 0.000000 1.000000
0.996343 0.079451 0.031420 0.000000 -0.077389 0.995062 -0.062154 9.100000 -0.036203 0.059495 0.997572 -1.373400 0.000000 0.000000 0.000000 1.000000
0.996401 0.079753 0.028700 0.000000 -0.077562 0.994476 -0.070720 9.100000 -0.034181 0.068240 0.997083 -1.373400 0.000000 0.000000 0.000000 1.000000
0.996523 0.077842 0.029711 0.000000 -0.075202 0.993834 -0.081482 9.100000 -0.035870 0.078965 0.996232 -1.373400 0.000000 0.000000 0.000000 1.000000
0.996970 0.072513 0.028171 -0.000000 -0.069617 0.993240 -0.092891 9.100000 -0.034716 0.090648 0.995278 -1.373400 0.000000 0.000000 0.000000 1.000000
0.997685 0.064135 0.022623 -0.000000 -0.061492 0.992808 -0.102718 9.100000 -0.029048 0.101089 0.994453 -1.373400 0.000000 0.000000 0.000000 1.000000
0.998299 0.055612 0.017479 0.000000 -0.053380 0.992577 -0.109278 9.100000 -0.023426 0.108159 0.993858 -1.373400 0.000000 0.000000 0.000000 1.000000
0.998524 0.052011 0.015654 0.000000 -0.049976 0.992648 -0.110234 9.100000 -0.021273 0.109289 0.993782 -1.373400 0.000000 0.000000 0.000000 1.000000
0.998636 0.050510 0.013249 0.000000 -0.048807 0.993050 -0.107095 9.100000 -0.018566 0.106302 0.994161 -1.373400 0.000000 0.000000 0.000000 1.000000
0.998667 0.050228 0.011901 0.000000 -0.048734 0.993446 -0.103393 9.100000 -0.017016 0.102675 0.994569 -1.373400 0.000000 0.000000 0.000000 1.000000
0.998694 0.049813 0.011325 0.000000 -0.048399 0.993582 -0.102242 9.100000 -0.016345 0.101560 0.994695 -1.373400 0.000000 0.000000 0.000000 1.000000</float_array><technique_common><accessor source="#Spine2-Matrix-animation-output-transform-array" count="28" stride="16"><param type="float4x4"/></accessor></technique_common></source><source id="Spine2-Interpolations"><Name_array id="Spine2-Interpolations-array" count="28">
 LINEAR LINEAR LINEAR LINEAR LINEAR LINEAR LINEAR LINEAR LINEAR LINEAR LINEAR
LINEAR LINEAR LINEAR LINEAR LINEAR LINEAR LINEAR LINEAR LINEAR LINEAR LINEAR LINEAR
LINEAR LINEAR LINEAR LINEAR LINEAR</Name_array><technique_common><accessor source="#Spine2-Interpolations-array" count="28"><param type="name"/></accessor></technique_common></source><sampler id="Spine2-Matrix-animation-transform"><input semantic="INPUT" source="#Spine2-Matrix-animation-input"/><input semantic="OUTPUT" source="#Spine2-Matrix-animation-output-transform"/><input semantic="INTERPOLATION" source="#Spine2-Interpolations"/></sampler><channel source="#Spine2-Matrix-animation-transform" target="Spine2/matrix"/></animation>
    <animation id="Neck-anim" name="Neck"><source id="Neck-Matrix-animation-input"><float_array id="Neck-Matrix-animation-input-array" count="28">

0.000000 0.033333 0.066667 0.100000 0.133333 0.166667 0.200000 0.233333 0.266667 0.300000 0.333333 0.366667 0.400000 0.433333 0.466667 0.500000
0.533333 0.566667 0.600000 0.633333 0.666667 0.700000 0.733333 0.766667 0.800000 0.833333 0.866667 0.900000</float_array><technique_common><accessor source="#Neck-Matrix-animation-input-array" count="28"><param name="TIME" type="float"/></accessor></technique_common></source><source id="Neck-Matrix-animation-output-transform"><float_array id="Neck-Matrix-animation-output-transform-array" count="448">

0.999975 -0.003112 -0.006332 0.000000 0.002974 0.999760 -0.021688 16.671700 0.006398 0.021668 0.999745 -2.516200 0.000000 0.000000 0.000000 1.000000
0.999990 -0.004532 0.000084 0.000000 0.004533 0.999974 -0.005608 16.671700 -0.000059 0.005609 0.999984 -2.516200 0.000000 0.000000 0.000000 1.000000
0.999923 -0.007411 0.009976 0.000000 0.007338 0.999946 0.007398 16.671700 -0.010030 -0.007324 0.999923 -2.516200 0.000000 0.000000 0.000000 1.000000
0.999729 -0.011060 0.020476 0.000000 0.010726 0.999808 0.016389 16.671700 -0.020653 -0.016165 0.999656 -2.516200 0.000000 0.000000 0.000000 1.000000
0.999465 -0.014746 0.029192 0.000000 0.014100 0.999654 0.022208 16.671700 -0.029509 -0.021785 0.999327 -2.516200 0.000000 0.000000 0.000000 1.000000
0.999155 -0.018551 0.036663 0.000000 0.017644 0.999534 0.024897 16.671700 -0.037108 -0.024229 0.999017 -2.516200 0.000000 0.000000 0.000000 1.000000
0.998834 -0.022572 0.042667 0.000000 0.021476 0.999432 0.025959 16.671700 -0.043228 -0.025013 0.998752 -2.516200 0.000000 0.000000 0.000000 1.000000
0.998511 -0.027592 0.047054 0.000000 0.026303 0.999268 0.027791 16.671700 -0.047786 -0.026512 0.998506 -2.516200 0.000000 0.000000 0.000000 1.000000
0.998192 -0.033100 0.050165 0.000000 0.031778 0.999132 0.026932 16.671700 -0.051013 -0.025289 0.998378 -2.516200 0.000000 0.000000 0.000000 1.000000
0.998253 -0.035562 0.047191 0.000000 0.034491 0.999133 0.023328 16.671700 -0.047980 -0.021659 0.998613 -2.516200 0.000000 0.000000 0.000000 1.000000
0.998385 -0.036772 0.043309 -0.000000 0.035634 0.999006 0.026770 16.671700 -0.044250 -0.025184 0.998703 -2.516200 0.000000 0.000000 0.000000 1.000000
0.998546 -0.034135 0.041718 -0.000000 0.033363 0.999262 0.019049 16.671700 -0.042337 -0.017630 0.998948 -2.516200 0.000000 0.000000 0.000000 1.000000
0.998242 -0.032251 0.049721 0.000000 0.031552 0.999393 0.014778 16.671700 -0.050167 -0.013183 0.998654 -2.516200 0.000000 0.000000 0.000000 1.000000
0.998325 -0.034262 0.046613 0.000000 0.033751 0.999362 0.011709 16.671700 -0.046985 -0.010116 0.998844 -2.516200 0.000000 0.000000 0.000000 1.000000
0.998443 -0.045627 0.032090 -0.000000 0.045219 0.998888 0.013317 16.671700 -0.032661 -0.011845 0.999396 -2.516200 0.000000 0.000000 0.000000 1.000000
0.998165 -0.054338 0.026714 0.000000 0.054128 0.998498 0.008516 16.671700 -0.027136 -0.007055 0.999607 -2.516200 0.000000 0.000000 0.000000 1.000000
0.998315 -0.052777 0.024136 -0.000000 0.052446 0.998524 0.014138 16.671700 -0.024846 -0.012848 0.999609 -2.516200 0.000000 0.000000 0.000000 1.000000
0.998579 -0.049829 0.018871 0.000000 0.049518 0.998635 0.016592 16.671700 -0.019672 -0.015634 0.999684 -2.516200 0.000000 0.000000 0.000000 1.000000
0.998258 -0.054863 0.021696 0.000000 0.054652 0.998453 0.010240 16.671700 -0.022224 -0.009036 0.999712 -2.516200 0.000000 0.000000 0.000000 1.000000
0.997781 -0.059175 0.030518 -0.000000 0.059003 0.998237 0.006520 16.671700 -0.030850 -0.004705 0.999513 -2.516200 0.000000 0.000000 0.000000 1.000000
0.997404 -0.064584 0.031832 0.000000 0.064104 0.997817 0.015886 16.671700 -0.032789 -0.013804 0.999367 -2.516200 0.000000 0.000000 0.000000 1.000000
0.996643 -0.073208 0.036654 -0.000000 0.071885 0.996755 0.036214 16.671700 -0.039187 -0.033457 0.998672 -2.516200 0.000000 0.000000 0.000000 1.000000
0.996027 -0.077819 0.043306 0.000000 0.074974 0.995140 0.063837 16.671700 -0.048063 -0.060337 0.997020 -2.516200 0.000000 0.000000 0.000000 1.000000
0.996096 -0.075310 0.046062 0.000000 0.071145 0.993734 0.086209 16.671700 -0.052265 -0.082595 0.995212 -2.516200 0.000000 0.000000 0.000000 1.000000
0.996544 -0.072646 0.040275 -0.000000 0.068718 0.993426 0.091557 16.671700 -0.046662 -0.088473 0.994985 -2.516200 0.000000 0.000000 0.000000 1.000000
0.996959 -0.070096 0.034057 0.000000 0.067247 0.994634 0.078626 16.671700 -0.039386 -0.076097 0.996322 -2.516200 0.000000 0.000000 0.000000 1.000000
0.997324 -0.067318 0.028512 0.000000 0.065293 0.995626 0.066818 16.671700 -0.032885 -0.064778 0.997358 -2.516200 0.000000 0.000000 0.000000 1.000000
0.997545 -0.065357 0.025156 0.000000 0.063655 0.995958 0.063366 16.671700 -0.029196 -0.061609 0.997673 -2.516200 0.000000 0.000000 0.000000 1.000000</float_array><technique_common><accessor source="#Neck-Matrix-animation-output-transform-array" count="28" stride="16"><param type="float4x4"/></accessor></technique_common></source><source id="Neck-Interpolations"><Name_array id="Neck-Interpolations-array" count="28">
 LINEAR LINEAR LINEAR LINEAR LINEAR LINEAR LINEAR LINEAR LINEAR LINEAR LINEAR
LINEAR LINEAR LINEAR LINEAR LINEAR LINEAR LINEAR LINEAR LINEAR LINEAR LINEAR LINEAR
LINEAR LINEAR LINEAR LINEAR LINEAR</Name_array><technique_common><accessor source="#Neck-Interpolations-array" count="28"><param type="name"/></accessor></technique_common></source><sampler id="Neck-Matrix-animation-transform"><input semantic="INPUT" source="#Neck-Matrix-animation-input"/><input semantic="OUTPUT" source="#Neck-Matrix-animation-output-transform"/><input semantic="INTERPOLATION" source="#Neck-Interpolations"/></sampler><channel source="#Neck-Matrix-animation-transform" target="Neck/matrix"/></animation>
    <animation id="Head-anim" name="Head"><source id="Head-Matrix-animation-input"><float_array id="Head-Matrix-animation-input-array" count="28">

0.000000 0.033333 0.066667 0.100000 0.133333 0.166667 0.200000 0.233333 0.266667 0.300000 0.333333 0.366667 0.400000 0.433333 0.466667 0.500000
0.533333 0.566667 0.600000 0.633333 0.666667 0.700000 0.733333 0.766667 0.800000 0.833333 0.866667 0.900000</float_array><technique_common><accessor source="#Head-Matrix-animation-input-array" count="28"><param name="TIME" type="float"/></accessor></technique_common></source><source id="Head-Matrix-animation-output-transform"><float_array id="Head-Matrix-animation-output-transform-array" count="448">

0.994928 0.100145 0.009483 0.000000 -0.099851 0.994621 -0.027565 9.617900 -0.012193 0.026478 0.999575 1.685000 0.000000 0.000000 0.000000 1.000000
0.992891 0.099147 0.065862 -0.000000 -0.097800 0.994931 -0.023384 9.617900 -0.067846 0.016777 0.997555 1.685000 0.000000 0.000000 0.000000 1.000000
0.981648 0.087340 0.169527 0.000000 -0.093348 0.995246 0.027784 9.617900 -0.166294 -0.043099 0.985134 1.685000 0.000000 0.000000 0.000000 1.000000
0.954359 0.064380 0.291641 0.000000 -0.097968 0.989943 0.102056 9.617900 -0.282138 -0.125969 0.951068 1.685000 0.000000 0.000000 0.000000 1.000000
0.915376 0.033690 0.401187 0.000000 -0.102350 0.983227 0.150960 9.617900 -0.389372 -0.179247 0.903471 1.685000 0.000000 0.000000 0.000000 1.000000
0.870757 0.009508 0.491621 0.000000 -0.107874 0.979150 0.172130 9.617900 -0.479735 -0.202916 0.853627 1.685000 0.000000 0.000000 0.000000 1.000000
0.826847 0.006909 0.562384 0.000000 -0.126762 0.976486 0.174377 9.617900 -0.547955 -0.215472 0.808280 1.685000 0.000000 0.000000 0.000000 1.000000
0.789363 0.045559 0.612234 0.000000 -0.174797 0.972646 0.152990 9.617900 -0.588516 -0.227781 0.775735 1.685000 0.000000 0.000000 0.000000 1.000000
0.757877 0.098121 0.644976 0.000000 -0.234107 0.963684 0.128481 9.617900 -0.608946 -0.248366 0.753325 1.685000 0.000000 0.000000 0.000000 1.000000
0.746169 0.117830 0.655247 0.000000 -0.242021 0.964885 0.102093 9.617900 -0.620208 -0.234762 0.748485 1.685000 0.000000 0.000000 0.000000 1.000000
0.761097 0.129493 0.635581 0.000000 -0.226602 0.971212 0.073478 9.617900 -0.607769 -0.199947 0.768530 1.685000 0.000000 0.000000 0.000000 1.000000
0.780471 0.124277 0.612715 0.000000 -0.204510 0.976876 0.062364 9.617900 -0.590796 -0.173979 0.787840 1.685000 0.000000 0.000000 0.000000 1.000000
0.772698 0.104199 0.626164 -0.000000 -0.180592 0.981758 0.059481 9.617900 -0.608543 -0.159041 0.777419 1.685000 0.000000 0.000000 0.000000 1.000000
0.733578 0.075917 0.675352 -0.000000 -0.157098 0.985769 0.059831 9.617900 -0.661199 -0.149987 0.735065 1.685000 0.000000 0.000000 0.000000 1.000000
0.672194 0.053412 0.738446 0.000000 -0.140633 0.988447 0.056521 9.617900 -0.726896 -0.141842 0.671940 1.685000 0.000000 0.000000 0.000000 1.000000
0.617436 0.035931 0.785800 0.000000 -0.139612 0.988102 0.064518 9.617900 -0.774132 -0.149543 0.615107 1.685000 0.000000 0.000000 0.000000 1.000000
0.577375 0.018755 0.816264 0.000000 -0.148544 0.985465 0.082428 9.617900 -0.802853 -0.168843 0.571768 1.685000 0.000000 0.000000 0.000000 1.000000
0.543066 0.004773 0.839677 0.000000 -0.181064 0.977125 0.111550 9.617900 -0.819936 -0.212614 0.531507 1.685000 0.000000 0.000000 0.000000 1.000000
0.525104 0.000268 0.851038 0.000000 -0.219449 0.966225 0.135099 9.617900 -0.822258 -0.257701 0.507427 1.685000 0.000000 0.000000 0.000000 1.000000
0.524748 0.001002 0.851257 0.000000 -0.244887 0.957905 0.149830 9.617900 -0.815273 -0.287085 0.502904 1.685000 0.000000 0.000000 0.000000 1.000000
0.526721 0.005084 0.850023 0.000000 -0.257260 0.954040 0.153706 9.617900 -0.810174 -0.299637 0.503821 1.685000 0.000000 0.000000 0.000000 1.000000
0.536901 0.015809 0.843497 0.000000 -0.259563 0.954422 0.147329 9.617900 -0.802723 -0.298042 0.516533 1.685000 0.000000 0.000000 0.000000 1.000000
0.553556 0.023893 0.832469 -0.000000 -0.249446 0.958454 0.138361 9.617900 -0.794577 -0.284246 0.536518 1.685000 0.000000 0.000000 0.000000 1.000000
0.569193 0.020720 0.821943 -0.000000 -0.235192 0.962013 0.138619 9.617900 -0.787848 -0.272215 0.552444 1.685000 0.000000 0.000000 0.000000 1.000000
0.572958 0.007235 0.819553 -0.000000 -0.227090 0.962211 0.150267 9.617900 -0.787495 -0.272209 0.552950 1.685000 0.000000 0.000000 0.000000 1.000000
0.573002 -0.007737 0.819518 0.000000 -0.231753 0.957613 0.171081 9.617900 -0.786104 -0.287955 0.546920 1.685000 0.000000 0.000000 0.000000 1.000000
0.574547 -0.019302 0.818244 0.000000 -0.237616 0.952731 0.189321 9.617900 -0.783220 -0.303202 0.542802 1.685000 0.000000 0.000000 0.000000 1.000000
0.575439 -0.024191 0.817487 0.000000 -0.239943 0.950583 0.197028 9.617900 -0.781855 -0.309528 0.541197 1.685000 0.000000 0.000000 0.000000 1.000000</float_array><technique_common><accessor source="#Head-Matrix-animation-output-transform-array" count="28" stride="16"><param type="float4x4"/></accessor></technique_common></source><source id="Head-Interpolations"><Name_array id="Head-Interpolations-array" count="28">
 LINEAR LINEAR LINEAR LINEAR LINEAR LINEAR LINEAR LINEAR LINEAR LINEAR LINEAR
LINEAR LINEAR LINEAR LINEAR LINEAR LINEAR LINEAR LINEAR LINEAR LINEAR LINEAR LINEAR
LINEAR LINEAR LINEAR LINEAR LINEAR</Name_array><technique_common><accessor source="#Head-Interpolations-array" count="28"><param type="name"/></accessor></technique_common></source><sampler id="Head-Matrix-animation-transform"><input semantic="INPUT" source="#Head-Matrix-animation-input"/><input semantic="OUTPUT" source="#Head-Matrix-animation-output-transform"/><input semantic="INTERPOLATION" source="#Head-Interpolations"/></sampler><channel source="#Head-Matrix-animation-transform" target="Head/matrix"/></animation>
    <animation id="LeftShoulder-anim" name="LeftShoulder"><source id="LeftShoulder-Matrix-animation-input"><float_array id="LeftShoulder-Matrix-animation-input-array" count="28">

0.000000 0.033333 0.066667 0.100000 0.133333 0.166667 0.200000 0.233333 0.266667 0.300000 0.333333 0.366667 0.400000 0.433333 0.466667 0.500000
0.533333 0.566667 0.600000 0.633333 0.666667 0.700000 0.733333 0.766667 0.800000 0.833333 0.866667 0.900000</float_array><technique_common><accessor source="#LeftShoulder-Matrix-animation-input-array" count="28"><param name="TIME" type="float"/></accessor></technique_common></source><source id="LeftShoulder-Matrix-animation-output-transform"><float_array id="LeftShoulder-Matrix-animation-output-transform-array" count="448">

0.999985 0.005460 -0.000000 4.570400 -0.005460 0.999985 -0.000000 10.946000 0.000000 0.000000 1.000000 -2.628000 0.000000 0.000000 0.000000 1.000000
0.999995 0.002260 0.002065 4.570400 -0.002188 0.999419 -0.034007 10.946000 -0.002141 0.034003 0.999419 -2.628000 0.000000 0.000000 0.000000 1.000000
0.999799 -0.016711 0.011050 4.570400 0.017448 0.997367 -0.070394 10.946000 -0.009844 0.070573 0.997458 -2.628000 0.000000 0.000000 0.000000 1.000000
0.998600 -0.044844 0.028071 4.570400 0.047662 0.992850 -0.109438 10.946000 -0.022963 0.110622 0.993597 -2.628000 0.000000 0.000000 0.000000 1.000000
0.995717 -0.075299 0.053640 4.570400 0.082635 0.985048 -0.151168 10.946000 -0.041456 0.154953 0.987052 -2.628000 0.000000 0.000000 0.000000 1.000000
0.991055 -0.099142 0.089332 4.570400 0.115407 0.972837 -0.200672 10.946000 -0.067011 0.209187 0.975577 -2.628000 0.000000 0.000000 0.000000 1.000000
0.981857 -0.124313 0.143190 4.570400 0.157875 0.954192 -0.254152 10.946000 -0.105036 0.272147 0.956506 -2.628000 0.000000 0.000000 0.000000 1.000000
0.966748 -0.152131 0.205557 4.570400 0.209461 0.932191 -0.295206 10.946000 -0.146708 0.328446 0.933059 -2.628000 0.000000 0.000000 0.000000 1.000000
0.954374 -0.160352 0.251908 4.570400 0.237240 0.919470 -0.313516 10.946000 -0.181349 0.358975 0.915560 -2.628000 0.000000 0.000000 0.000000 1.000000
0.953811 -0.135313 0.268208 4.570400 0.218875 0.924552 -0.311926 10.946000 -0.205765 0.356222 0.911464 -2.628000 0.000000 0.000000 0.000000 1.000000
0.960025 -0.087023 0.266043 4.570400 0.167943 0.939443 -0.298733 10.946000 -0.223936 0.331472 0.916504 -2.628000 0.000000 0.000000 0.000000 1.000000
0.966209 -0.034787 0.255400 4.570400 0.107297 0.955204 -0.275814 10.946000 -0.234365 0.293898 0.926659 -2.628000 0.000000 0.000000 0.000000 1.000000
0.969791 0.003985 0.243905 4.570400 0.057617 0.967834 -0.244905 10.946000 -0.237035 0.251560 0.938367 -2.628000 0.000000 0.000000 0.000000 1.000000
0.970742 0.038832 0.236966 4.570400 0.012134 0.977644 -0.209916 10.946000 -0.239819 0.206650 0.948569 -2.628000 0.000000 0.000000 0.000000 1.000000
0.969471 0.075365 0.233338 4.570400 -0.034115 0.983796 -0.176015 10.946000 -0.242822 0.162682 0.956333 -2.628000 0.000000 0.000000 0.000000 1.000000
0.967342 0.109944 0.228388 4.570400 -0.077174 0.986005 -0.147781 10.946000 -0.241439 0.125329 0.962289 -2.628000 0.000000 0.000000 0.000000 1.000000
0.966809 0.138824 0.214498 4.570400 -0.113058 0.985296 -0.128102 10.946000 -0.229127 0.099599 0.968288 -2.628000 0.000000 0.000000 0.000000 1.000000
0.972866 0.146873 0.178773 4.570400 -0.128352 0.985480 -0.111152 10.946000 -0.192502 0.085190 0.977592 -2.628000 0.000000 0.000000 0.000000 1.000000
0.978090 0.154421 0.139620 4.570400 -0.141893 0.985247 -0.095683 10.946000 -0.152335 0.073775 0.985571 -2.628000 0.000000 0.000000 0.000000 1.000000
0.980840 0.167017 0.100292 4.570400 -0.159221 0.983888 -0.081325 10.946000 -0.112258 0.063798 0.991629 -2.628000 0.000000 0.000000 0.000000 1.000000
0.981370 0.182097 0.061273 4.570400 -0.177944 0.981719 -0.067550 10.946000 -0.072454 0.055388 0.995833 -2.628000 0.000000 0.000000 0.000000 1.000000
0.980028 0.197325 0.024659 4.570400 -0.195772 0.979132 -0.054540 10.946000 -0.034907 0.048623 0.998207 -2.628000 0.000000 0.000000 0.000000 1.000000
0.977575 0.210452 -0.007567 4.570400 -0.210582 0.976633 -0.042927 10.946000 -0.001644 0.043557 0.999050 -2.628000 0.000000 0.000000 0.000000 1.000000
0.975075 0.219325 -0.033540 4.570400 -0.220427 0.974822 -0.033677 10.946000 0.025309 0.040231 0.998870 -2.628000 0.000000 0.000000 0.000000 1.000000
0.974592 0.218204 -0.050581 4.570400 -0.219827 0.975106 -0.029062 10.946000 0.042980 0.039443 0.998297 -2.628000 0.000000 0.000000 0.000000 1.000000
