<?xml version="1.0" encoding="utf-8"?>
<COLLADA xmlns="http://www.collada.org/2005/11/COLLADASchema" version="1.4.1">
  <asset><contributor><author>Mixamo</author><authoring_tool>COLLADA Mixamo exporter</authoring_tool><comments></comments></contributor><created>2020-08-06T11:04:06Z</created><modified>2020-08-06T11:04:06Z</modified><revision></revision><title></title><unit meter="0.010000"/><up_axis>Y_UP</up_axis></asset>
  <library_animations>
    <animation id="Hips-anim" name="Hips"><source id="Hips-Matrix-animation-input"><float_array id="Hips-Matrix-animation-input-array" count="22">

0.000000 0.033333 0.066667 0.100000 0.133333 0.166667 0.200000 0.233333 0.266667 0.300000 0.333333 0.366667 0.400000 0.433333 0.466667 0.500000
0.533333 0.566667 0.600000 0.633333 0.666667 0.700000</float_array><technique_common><accessor source="#Hips-Matrix-animation-input-array" count="22"><param name="TIME" type="float"/></accessor></technique_common></source><source id="Hips-Matrix-animation-output-transform"><float_array id="Hips-Matrix-animation-output-transform-array" count="352">

-0.021366 -0.043873 -0.998809 3.393996 -0.010707 0.998989 -0.043652 97.038330 0.999714 0.009762 -0.021814 -0.026856 0.000000 0.000000 0.000000 1.000000
-0.021523 -0.041315 -0.998914 3.422385 -0.008117 0.999120 -0.041149 97.036301 0.999735 0.007223 -0.021840 -0.033310 0.000000 0.000000 0.000000 1.000000
-0.020100 -0.039691 -0.999010 3.497561 -0.002069 0.999211 -0.039658 97.034332 0.999796 0.001270 -0.020167 -0.074314 0.000000 0.000000 0.000000 1.000000
-0.019799 -0.037609 -0.999096 3.586099 0.005047 0.999276 -0.037716 97.020088 0.999791 -0.005789 -0.019595 -0.156274 0.000000 0.000000 0.000000 1.000000
-0.020620 -0.038542 -0.999044 3.682332 0.010821 0.999190 -0.038771 96.981346 0.999729 -0.011610 -0.020186 -0.309823 0.000000 0.000000 0.000000 1.000000
-0.016971 -0.041535 -0.998993 3.800868 0.013078 0.999042 -0.041759 96.984222 0.999770 -0.013773 -0.016411 -0.554355 0.000000 0.000000 0.000000 1.000000
-0.005013 -0.042195 -0.999097 3.871913 0.005206 0.999095 -0.042221 97.093781 0.999974 -0.005413 -0.004789 -0.754516 0.000000 0.000000 0.000000 1.000000
-0.004271 -0.046526 -0.998908 3.806708 -0.012388 0.998843 -0.046470 97.161034 0.999914 0.012176 -0.004842 -0.816091 0.000000 0.000000 0.000000 1.000000
-0.009360 -0.051714 -0.998618 3.628780 -0.028203 0.998278 -0.051432 97.186737 0.999558 0.027683 -0.010802 -0.744169 0.000000 0.000000 0.000000 1.000000
-0.009343 -0.056631 -0.998351 3.401033 -0.037373 0.997717 -0.056246 97.190979 0.999258 0.036786 -0.011438 -0.623087 0.000000 0.000000 0.000000 1.000000
-0.000777 -0.062139 -0.998067 3.208949 -0.038903 0.997314 -0.062062 97.175446 0.999243 0.038779 -0.003192 -0.464573 0.000000 0.000000 0.000000 1.000000
0.031962 -0.067667 -0.997196 3.080945 -0.036018 0.996980 -0.068806 97.122314 0.998840 0.038116 0.029429 -0.261553 0.000000 0.000000 0.000000 1.000000
0.073160 -0.073325 -0.994621 3.006465 -0.031486 0.996627 -0.075788 97.006882 0.996823 0.036861 0.070605 -0.102856 0.000000 0.000000 0.000000 1.000000
0.124900 -0.078624 -0.989049 2.799651 -0.025096 0.996286 -0.082369 96.856384 0.991852 0.035109 0.122463 -0.034397 0.000000 0.000000 0.000000 1.000000
0.189072 -0.083100 -0.978441 2.445381 -0.016673 0.995997 -0.087813 96.645691 0.981822 0.032917 0.186930 -0.029359 0.000000 0.000000 0.000000 1.000000
0.267134 -0.086314 -0.959786 2.021041 -0.006140 0.995808 -0.091262 96.334923 0.963640 0.030272 0.265484 -0.026218 0.000000 0.000000 0.000000 1.000000
0.349257 -0.087027 -0.932977 1.578084 0.005567 0.995853 -0.090808 95.894684 0.937011 0.026522 0.348293 -0.017263 0.000000 0.000000 0.000000 1.000000
0.406635 -0.086458 -0.909491 1.131171 0.015057 0.996011 -0.087951 95.384392 0.913467 0.022070 0.406315 -0.002093 0.000000 0.000000 0.000000 1.000000
0.441346 -0.085500 -0.893254 0.710721 0.021928 0.996181 -0.084517 94.869530 0.897069 0.017714 0.441536 0.007591 0.000000 0.000000 0.000000 1.000000
0.459522 -0.084381 -0.884149 0.357950 0.026481 0.996336 -0.081324 94.417786 0.887771 0.013957 0.460073 0.008909 0.000000 0.000000 0.000000 1.000000
0.466635 -0.084350 -0.880419 0.108429 0.029459 0.996372 -0.079845 94.095047 0.883959 0.011322 0.467427 0.006630 0.000000 0.000000 0.000000 1.000000
0.467884 -0.084356 -0.879755 0.003883 0.030462 0.996382 -0.079339 93.972107 0.883265 0.010322 0.468761 0.004985 0.000000 0.000000 0.000000 1.000000</float_array><technique_common><accessor source="#Hips-Matrix-animation-output-transform-array" count="22" stride="16"><param type="float4x4"/></accessor></technique_common></source><source id="Hips-Interpolations"><Name_array id="Hips-Interpolations-array" count="22">
 LINEAR LINEAR LINEAR LINEAR LINEAR LINEAR LINEAR LINEAR LINEAR LINEAR LINEAR
LINEAR LINEAR LINEAR LINEAR LINEAR LINEAR LINEAR LINEAR LINEAR LINEAR LINEAR</Name_array><technique_common><accessor source="#Hips-Interpolations-array" count="22"><param type="name"/></accessor></technique_common></source><sampler id="Hips-Matrix-animation-transform"><input semantic="INPUT" source="#Hips-Matrix-animation-input"/><input semantic="OUTPUT" source="#Hips-Matrix-animation-output-transform"/><input semantic="INTERPOLATION" source="#Hips-Interpolations"/></sampler><channel source="#Hips-Matrix-animation-transform" target="Hips/matrix"/></animation>
    <animation id="Spine-anim" name="Spine"><source id="Spine-Matrix-animation-input"><float_array id="Spine-Matrix-animation-input-array" count="22">

0.000000 0.033333 0.066667 0.100000 0.133333 0.166667 0.200000 0.233333 0.266667 0.300000 0.333333 0.366667 0.400000 0.433333 0.466667 0.500000
0.533333 0.566667 0.600000 0.633333 0.666667 0.700000</float_array><technique_common><accessor source="#Spine-Matrix-animation-input-array" count="22"><param name="TIME" type="float"/></accessor></technique_common></source><source id="Spine-Matrix-animation-output-transform"><float_array id="Spine-Matrix-animation-output-transform-array" count="352">

0.989747 0.136913 -0.040683 0.000000 -0.140207 0.985661 -0.093884 10.181600 0.027245 0.098626 0.994752 0.131500 0.000000 0.000000 0.000000 1.000000
0.990073 0.134531 -0.040708 0.000000 -0.137828 0.986027 -0.093564 10.181600 0.027552 0.098246 0.994781 0.131500 0.000000 0.000000 0.000000 1.000000
0.990857 0.128451 -0.041271 0.000000 -0.131832 0.986835 -0.093683 10.181600 0.028694 0.098268 0.994746 0.131500 0.000000 0.000000 0.000000 1.000000
0.991926 0.119739 -0.041780 0.000000 -0.123216 0.987912 -0.094061 10.181600 0.030012 0.098450 0.994689 0.131500 0.000000 0.000000 0.000000 1.000000
0.993083 0.109922 -0.041265 0.000000 -0.113367 0.989156 -0.093375 10.181600 0.030554 0.097407 0.994776 0.131500 0.000000 0.000000 0.000000 1.000000
0.994162 0.099781 -0.041047 0.000000 -0.103185 0.990445 -0.091493 10.181600 0.031525 0.095195 0.994959 0.131500 0.000000 0.000000 0.000000 1.000000
0.994525 0.089736 -0.053544 0.000000 -0.094304 0.991469 -0.089978 10.181600 0.045013 0.094535 0.994503 0.131500 0.000000 0.000000 0.000000 1.000000
0.994787 0.077472 -0.066309 -0.000000 -0.083292 0.992448 -0.090052 10.181600 0.058832 0.095106 0.993727 0.131500 0.000000 0.000000 0.000000 1.000000
0.995069 0.066596 -0.073498 -0.000000 -0.073201 0.993142 -0.091167 10.181600 0.066923 0.096098 0.993120 0.131500 0.000000 0.000000 0.000000 1.000000
0.995181 0.060078 -0.077500 0.000000 -0.067190 0.993426 -0.092686 10.181600 0.071422 0.097447 0.992675 0.131500 0.000000 0.000000 0.000000 1.000000
0.995090 0.060055 -0.078670 0.000000 -0.067388 0.993276 -0.094141 10.181600 0.072488 0.098980 0.992446 0.131500 0.000000 0.000000 0.000000 1.000000
0.995045 0.064266 -0.075870 0.000000 -0.072467 0.991196 -0.110814 10.181600 0.068080 0.115763 0.990941 0.131500 0.000000 0.000000 0.000000 1.000000
0.995375 0.066381 -0.069436 -0.000000 -0.075698 0.987036 -0.141530 10.181600 0.059141 0.146132 0.987496 0.131500 0.000000 0.000000 0.000000 1.000000
0.995946 0.066232 -0.060876 0.000000 -0.076004 0.981532 -0.175550 10.181600 0.048125 0.179465 0.982587 0.131500 0.000000 0.000000 0.000000 1.000000
0.996303 0.068832 -0.051407 0.000000 -0.077947 0.975860 -0.204012 10.181600 0.036124 0.207265 0.977618 0.131500 0.000000 0.000000 0.000000 1.000000
0.996448 0.073180 -0.041661 -0.000000 -0.080651 0.971649 -0.222249 10.181600 0.024216 0.224819 0.974100 0.131500 0.000000 0.000000 0.000000 1.000000
0.996633 0.075471 -0.032038 -0.000000 -0.080913 0.968467 -0.235638 10.181600 0.013244 0.237437 0.971313 0.131500 0.000000 0.000000 0.000000 1.000000
0.996826 0.076133 -0.023289 0.000000 -0.079525 0.966120 -0.245536 10.181600 0.003806 0.246609 0.969108 0.131500 0.000000 0.000000 0.000000 1.000000
0.996989 0.075829 -0.016189 0.000000 -0.077458 0.964529 -0.252358 10.181600 -0.003521 0.252852 0.967499 0.131500 0.000000 0.000000 0.000000 1.000000
0.997122 0.075060 -0.010704 0.000000 -0.075289 0.963573 -0.256628 10.181600 -0.008948 0.256695 0.966451 0.131500 0.000000 0.000000 0.000000 1.000000
0.997213 0.074290 -0.006887 0.000000 -0.073538 0.963115 -0.258849 10.181600 -0.012597 0.258634 0.965893 0.131500 0.000000 0.000000 0.000000 1.000000
0.997248 0.073939 -0.005441 0.000000 -0.072815 0.962998 -0.259487 10.181600 -0.013947 0.259169 0.965731 0.131500 0.000000 0.000000 0.000000 1.000000</float_array><technique_common><accessor source="#Spine-Matrix-animation-output-transform-array" count="22" stride="16"><param type="float4x4"/></accessor></technique_common></source><source id="Spine-Interpolations"><Name_array id="Spine-Interpolations-array" count="22">
 LINEAR LINEAR LINEAR LINEAR LINEAR LINEAR LINEAR LINEAR LINEAR LINEAR LINEAR
LINEAR LINEAR LINEAR LINEAR LINEAR LINEAR LINEAR LINEAR LINEAR LINEAR LINEAR</Name_array><technique_common><accessor source="#Spine-Interpolations-array" count="22"><param type="name"/></accessor></technique_common></source><sampler id="Spine-Matrix-animation-transform"><input semantic="INPUT" source="#Spine-Matrix-animation-input"/><input semantic="OUTPUT" source="#Spine-Matrix-animation-output-transform"/><input semantic="INTERPOLATION" source="#Spine-Interpolations"/></sampler><channel source="#Spine-Matrix-animation-transform" target="Spine/matrix"/></animation>
    <animation id="Spine1-anim" name="Spine1"><source id="Spine1-Matrix-animation-input"><float_array id="Spine1-Matrix-animation-input-array" count="22">

0.000000 0.033333 0.066667 0.100000 0.133333 0.166667 0.200000 0.233333 0.266667 0.300000 0.333333 0.366667 0.400000 0.433333 0.466667 0.500000
0.533333 0.566667 0.600000 0.633333 0.666667 0.700000</float_array><technique_common><accessor source="#Spine1-Matrix-animation-input-array" count="22"><param name="TIME" type="float"/></accessor></technique_common></source><source id="Spine1-Matrix-animation-output-transform"><float_array id="Spine1-Matrix-animation-output-transform-array" count="352">

0.999776 0.018809 -0.009668 0.000000 -0.019256 0.998645 -0.048350 10.083500 0.008746 0.048525 0.998784 -1.000800 0.000000 0.000000 0.000000 1.000000
0.999738 0.021216 -0.008575 0.000000 -0.021615 0.998536 -0.049585 10.083500 0.007511 0.049757 0.998733 -1.000800 0.000000 0.000000 0.000000 1.000000
0.999604 0.027257 -0.006937 0.000000 -0.027570 0.998374 -0.049896 10.083500 0.005566 0.050068 0.998730 -1.000800 0.000000 0.000000 0.000000 1.000000
0.999381 0.034946 -0.004047 0.000000 -0.035103 0.998156 -0.049525 10.083500 0.002309 0.049636 0.998765 -1.000800 0.000000 0.000000 0.000000 1.000000
0.999072 0.043051 0.001608 -0.000000 -0.042930 0.998003 -0.046346 10.083500 -0.003600 0.046234 0.998924 -1.000800 0.000000 0.000000 0.000000 1.000000
0.998782 0.048818 0.007167 -0.000000 -0.048484 0.997978 -0.041105 10.083500 -0.009159 0.040707 0.999129 -1.000800 0.000000 0.000000 0.000000 1.000000
0.998708 0.049303 -0.012349 0.000000 -0.049750 0.998004 -0.038892 10.083500 0.010407 0.039456 0.999167 -1.000800 0.000000 0.000000 0.000000 1.000000
0.998481 0.044004 -0.033166 -0.000000 -0.045325 0.998165 -0.040163 10.083500 0.031338 0.041605 0.998643 -1.000800 0.000000 0.000000 0.000000 1.000000
0.998241 0.039460 -0.044248 -0.000000 -0.041330 0.998255 -0.042166 10.083500 0.042507 0.043920 0.998130 -1.000800 0.000000 0.000000 0.000000 1.000000
0.998020 0.037014 -0.050846 0.000000 -0.039213 0.998308 -0.042947 10.083500 0.049170 0.044856 0.997783 -1.000800 0.000000 0.000000 0.000000 1.000000
0.997566 0.035281 -0.060148 -0.000000 -0.037872 0.998379 -0.042496 10.083500 0.058551 0.044670 0.997284 -1.000800 0.000000 0.000000 0.000000 1.000000
0.997348 0.033651 -0.064540 0.000000 -0.036707 0.998231 -0.046765 10.083500 0.062852 0.049010 0.996819 -1.000800 0.000000 0.000000 0.000000 1.000000
0.997552 0.034655 -0.060744 0.000000 -0.037997 0.997777 -0.054744 10.083500 0.058712 0.056918 0.996651 -1.000800 0.000000 0.000000 0.000000 1.000000
0.997848 0.038090 -0.053365 0.000000 -0.041503 0.997062 -0.064374 10.083500 0.050756 0.066451 0.996498 -1.000800 0.000000 0.000000 0.000000 1.000000
0.998206 0.041336 -0.043313 0.000000 -0.044491 0.996220 -0.074614 10.083500 0.040065 0.076407 0.996271 -1.000800 0.000000 0.000000 0.000000 1.000000
0.998546 0.043541 -0.031775 0.000000 -0.046085 0.995376 -0.084278 10.083500 0.027958 0.085620 0.995936 -1.000800 0.000000 0.000000 0.000000 1.000000
0.998768 0.045337 -0.020156 -0.000000 -0.047008 0.994636 -0.092139 10.083500 0.015871 0.092973 0.995542 -1.000800 0.000000 0.000000 0.000000 1.000000
0.998864 0.046640 -0.009764 0.000000 -0.047370 0.994125 -0.097323 10.083500 0.005167 0.097675 0.995205 -1.000800 0.000000 0.000000 0.000000 1.000000
0.998874 0.047397 -0.001840 0.000000 -0.047342 0.993822 -0.100381 10.083500 -0.002930 0.100355 0.994947 -1.000800 0.000000 0.000000 0.000000 1.000000
0.998849 0.047804 0.004033 0.000000 -0.047145 0.993673 -0.101933 10.083500 -0.008880 0.101626 0.994783 -1.000800 0.000000 0.000000 0.000000 1.000000
0.998810 0.048058 0.008264 0.000000 -0.046961 0.993622 -0.102514 10.083500 -0.013138 0.102004 0.994697 -1.000800 0.000000 0.000000 0.000000 1.000000
0.998791 0.048151 0.009895 -0.000000 -0.046885 0.993618 -0.102589 10.083500 -0.014771 0.102001 0.994675 -1.000800 0.000000 0.000000 0.000000 1.000000</float_array><technique_common><accessor source="#Spine1-Matrix-animation-output-transform-array" count="22" stride="16"><param type="float4x4"/></accessor></technique_common></source><source id="Spine1-Interpolations"><Name_array id="Spine1-Interpolations-array" count="22">
 LINEAR LINEAR LINEAR LINEAR LINEAR LINEAR LINEAR LINEAR LINEAR LINEAR LINEAR
LINEAR LINEAR LINEAR LINEAR LINEAR LINEAR LINEAR LINEAR LINEAR LINEAR LINEAR</Name_array><technique_common><accessor source="#Spine1-Interpolations-array" count="22"><param type="name"/></accessor></technique_common></source><sampler id="Spine1-Matrix-animation-transform"><input semantic="INPUT" source="#Spine1-Matrix-animation-input"/><input semantic="OUTPUT" source="#Spine1-Matrix-animation-output-transform"/><input semantic="INTERPOLATION" source="#Spine1-Interpolations"/></sampler><channel source="#Spine1-Matrix-animation-transform" target="Spine1/matrix"/></animation>
    <animation id="Spine2-anim" name="Spine2"><source id="Spine2-Matrix-animation-input"><float_array id="Spine2-Matrix-animation-input-array" count="22">

0.000000 0.033333 0.066667 0.100000 0.133333 0.166667 0.200000 0.233333 0.266667 0.300000 0.333333 0.366667 0.400000 0.433333 0.466667 0.500000
0.533333 0.566667 0.600000 0.633333 0.666667 0.700000</float_array><technique_common><accessor source="#Spine2-Matrix-animation-input-array" count="22"><param name="TIME" type="float"/></accessor></technique_common></source><source id="Spine2-Matrix-animation-output-transform"><float_array id="Spine2-Matrix-animation-output-transform-array" count="352">

0.999780 0.018978 -0.008906 -0.000000 -0.019388 0.998637 -0.048459 9.100000 0.007974 0.048621 0.998785 -1.373400 0.000000 0.000000 0.000000 1.000000
0.999737 0.021524 -0.007935 0.000000 -0.021892 0.998529 -0.049611 9.100000 0.006856 0.049772 0.998737 -1.373400 0.000000 0.000000 0.000000 1.000000
0.999591 0.027821 -0.006632 0.000000 -0.028117 0.998364 -0.049781 9.100000 0.005236 0.049947 0.998738 -1.373400 0.000000 0.000000 0.000000 1.000000
0.999349 0.035834 -0.004133 -0.000000 -0.035995 0.998134 -0.049318 9.100000 0.002358 0.049434 0.998775 -1.373400 0.000000 0.000000 0.000000 1.000000
0.999017 0.044313 0.001123 -0.000000 -0.044214 0.997954 -0.046188 9.100000 -0.003168 0.046093 0.998932 -1.373400 0.000000 0.000000 0.000000 1.000000
0.998710 0.050379 0.006374 0.000000 -0.050075 0.997895 -0.041219 9.100000 -0.008437 0.040846 0.999130 -1.373400 0.000000 0.000000 0.000000 1.000000
0.998645 0.050303 -0.013314 -0.000000 -0.050795 0.997924 -0.039605 9.100000 0.011294 0.040227 0.999127 -1.373400 0.000000 0.000000 0.000000 1.000000
0.998439 0.044118 -0.034237 0.000000 -0.045523 0.998105 -0.041401 9.100000 0.032346 0.042895 0.998556 -1.373400 0.000000 0.000000 0.000000 1.000000
0.998213 0.038830 -0.045425 -0.000000 -0.040821 0.998208 -0.043753 9.100000 0.043644 0.045529 0.998009 -1.373400 0.000000 0.000000 0.000000 1.000000
0.997999 0.035893 -0.052061 0.000000 -0.038237 0.998266 -0.044756 9.100000 0.050365 0.046657 0.997640 -1.373400 0.000000 0.000000 0.000000 1.000000
0.997536 0.033803 -0.061468 0.000000 -0.036575 0.998338 -0.044542 9.100000 0.059861 0.046680 0.997115 -1.373400 0.000000 0.000000 0.000000 1.000000
0.997362 0.031371 -0.065461 0.000000 -0.034583 0.998223 -0.048522 9.100000 0.063823 0.050658 0.996675 -1.373400 0.000000 0.000000 0.000000 1.000000
0.997678 0.031615 -0.060324 0.000000 -0.034975 0.997847 -0.055474 9.100000 0.058441 0.057455 0.996636 -1.373400 0.000000 0.000000 0.000000 1.000000
0.998109 0.034260 -0.051037 -0.000000 -0.037483 0.997272 -0.063596 9.100000 0.048719 0.065388 0.996670 -1.373400 0.000000 0.000000 0.000000 1.000000
0.998555 0.036999 -0.038983 -0.000000 -0.039734 0.996621 -0.071893 9.100000 0.036192 0.073338 0.996650 -1.373400 0.000000 0.000000 0.000000 1.000000
0.998868 0.039888 -0.025903 0.000000 -0.041828 0.995978 -0.079230 9.100000 0.022638 0.080223 0.996520 -1.373400 0.000000 0.000000 0.000000 1.000000
0.998998 0.042671 -0.013487 -0.000000 -0.043667 0.995414 -0.085111 9.100000 0.009794 0.085614 0.996280 -1.373400 0.000000 0.000000 0.000000 1.000000
0.998980 0.045035 -0.003420 0.000000 -0.045160 0.994870 -0.090523 9.100000 -0.000675 0.090585 0.995889 -1.373400 0.000000 0.000000 0.000000 1.000000
0.998900 0.046774 0.003218 0.000000 -0.046255 0.994375 -0.095282 9.100000 -0.007656 0.095028 0.995445 -1.373400 0.000000 0.000000 0.000000 1.000000
0.998816 0.048035 0.007705 0.000000 -0.047038 0.993965 -0.099099 9.100000 -0.012419 0.098619 0.995048 -1.373400 0.000000 0.000000 0.000000 1.000000
0.998754 0.048821 0.010365 0.000000 -0.047519 0.993686 -0.101640 9.100000 -0.015262 0.101021 0.994767 -1.373400 0.000000 0.000000 0.000000 1.000000
0.998733 0.049057 0.011252 0.000000 -0.047648 0.993583 -0.102576 9.100000 -0.016212 0.101910 0.994661 -1.373400 0.000000 0.000000 0.000000 1.000000</float_array><technique_common><accessor source="#Spine2-Matrix-animation-output-transform-array" count="22" stride="16"><param type="float4x4"/></accessor></technique_common></source><source id="Spine2-Interpolations"><Name_array id="Spine2-Interpolations-array" count="22">
 LINEAR LINEAR LINEAR LINEAR LINEAR LINEAR LINEAR LINEAR LINEAR LINEAR LINEAR
LINEAR LINEAR LINEAR LINEAR LINEAR LINEAR LINEAR LINEAR LINEAR LINEAR LINEAR</Name_array><technique_common><accessor source="#Spine2-Interpolations-array" count="22"><param type="name"/></accessor></technique_common></source><sampler id="Spine2-Matrix-animation-transform"><input semantic="INPUT" source="#Spine2-Matrix-animation-input"/><input semantic="OUTPUT" source="#Spine2-Matrix-animation-output-transform"/><input semantic="INTERPOLATION" source="#Spine2-Interpolations"/></sampler><channel source="#Spine2-Matrix-animation-transform" target="Spine2/matrix"/></animation>
    <animation id="Neck-anim" name="Neck"><source id="Neck-Matrix-animation-input"><float_array id="Neck-Matrix-animation-input-array" count="22">

0.000000 0.033333 0.066667 0.100000 0.133333 0.166667 0.200000 0.233333 0.266667 0.300000 0.333333 0.366667 0.400000 0.433333 0.466667 0.500000
0.533333 0.566667 0.600000 0.633333 0.666667 0.700000</float_array><technique_common><accessor source="#Neck-Matrix-animation-input-array" count="22"><param name="TIME" type="float"/></accessor></technique_common></source><source id="Neck-Matrix-animation-output-transform"><float_array id="Neck-Matrix-animation-output-transform-array" count="352">

0.991081 -0.082554 0.104607 -0.000000 0.058952 0.975618 0.211411 16.671700 -0.119509 -0.203358 0.971783 -2.516200 0.000000 0.000000 0.000000 1.000000
0.991184 -0.081562 0.104415 0.000000 0.057863 0.975415 0.212646 16.671700 -0.119192 -0.204729 0.971534 -2.516200 0.000000 0.000000 0.000000 1.000000
0.991335 -0.081029 0.103388 0.000000 0.057568 0.975461 0.212513 16.671700 -0.118071 -0.204720 0.971673 -2.516200 0.000000 0.000000 0.000000 1.000000
0.991480 -0.080991 0.102020 0.000000 0.057964 0.975709 0.211261 16.671700 -0.116652 -0.203548 0.972091 -2.516200 0.000000 0.000000 0.000000 1.000000
0.991500 -0.082831 0.100337 0.000000 0.060251 0.975806 0.210173 16.671700 -0.115319 -0.202341 0.972502 -2.516200 0.000000 0.000000 0.000000 1.000000
0.991287 -0.082899 0.102362 0.000000 0.059795 0.975641 0.211067 16.671700 -0.117366 -0.203107 0.972097 -2.516200 0.000000 0.000000 0.000000 1.000000
0.989991 -0.078892 0.117024 0.000000 0.052181 0.975026 0.215873 16.671700 -0.131132 -0.207605 0.969384 -2.516200 0.000000 0.000000 0.000000 1.000000
0.988636 -0.072702 0.131579 0.000000 0.041842 0.973770 0.223654 16.671700 -0.144388 -0.215607 0.965746 -2.516200 0.000000 0.000000 0.000000 1.000000
0.988002 -0.067562 0.138878 0.000000 0.034386 0.972897 0.228668 16.671700 -0.150563 -0.221149 0.963547 -2.516200 0.000000 0.000000 0.000000 1.000000
0.988063 -0.062708 0.140707 0.000000 0.029098 0.972928 0.229271 16.671700 -0.151275 -0.222440 0.963139 -2.516200 0.000000 0.000000 0.000000 1.000000
0.987655 -0.058931 0.145135 -0.000000 0.024800 0.973676 0.226585 16.671700 -0.154667 -0.220188 0.963117 -2.516200 0.000000 0.000000 0.000000 1.000000
0.988822 -0.057526 0.137559 0.000000 0.027003 0.976412 0.214219 16.671700 -0.146637 -0.208110 0.967051 -2.516200 0.000000 0.000000 0.000000 1.000000
0.990085 -0.059694 0.127152 -0.000000 0.034072 0.980235 0.194880 16.671700 -0.136272 -0.188615 0.972550 -2.516200 0.000000 0.000000 0.000000 1.000000
0.991650 -0.063766 0.112089 0.000000 0.043940 0.984258 0.171188 16.671700 -0.121240 -0.164834 0.978841 -2.516200 0.000000 0.000000 0.000000 1.000000
0.993334 -0.068294 0.092867 0.000000 0.054510 0.988131 0.143616 16.671700 -0.101573 -0.137597 0.985267 -2.516200 0.000000 0.000000 0.000000 1.000000
0.994962 -0.072408 0.069343 0.000000 0.064246 0.991464 0.113450 16.671700 -0.076966 -0.108423 0.991121 -2.516200 0.000000 0.000000 0.000000 1.000000
0.995996 -0.076487 0.046279 0.000000 0.072162 0.993428 0.088840 16.671700 -0.052770 -0.085144 0.994970 -2.516200 0.000000 0.000000 0.000000 1.000000
0.996454 -0.078381 0.030592 0.000000 0.075957 0.994387 0.073648 16.671700 -0.036193 -0.071063 0.996815 -2.516200 0.000000 0.000000 0.000000 1.000000
0.996813 -0.076479 0.022695 0.000000 0.074842 0.995018 0.065861 16.671700 -0.027618 -0.063952 0.997571 -2.516200 0.000000 0.000000 0.000000 1.000000
0.997175 -0.072655 0.019069 -0.000000 0.071322 0.995454 0.063123 16.671700 -0.023569 -0.061585 0.997824 -2.516200 0.000000 0.000000 0.000000 1.000000
0.997411 -0.068897 0.020594 0.000000 0.067471 0.995708 0.063357 16.671700 -0.024871 -0.061804 0.997778 -2.516200 0.000000 0.000000 0.000000 1.000000
0.997570 -0.065686 0.023209 0.000000 0.064088 0.995894 0.063939 16.671700 -0.027314 -0.062296 0.997684 -2.516200 0.000000 0.000000 0.000000 1.000000</float_array><technique_common><accessor source="#Neck-Matrix-animation-output-transform-array" count="22" stride="16"><param type="float4x4"/></accessor></technique_common></source><source id="Neck-Interpolations"><Name_array id="Neck-Interpolations-array" count="22">
 LINEAR LINEAR LINEAR LINEAR LINEAR LINEAR LINEAR LINEAR LINEAR LINEAR LINEAR
LINEAR LINEAR LINEAR LINEAR LINEAR LINEAR LINEAR LINEAR LINEAR LINEAR LINEAR</Name_array><technique_common><accessor source="#Neck-Interpolations-array" count="22"><param type="name"/></accessor></technique_common></source><sampler id="Neck-Matrix-animation-transform"><input semantic="INPUT" source="#Neck-Matrix-animation-input"/><input semantic="OUTPUT" source="#Neck-Matrix-animation-output-transform"/><input semantic="INTERPOLATION" source="#Neck-Interpolations"/></sampler><channel source="#Neck-Matrix-animation-transform" target="Neck/matrix"/></animation>
    <animation id="Head-anim" name="Head"><source id="Head-Matrix-animation-input"><float_array id="Head-Matrix-animation-input-array" count="22">

0.000000 0.033333 0.066667 0.100000 0.133333 0.166667 0.200000 0.233333 0.266667 0.300000 0.333333 0.366667 0.400000 0.433333 0.466667 0.500000
0.533333 0.566667 0.600000 0.633333 0.666667 0.700000</float_array><technique_common><accessor source="#Head-Matrix-animation-input-array" count="22"><param name="TIME" type="float"/></accessor></technique_common></source><source id="Head-Matrix-animation-output-transform"><float_array id="Head-Matrix-animation-output-transform-array" count="352">

0.203327 0.097892 0.974205 -0.000000 -0.103487 0.991565 -0.078037 9.617900 -0.973626 -0.084951 0.211742 1.685000 0.000000 0.000000 0.000000 1.000000
0.205078 0.099842 0.973640 0.000000 -0.101925 0.991553 -0.080210 9.617900 -0.973424 -0.082788 0.213522 1.685000 0.000000 0.000000 0.000000 1.000000
0.207518 0.102161 0.972882 0.000000 -0.100300 0.991512 -0.082723 9.617900 -0.973076 -0.080413 0.216004 1.685000 0.000000 0.000000 0.000000 1.000000
0.205328 0.104222 0.973128 0.000000 -0.098297 0.991482 -0.085447 9.617900 -0.973744 -0.078111 0.213824 1.685000 0.000000 0.000000 0.000000 1.000000
0.198470 0.106836 0.974267 -0.000000 -0.093637 0.991561 -0.089657 9.617900 -0.975624 -0.073433 0.206799 1.685000 0.000000 0.000000 0.000000 1.000000
0.186431 0.092549 0.978099 0.000000 -0.080593 0.993639 -0.078657 9.617900 -0.979157 -0.064164 0.192704 1.685000 0.000000 0.000000 0.000000 1.000000
0.135935 0.037768 0.989998 0.000000 -0.067994 0.997273 -0.028710 9.617900 -0.988382 -0.063411 0.138132 1.685000 0.000000 0.000000 0.000000 1.000000
0.086170 -0.015729 0.996156 -0.000000 -0.063065 0.997784 0.021210 9.617900 -0.994282 -0.064650 0.084987 1.685000 0.000000 0.000000 0.000000 1.000000
0.056429 -0.045106 0.997387 0.000000 -0.062887 0.996835 0.048639 9.617900 -0.996424 -0.065467 0.053414 1.685000 0.000000 0.000000 0.000000 1.000000
0.043843 -0.053412 0.997610 0.000000 -0.064480 0.996337 0.056178 9.617900 -0.996955 -0.066789 0.040238 1.685000 0.000000 0.000000 0.000000 1.000000
0.041225 -0.053547 0.997714 0.000000 -0.051619 0.997115 0.055648 9.617900 -0.997816 -0.053795 0.038342 1.685000 0.000000 0.000000 0.000000 1.000000
0.066280 -0.045479 0.996764 0.000000 -0.069026 0.996359 0.050050 9.617900 -0.995411 -0.072120 0.062899 1.685000 0.000000 0.000000 0.000000 1.000000
0.116975 -0.032190 0.992613 -0.000000 -0.113386 0.992506 0.045548 9.617900 -0.986641 -0.117877 0.112448 1.685000 0.000000 0.000000 0.000000 1.000000
0.179675 -0.020084 0.983521 0.000000 -0.164102 0.985170 0.050097 9.617900 -0.969942 -0.170399 0.173715 1.685000 0.000000 0.000000 0.000000 1.000000
0.253513 -0.012287 0.967254 0.000000 -0.208885 0.975633 0.067142 9.617900 -0.944509 -0.219067 0.244769 1.685000 0.000000 0.000000 0.000000 1.000000
0.336650 -0.010890 0.941567 0.000000 -0.238878 0.966234 0.096584 9.617900 -0.910826 -0.257434 0.322681 1.685000 0.000000 0.000000 0.000000 1.000000
0.421622 -0.011773 0.906695 0.000000 -0.252368 0.958886 0.129804 9.617900 -0.870945 -0.283549 0.401316 1.685000 0.000000 0.000000 0.000000 1.000000
0.484580 -0.013344 0.874645 0.000000 -0.255394 0.954160 0.156053 9.617900 -0.836634 -0.298999 0.458959 1.685000 0.000000 0.000000 0.000000 1.000000
0.526252 -0.016493 0.850169 0.000000 -0.252225 0.951788 0.174591 9.617900 -0.812060 -0.306313 0.496721 1.685000 0.000000 0.000000 0.000000 1.000000
0.551474 -0.019737 0.833958 0.000000 -0.246702 0.951143 0.185648 9.617900 -0.796878 -0.308120 0.519662 1.685000 0.000000 0.000000 0.000000 1.000000
0.567025 -0.020701 0.823440 -0.000000 -0.242480 0.951192 0.190885 9.617900 -0.787201 -0.307904 0.534331 1.685000 0.000000 0.000000 0.000000 1.000000
0.573479 -0.021911 0.818927 0.000000 -0.239890 0.951332 0.193444 9.617900 -0.783310 -0.307388 0.540312 1.685000 0.000000 0.000000 0.000000 1.000000</float_array><technique_common><accessor source="#Head-Matrix-animation-output-transform-array" count="22" stride="16"><param type="float4x4"/></accessor></technique_common></source><source id="Head-Interpolations"><Name_array id="Head-Interpolations-array" count="22">
 LINEAR LINEAR LINEAR LINEAR LINEAR LINEAR LINEAR LINEAR LINEAR LINEAR LINEAR
LINEAR LINEAR LINEAR LINEAR LINEAR LINEAR LINEAR LINEAR LINEAR LINEAR LINEAR</Name_array><technique_common><accessor source="#Head-Interpolations-array" count="22"><param type="name"/></accessor></technique_common></source><sampler id="Head-Matrix-animation-transform"><input semantic="INPUT" source="#Head-Matrix-animation-input"/><input semantic="OUTPUT" source="#Head-Matrix-animation-output-transform"/><input semantic="INTERPOLATION" source="#Head-Interpolations"/></sampler><channel source="#Head-Matrix-animation-transform" target="Head/matrix"/></animation>
    <animation id="LeftShoulder-anim" name="LeftShoulder"><source id="LeftShoulder-Matrix-animation-input"><float_array id="LeftShoulder-Matrix-animation-input-array" count="22">

0.000000 0.033333 0.066667 0.100000 0.133333 0.166667 0.200000 0.233333 0.266667 0.300000 0.333333 0.366667 0.400000 0.433333 0.466667 0.500000
0.533333 0.566667 0.600000 0.633333 0.666667 0.700000</float_array><technique_common><accessor source="#LeftShoulder-Matrix-animation-input-array" count="22"><param name="TIME" type="float"/></accessor></technique_common></source><source id="LeftShoulder-Matrix-animation-output-transform"><float_array id="LeftShoulder-Matrix-animation-output-transform-array" count="352">

0.976672 -0.211313 -0.038186 4.570400 0.206900 0.973634 -0.096069 10.946000 0.057480 0.085927 0.994642 -2.628000 0.000000 0.000000 0.000000 1.000000
0.971177 -0.235376 -0.037602 4.570400 0.230191 0.967093 -0.108365 10.946000 0.061871 0.096586 0.993400 -2.628000 0.000000 0.000000 0.000000 1.000000
0.971425 -0.232296 -0.048711 4.570400 0.226330 0.968415 -0.104624 10.946000 0.071476 0.090610 0.993318 -2.628000 0.000000 0.000000 0.000000 1.000000
0.972021 -0.224953 -0.067606 4.570400 0.217738 0.970878 -0.099928 10.946000 0.088116 0.082412 0.992695 -2.628000 0.000000 0.000000 0.000000 1.000000
0.972780 -0.211537 -0.094605 4.570400 0.202678 0.974608 -0.095183 10.946000 0.112338 0.073418 0.990954 -2.628000 0.000000 0.000000 0.000000 1.000000
0.974336 -0.191575 -0.118188 4.570400 0.181934 0.979394 -0.087674 10.946000 0.132549 0.063922 0.989113 -2.628000 0.000000 0.000000 0.000000 1.000000
0.977333 -0.170039 -0.126124 4.570400 0.161370 0.983955 -0.076105 10.946000 0.137042 0.054027 0.989091 -2.628000 0.000000 0.000000 0.000000 1.000000
0.980394 -0.154662 -0.122094 4.570400 0.147596 0.986910 -0.064994 10.946000 0.130548 0.045699 0.990388 -2.628000 0.000000 0.000000 0.000000 1.000000
0.983527 -0.142277 -0.111497 4.570400 0.136857 0.989069 -0.054882 10.946000 0.118087 0.038719 0.992248 -2.628000 0.000000 0.000000 0.000000 1.000000
0.986323 -0.131330 -0.099595 4.570400 0.127225 0.990782 -0.046527 10.946000 0.104787 0.033220 0.993940 -2.628000 0.000000 0.000000 0.000000 1.000000
0.988606 -0.120143 -0.090681 4.570400 0.116888 0.992323 -0.040410 10.946000 0.094839 0.029350 0.995060 -2.628000 0.000000 0.000000 0.000000 1.000000
0.990859 -0.106901 -0.082283 4.570400 0.104161 0.993875 -0.036920 10.946000 0.085726 0.028012 0.995925 -2.628000 0.000000 0.000000 0.000000 1.000000
0.993217 -0.089895 -0.073744 4.570400 0.087452 0.995528 -0.035713 10.946000 0.076624 0.029022 0.996638 -2.628000 0.000000 0.000000 0.000000 1.000000
0.995501 -0.068092 -0.065895 4.570400 0.065963 0.997244 -0.033966 10.946000 0.068026 0.029467 0.997248 -2.628000 0.000000 0.000000 0.000000 1.000000
0.997336 -0.042602 -0.059208 4.570400 0.040668 0.998611 -0.033490 10.946000 0.060552 0.030992 0.997684 -2.628000 0.000000 0.000000 0.000000 1.000000
0.998452 -0.011694 -0.054370 4.570400 0.009775 0.999324 -0.035433 10.946000 0.054748 0.034847 0.997892 -2.628000 0.000000 0.000000 0.000000 1.000000
0.998263 0.028277 -0.051686 4.570400 -0.030211 0.998857 -0.037030 10.946000 0.050580 0.038527 0.997977 -2.628000 0.000000 0.000000 0.000000 1.000000
0.995462 0.080316 -0.051036 4.570400 -0.082209 0.995959 -0.036144 10.946000 0.047927 0.040176 0.998043 -2.628000 0.000000 0.000000 0.000000 1.000000
0.989677 0.133607 -0.051848 4.570400 -0.135467 0.990192 -0.034183 10.946000 0.046772 0.040854 0.998070 -2.628000 0.000000 0.000000 0.000000 1.000000
0.983009 0.175645 -0.053305 4.570400 -0.177538 0.983557 -0.033093 10.946000 0.046616 0.041994 0.998030 -2.628000 0.000000 0.000000 0.000000 1.000000
0.977604 0.203216 -0.054714 4.570400 -0.205160 0.978186 -0.032580 10.946000 0.046900 0.043076 0.997970 -2.628000 0.000000 0.000000 0.000000 1.000000
0.975440 0.213199 -0.055338 4.570400 -0.215170 0.976037 -0.032450 10.946000 0.047094 0.043561 0.997940 -2.628000 0.000000 0.000000 0.000000 1.000000</float_array><technique_common><accessor source="#LeftShoulder-Matrix-animation-output-transform-array" count="22" stride="16"><param type="float4x4"/></accessor></technique_common></source><source id="LeftShoulder-Interpolations"><Name_array id="LeftShoulder-Interpolations-array" count="22">
 LINEAR LINEAR LINEAR LINEAR LINEAR LINEAR LINEAR LINEAR LINEAR LINEAR LINEAR
LINEAR LINEAR LINEAR LINEAR LINEAR LINEAR LINEAR LINEAR LINEAR LINEAR LINEAR</Name_array><technique_common><accessor source="#LeftShoulder-Interpolations-array" count="22"><param type="name"/></accessor></technique_common></source><sampler id="LeftShoulder-Matrix-animation-transform"><input semantic="INPUT" source="#LeftShoulder-Matrix-animation-input"/><input semantic="OUTPUT" source="#LeftShoulder-Matrix-animation-output-transform"/><input semantic="INTERPOLATION" source="#LeftShoulder-Interpolations"/></sampler><channel source="#LeftShoulder-Matrix-animation-transform" target="LeftShoulder/matrix"/></animation>
    <animation id="LeftArm-anim" name="LeftArm"><source id="LeftArm-Matrix-animation-input"><float_array id="LeftArm-Matrix-animation-input-array" count="22">

0.000000 0.033333 0.066667 0.100000 0.133333 0.166667 0.200000 0.233333 0.266667 0.300000 0.333333 0.366667 0.400000 0.433333 0.466667 0.500000
0.533333 0.566667 0.600000 0.633333 0.666667 0.700000</float_array><technique_common><accessor source="#LeftArm-Matrix-animation-input-array" count="22"><param name="TIME" type="float"/></accessor></technique_common></source><source id="LeftArm-Matrix-animation-output-transform"><float_array id="LeftArm-Matrix-animation-output-transform-array" count="352">

0.994477 -0.038683 0.097571 10.592400 -0.036180 0.746289 0.664638 -0.524600 -0.098526 -0.664497 0.740768 -2.232100 0.000000 0.000000 0.000000 1.000000
0.993363 -0.014044 0.114164 10.592400 -0.064780 0.751847 0.656148 -0.524600 -0.095049 -0.659188 0.745947 -2.232100 0.000000 0.000000 0.000000 1.000000
0.994258 -0.017984 0.105488 10.592400 -0.056241 0.750828 0.658099 -0.524600 -0.091039 -0.660253 0.745505 -2.232100 0.000000 0.000000 0.000000 1.000000
0.995325 -0.028792 0.092195 10.592400 -0.039242 0.751650 0.658394 -0.524600 -0.088255 -0.658933 0.747006 -2.232100 0.000000 0.000000 0.000000 1.000000
0.996571 -0.047709 0.067600 10.592400 -0.008155 0.756399 0.654059 -0.524600 -0.082337 -0.652368 0.753417 -2.232100 0.000000 0.000000 0.000000 1.000000
0.995861 -0.078778 0.045327 10.592400 0.032798 0.776599 0.629141 -0.524600 -0.084763 -0.625050 0.775969 -2.232100 0.000000 0.000000 0.000000 1.000000
0.984087 -0.153715 0.089127 10.592400 0.067297 0.786670 0.613695 -0.524600 -0.164448 -0.597932 0.784496 -2.232100 0.000000 0.000000 0.000000 1.000000
0.962202 -0.210640 0.172621 10.592400 0.066183 0.795710 0.602051 -0.524600 -0.264172 -0.567870 0.779575 -2.232100 0.000000 0.000000 0.000000 1.000000
0.946538 -0.245579 0.209183 10.592400 0.080202 0.807225 0.584769 -0.524600 -0.312465 -0.536729 0.783765 -2.232100 0.000000 0.000000 0.000000 1.000000
0.938466 -0.264868 0.221647 10.592400 0.091027 0.808759 0.581053 -0.524600 -0.333161 -0.525122 0.783103 -2.232100 0.000000 0.000000 0.000000 1.000000
0.935115 -0.273047 0.225843 10.592400 0.093813 0.805386 0.585280 -0.524600 -0.341699 -0.526117 0.778744 -2.232100 0.000000 0.000000 0.000000 1.000000
0.944139 -0.263305 0.198172 10.592400 0.089875 0.784281 0.613861 -0.524600 -0.317056 -0.561759 0.764135 -2.232100 0.000000 0.000000 0.000000 1.000000
0.957406 -0.208722 0.199524 10.592400 0.023380 0.744766 0.666916 -0.524600 -0.287799 -0.633844 0.717923 -2.232100 0.000000 0.000000 0.000000 1.000000
0.969111 -0.123204 0.213648 10.592400 -0.070082 0.692999 0.717524 -0.524600 -0.236459 -0.710333 0.662959 -2.232100 0.000000 0.000000 0.000000 1.000000
0.970755 -0.008296 0.239930 10.592400 -0.180343 0.634485 0.751602 -0.524600 -0.158467 -0.772890 0.614433 -2.232100 0.000000 0.000000 0.000000 1.000000
0.954132 0.126230 0.271472 10.592400 -0.293227 0.576977 0.762309 -0.524600 -0.060407 -0.806947 0.587527 -2.232100 0.000000 0.000000 0.000000 1.000000
0.917125 0.262194 0.300227 10.592400 -0.397100 0.535736 0.745184 -0.524600 0.034540 -0.802647 0.595454 -2.232100 0.000000 0.000000 0.000000 1.000000
0.869254 0.365391 0.332996 10.592400 -0.486512 0.512685 0.707432 -0.524600 0.087767 -0.776945 0.623420 -2.232100 0.000000 0.000000 0.000000 1.000000
0.821892 0.435015 0.367771 10.592400 -0.560092 0.499395 0.660985 -0.524600 0.103875 -0.749244 0.654098 -2.232100 0.000000 0.000000 0.000000 1.000000
0.779626 0.480423 0.401718 10.592400 -0.617975 0.486283 0.617766 -0.524600 0.101441 -0.729878 0.676008 -2.232100 0.000000 0.000000 0.000000 1.000000
0.749343 0.506564 0.426472 10.592400 -0.655431 0.475668 0.586642 -0.524600 0.094313 -0.719119 0.688457 -2.232100 0.000000 0.000000 0.000000 1.000000
0.737769 0.515201 0.436195 10.592400 -0.668945 0.471237 0.574846 -0.524600 0.090610 -0.715894 0.692305 -2.232100 0.000000 0.000000 0.000000 1.000000</float_array><technique_common><accessor source="#LeftArm-Matrix-animation-output-transform-array" count="22" stride="16"><param type="float4x4"/></accessor></technique_common></source><source id="LeftArm-Interpolations"><Name_array id="LeftArm-Interpolations-array" count="22">
 LINEAR LINEAR LINEAR LINEAR LINEAR LINEAR LINEAR LINEAR LINEAR LINEAR LINEAR
LINEAR LINEAR LINEAR LINEAR LINEAR LINEAR LINEAR LINEAR LINEAR LINEAR LINEAR</Name_array><technique_common><accessor source="#LeftArm-Interpolations-array" count="22"><param type="name"/></accessor></technique_common></source><sampler id="LeftArm-Matrix-animation-transform"><input semantic="INPUT" source="#LeftArm-Matrix-animation-input"/><input semantic="OUTPUT" source="#LeftArm-Matrix-animation-output-transform"/><input semantic="INTERPOLATION" source="#LeftArm-Interpolations"/></sampler><channel source="#LeftArm-Matrix-animation-transform" target="LeftArm/matrix"/></animation>
    <animation id="LeftForeArm-anim" name="LeftForeArm"><source id="LeftForeArm-Matrix-animation-input"><float_array id="LeftForeArm-Matrix-animation-input-array" count="22">

0.000000 0.033333 0.066667 0.100000 0.133333 0.166667 0.200000 0.233333 0.266667 0.300000 0.333333 0.366667 0.400000 0.433333 0.466667 0.500000
