<?xml version="1.0" encoding="utf-8"?>
<COLLADA xmlns="http://www.collada.org/2005/11/COLLADASchema" version="1.4.1">
  <asset><contributor><author>Mixamo</author><authoring_tool>COLLADA Mixamo exporter</authoring_tool><comments></comments></contributor><created>2020-08-06T10:56:13Z</created><modified>2020-08-06T10:56:13Z</modified><revision></revision><title></title><unit meter="0.010000"/><up_axis>Y_UP</up_axis></asset>
  <library_animations>
    <animation id="Hips-anim" name="Hips"><source id="Hips-Matrix-animation-input"><float_array id="Hips-Matrix-animation-input-array" count="34">

0.000000 0.033333 0.066667 0.100000 0.133333 0.166667 0.200000 0.233333 0.266667 0.300000 0.333333 0.366667 0.400000 0.433333 0.466667 0.500000
0.533333 0.566667 0.600000 0.633333 0.666667 0.700000 0.733333 0.766667 0.800000 0.833333 0.866667 0.900000 0.933333 0.966667 1.000000 1.033333
1.066667 1.100000</float_array><technique_common><accessor source="#Hips-Matrix-animation-input-array" count="34"><param name="TIME" type="float"/></accessor></technique_common></source><source id="Hips-Matrix-animation-output-transform"><float_array id="Hips-Matrix-animation-output-transform-array" count="544">

0.467336 -0.083751 -0.880104 -0.000002 0.030092 0.996433 -0.078842 93.965195 0.883567 0.010362 0.468190 -0.000014 0.000000 0.000000 0.000000 1.000000
0.467492 -0.082998 -0.880092 0.036312 0.030663 0.996506 -0.077689 93.708588 0.883465 0.009333 0.468403 0.337674 0.000000 0.000000 0.000000 1.000000
0.470464 -0.079052 -0.878871 0.076129 0.029059 0.996827 -0.074106 93.118896 0.881941 0.009325 0.471268 0.575641 0.000000 0.000000 0.000000 1.000000
0.479903 -0.070743 -0.874465 0.129068 0.024365 0.997434 -0.067320 92.465958 0.876983 0.011001 0.480395 0.712886 0.000000 0.000000 0.000000 1.000000
0.499261 -0.056842 -0.864585 0.205589 0.015536 0.998273 -0.056660 92.018745 0.866312 0.014856 0.499282 0.179632 0.000000 0.000000 0.000000 1.000000
0.531527 -0.036006 -0.846276 0.316626 0.001301 0.999130 -0.041692 92.022430 0.847041 0.021059 0.531111 -1.616649 0.000000 0.000000 0.000000 1.000000
0.575071 -0.003111 -0.818098 0.506733 -0.030585 0.999212 -0.025298 92.698990 0.817532 0.039570 0.574523 -4.430708 0.000000 0.000000 0.000000 1.000000
0.631184 0.007704 -0.775595 0.535033 -0.050682 0.998223 -0.031330 93.606308 0.773975 0.059083 0.630453 -7.532163 0.000000 0.000000 0.000000 1.000000
0.684898 0.006388 -0.728611 0.471841 -0.060917 0.996963 -0.048522 94.645477 0.726088 0.077618 0.683207 -10.243810 0.000000 0.000000 0.000000 1.000000
0.725039 0.013719 -0.688571 0.464481 -0.060897 0.997162 -0.044256 95.665321 0.686010 0.074019 0.723817 -12.033230 0.000000 0.000000 0.000000 1.000000
0.748522 0.034916 -0.662190 0.552802 -0.069573 0.997236 -0.026061 96.611351 0.659449 0.065578 0.748883 -12.058020 0.000000 0.000000 0.000000 1.000000
0.758903 0.058694 -0.648554 0.664201 -0.081883 0.996626 -0.005621 97.541023 0.646036 0.057371 0.761148 -10.636245 0.000000 0.000000 0.000000 1.000000
0.762868 0.082929 -0.641213 0.807174 -0.096751 0.995216 0.013605 98.428734 0.639274 0.051659 0.767242 -8.829772 0.000000 0.000000 0.000000 1.000000
0.767356 0.099822 -0.633403 1.022745 -0.110204 0.993641 0.023084 99.238846 0.631680 0.052090 0.773478 -7.728533 0.000000 0.000000 0.000000 1.000000
0.788868 0.095887 -0.607036 1.330074 -0.114145 0.993427 0.008585 99.928711 0.603869 0.062518 0.794628 -7.509743 0.000000 0.000000 0.000000 1.000000
0.820777 0.090278 -0.564070 1.803928 -0.109759 0.993958 -0.000629 100.546822 0.560605 0.062428 0.825727 -7.274746 0.000000 0.000000 0.000000 1.000000
0.846081 0.098243 -0.523923 2.453158 -0.112991 0.993589 0.003844 101.129372 0.520941 0.055946 0.851757 -6.965039 0.000000 0.000000 0.000000 1.000000
0.865694 0.107104 -0.488982 3.104651 -0.117149 0.993063 0.010115 101.644966 0.486673 0.048527 0.872235 -6.552129 0.000000 0.000000 0.000000 1.000000
0.884783 0.109969 -0.452843 3.670875 -0.116973 0.993055 0.012608 102.069595 0.451084 0.041815 0.891501 -6.064516 0.000000 0.000000 0.000000 1.000000
0.903039 0.109736 -0.415304 4.090217 -0.114346 0.993345 0.013836 102.384857 0.414059 0.034994 0.909577 -5.498546 0.000000 0.000000 0.000000 1.000000
0.920311 0.109433 -0.375570 4.234383 -0.111497 0.993631 0.016308 102.568130 0.374962 0.026867 0.926651 -4.890512 0.000000 0.000000 0.000000 1.000000
0.936809 0.106446 -0.333253 4.125980 -0.105927 0.994177 0.019784 102.545792 0.333418 0.016767 0.942630 -4.262343 0.000000 0.000000 0.000000 1.000000
0.951201 0.099962 -0.291931 3.954829 -0.096354 0.994988 0.026751 102.345345 0.293141 0.002683 0.956065 -3.648445 0.000000 0.000000 0.000000 1.000000
0.961776 0.095649 -0.256588 3.764240 -0.087703 0.995250 0.042262 102.031708 0.259411 -0.018143 0.965597 -3.088899 0.000000 0.000000 0.000000 1.000000
0.969576 0.090481 -0.227456 3.507235 -0.078848 0.995095 0.059742 101.472290 0.231746 -0.039990 0.971954 -2.563275 0.000000 0.000000 0.000000 1.000000
0.977986 0.084107 -0.190969 3.081097 -0.072505 0.995118 0.066960 101.398758 0.195668 -0.051640 0.979310 -2.000447 0.000000 0.000000 0.000000 1.000000
0.985488 0.077148 -0.151200 2.582230 -0.067203 0.995293 0.069820 101.561333 0.155875 -0.058645 0.986034 -1.464809 0.000000 0.000000 0.000000 1.000000
0.991069 0.070390 -0.113256 2.046674 -0.062827 0.995635 0.069017 101.686333 0.117620 -0.061286 0.991166 -0.976464 0.000000 0.000000 0.000000 1.000000
0.994525 0.064602 -0.082135 1.513484 -0.059328 0.996113 0.065105 101.805115 0.086022 -0.059875 0.994492 -0.555528 0.000000 0.000000 0.000000 1.000000
0.996599 0.059847 -0.056640 1.026777 -0.056662 0.996807 0.056256 101.852539 0.059826 -0.052855 0.996809 -0.305973 0.000000 0.000000 0.000000 1.000000
0.997882 0.055386 -0.034131 0.625832 -0.054013 0.997743 0.039902 101.891800 0.036263 -0.037974 0.998621 -0.162873 0.000000 0.000000 0.000000 1.000000
0.998504 0.052259 -0.016101 0.295097 -0.051874 0.998378 0.023466 101.887711 0.017301 -0.022596 0.999595 -0.070335 0.000000 0.000000 0.000000 1.000000
0.998722 0.050368 -0.004119 0.055016 -0.050323 0.998679 0.010342 101.860359 0.004634 -0.010122 0.999938 -0.017028 0.000000 0.000000 0.000000 1.000000
0.998763 0.049725 0.000246 -0.000008 -0.049726 0.998751 0.004950 101.797340 0.000000 -0.004956 0.999988 -0.000007 0.000000 0.000000 0.000000 1.000000</float_array><technique_common><accessor source="#Hips-Matrix-animation-output-transform-array" count="34" stride="16"><param type="float4x4"/></accessor></technique_common></source><source id="Hips-Interpolations"><Name_array id="Hips-Interpolations-array" count="34">
 LINEAR LINEAR LINEAR LINEAR LINEAR LINEAR LINEAR LINEAR LINEAR LINEAR LINEAR
LINEAR LINEAR LINEAR LINEAR LINEAR LINEAR LINEAR LINEAR LINEAR LINEAR LINEAR LINEAR
LINEAR LINEAR LINEAR LINEAR LINEAR LINEAR LINEAR LINEAR LINEAR LINEAR LINEAR</Name_array><technique_common><accessor source="#Hips-Interpolations-array" count="34"><param type="name"/></accessor></technique_common></source><sampler id="Hips-Matrix-animation-transform"><input semantic="INPUT" source="#Hips-Matrix-animation-input"/><input semantic="OUTPUT" source="#Hips-Matrix-animation-output-transform"/><input semantic="INTERPOLATION" source="#Hips-Interpolations"/></sampler><channel source="#Hips-Matrix-animation-transform" target="Hips/matrix"/></animation>
    <animation id="Spine-anim" name="Spine"><source id="Spine-Matrix-animation-input"><float_array id="Spine-Matrix-animation-input-array" count="34">

0.000000 0.033333 0.066667 0.100000 0.133333 0.166667 0.200000 0.233333 0.266667 0.300000 0.333333 0.366667 0.400000 0.433333 0.466667 0.500000
0.533333 0.566667 0.600000 0.633333 0.666667 0.700000 0.733333 0.766667 0.800000 0.833333 0.866667 0.900000 0.933333 0.966667 1.000000 1.033333
1.066667 1.100000</float_array><technique_common><accessor source="#Spine-Matrix-animation-input-array" count="34"><param name="TIME" type="float"/></accessor></technique_common></source><source id="Spine-Matrix-animation-output-transform"><float_array id="Spine-Matrix-animation-output-transform-array" count="544">

0.997185 0.074813 -0.005020 0.000000 -0.073543 0.962819 -0.259946 10.181600 -0.014614 0.259583 0.965610 0.131500 0.000000 0.000000 0.000000 1.000000
0.996253 0.086455 0.002298 0.000000 -0.082680 0.959877 -0.267957 10.181600 -0.025372 0.266763 0.963428 0.131500 0.000000 0.000000 0.000000 1.000000
0.993695 0.110586 0.018470 0.000000 -0.100588 0.952093 -0.288792 10.181600 -0.049522 0.285114 0.957214 0.131500 0.000000 0.000000 0.000000 1.000000
0.990707 0.131420 0.035041 0.000000 -0.113683 0.941550 -0.317111 10.181600 -0.074668 0.310181 0.947741 0.131500 0.000000 0.000000 0.000000 1.000000
0.990150 0.133233 0.043034 -0.000000 -0.110315 0.931649 -0.346209 10.181600 -0.086219 0.338052 0.937170 0.131500 0.000000 0.000000 0.000000 1.000000
0.994280 0.101634 0.032827 0.000000 -0.082381 0.925405 -0.369917 10.181600 -0.067975 0.365097 0.928485 0.131500 0.000000 0.000000 0.000000 1.000000
0.998799 0.048463 0.007231 0.000000 -0.041894 0.921155 -0.386934 10.181600 -0.025413 0.386167 0.922079 0.131500 0.000000 0.000000 0.000000 1.000000
0.999681 -0.000280 -0.025263 0.000000 -0.009885 0.915887 -0.401314 10.181600 0.023251 0.401436 0.915592 0.131500 0.000000 0.000000 0.000000 1.000000
0.998461 -0.020905 -0.051366 0.000000 -0.002295 0.909860 -0.414909 10.181600 0.055410 0.414389 0.908412 0.131500 0.000000 0.000000 0.000000 1.000000
0.998007 -0.013160 -0.061724 0.000000 -0.014190 0.906185 -0.422644 10.181600 0.061495 0.422677 0.904192 0.131500 0.000000 0.000000 0.000000 1.000000
0.998387 0.001798 -0.056748 0.000000 -0.025575 0.906594 -0.421227 10.181600 0.050690 0.421999 0.905178 0.131500 0.000000 0.000000 0.000000 1.000000
0.998869 0.018767 -0.043688 0.000000 -0.035110 0.910717 -0.411536 10.181600 0.032064 0.412605 0.910346 0.131500 0.000000 0.000000 0.000000 1.000000
0.999360 0.032094 -0.015825 -0.000000 -0.035738 0.917622 -0.395844 10.181600 0.001817 0.396156 0.918181 0.131500 0.000000 0.000000 0.000000 1.000000
0.998965 0.027687 0.036080 0.000000 -0.012203 0.927428 -0.373802 10.181600 -0.043811 0.372975 0.926807 0.131500 0.000000 0.000000 0.000000 1.000000
0.998651 0.017506 0.048891 0.000000 0.000363 0.939089 -0.343675 10.181600 -0.051929 0.343229 0.937815 0.131500 0.000000 0.000000 0.000000 1.000000
0.999618 0.014654 0.023445 -0.000000 -0.006537 0.949211 -0.314574 10.181600 -0.026864 0.314300 0.948944 0.131500 0.000000 0.000000 0.000000 1.000000
0.999967 0.002396 0.007702 0.000000 -0.000064 0.957196 -0.289442 10.181600 -0.008066 0.289432 0.957165 0.131500 0.000000 0.000000 0.000000 1.000000
0.999891 -0.012167 0.008398 0.000000 0.013978 0.963025 -0.269049 10.181600 -0.004814 0.269137 0.963090 0.131500 0.000000 0.000000 0.000000 1.000000
0.999545 -0.026841 0.013790 0.000000 0.029446 0.967496 -0.251167 10.181600 -0.006600 0.251459 0.967845 0.131500 0.000000 0.000000 0.000000 1.000000
0.999194 -0.032950 0.022933 0.000000 0.037418 0.971361 -0.234646 10.181600 -0.014544 0.235315 0.971810 0.131500 0.000000 0.000000 0.000000 1.000000
0.998977 -0.035981 0.027383 0.000000 0.041106 0.974968 -0.218512 10.181600 -0.018835 0.219414 0.975450 0.131500 0.000000 0.000000 0.000000 1.000000
0.999144 -0.033052 0.024881 -0.000000 0.037405 0.978669 -0.202011 10.181600 -0.017673 0.202769 0.979067 0.131500 0.000000 0.000000 0.000000 1.000000
0.999309 -0.028265 0.024143 0.000000 0.032264 0.982081 -0.185677 10.181600 -0.018462 0.186328 0.982314 0.131500 0.000000 0.000000 0.000000 1.000000
0.999279 -0.024897 0.028678 -0.000000 0.029434 0.984905 -0.170577 10.181600 -0.023998 0.171298 0.984927 0.131500 0.000000 0.000000 0.000000 1.000000
0.999205 -0.020954 0.033913 -0.000000 0.025892 0.987974 -0.152434 10.181600 -0.030311 0.153191 0.987732 0.131500 0.000000 0.000000 0.000000 1.000000
0.999087 -0.016811 0.039271 0.000000 0.021874 0.990969 -0.132294 10.181600 -0.036692 0.133032 0.990432 0.131500 0.000000 0.000000 0.000000 1.000000
0.998904 -0.013304 0.044885 -0.000000 0.018223 0.993649 -0.111039 10.181600 -0.043123 0.111735 0.992802 0.131500 0.000000 0.000000 0.000000 1.000000
0.998740 -0.012707 0.048552 0.000000 0.017022 0.995839 -0.089523 10.181600 -0.047213 0.090237 0.994801 0.131500 0.000000 0.000000 0.000000 1.000000
0.998853 -0.014085 0.045762 0.000000 0.017217 0.997483 -0.068790 10.181600 -0.044678 0.069499 0.996581 0.131500 0.000000 0.000000 0.000000 1.000000
0.999383 -0.014697 0.031914 -0.000000 0.016282 0.998618 -0.049978 10.181600 -0.031135 0.050467 0.998240 0.131500 0.000000 0.000000 0.000000 1.000000
0.999795 -0.014942 0.013688 0.000000 0.015398 0.999309 -0.033827 10.181600 -0.013173 0.034030 0.999334 0.131500 0.000000 0.000000 0.000000 1.000000
0.999877 -0.014955 -0.004642 -0.000000 0.014853 0.999665 -0.021178 10.181600 0.004957 0.021107 0.999765 0.131500 0.000000 0.000000 0.000000 1.000000
0.999713 -0.014868 -0.018795 -0.000000 0.014627 0.999810 -0.012915 10.181600 0.018983 0.012636 0.999740 0.131500 0.000000 0.000000 0.000000 1.000000
0.999590 -0.014805 -0.024496 -0.000000 0.014565 0.999844 -0.009950 10.181600 0.024640 0.009589 0.999650 0.131500 0.000000 0.000000 0.000000 1.000000</float_array><technique_common><accessor source="#Spine-Matrix-animation-output-transform-array" count="34" stride="16"><param type="float4x4"/></accessor></technique_common></source><source id="Spine-Interpolations"><Name_array id="Spine-Interpolations-array" count="34">
 LINEAR LINEAR LINEAR LINEAR LINEAR LINEAR LINEAR LINEAR LINEAR LINEAR LINEAR
LINEAR LINEAR LINEAR LINEAR LINEAR LINEAR LINEAR LINEAR LINEAR LINEAR LINEAR LINEAR
LINEAR LINEAR LINEAR LINEAR LINEAR LINEAR LINEAR LINEAR LINEAR LINEAR LINEAR</Name_array><technique_common><accessor source="#Spine-Interpolations-array" count="34"><param type="name"/></accessor></technique_common></source><sampler id="Spine-Matrix-animation-transform"><input semantic="INPUT" source="#Spine-Matrix-animation-input"/><input semantic="OUTPUT" source="#Spine-Matrix-animation-output-transform"/><input semantic="INTERPOLATION" source="#Spine-Interpolations"/></sampler><channel source="#Spine-Matrix-animation-transform" target="Spine/matrix"/></animation>
    <animation id="Spine1-anim" name="Spine1"><source id="Spine1-Matrix-animation-input"><float_array id="Spine1-Matrix-animation-input-array" count="34">

0.000000 0.033333 0.066667 0.100000 0.133333 0.166667 0.200000 0.233333 0.266667 0.300000 0.333333 0.366667 0.400000 0.433333 0.466667 0.500000
0.533333 0.566667 0.600000 0.633333 0.666667 0.700000 0.733333 0.766667 0.800000 0.833333 0.866667 0.900000 0.933333 0.966667 1.000000 1.033333
1.066667 1.100000</float_array><technique_common><accessor source="#Spine1-Matrix-animation-input-array" count="34"><param name="TIME" type="float"/></accessor></technique_common></source><source id="Spine1-Matrix-animation-output-transform"><float_array id="Spine1-Matrix-animation-output-transform-array" count="544">

0.998755 0.048873 0.009969 -0.000000 -0.047600 0.993613 -0.102315 10.083500 -0.014905 0.101713 0.994702 -1.000800 0.000000 0.000000 0.000000 1.000000
0.999108 0.041715 0.006616 0.000000 -0.040809 0.993802 -0.103404 10.083500 -0.010889 0.103042 0.994617 -1.000800 0.000000 0.000000 0.000000 1.000000
0.999678 0.025346 -0.001312 -0.000000 -0.025341 0.993986 -0.106532 10.083500 -0.001396 0.106531 0.994308 -1.000800 0.000000 0.000000 0.000000 1.000000
0.999917 0.007225 -0.010691 -0.000000 -0.008371 0.993744 -0.111370 10.083500 0.009820 0.111450 0.993722 -1.000800 0.000000 0.000000 0.000000 1.000000
0.999803 -0.005273 -0.019142 -0.000000 0.002995 0.993109 -0.117155 10.083500 0.019628 0.117074 0.992929 -1.000800 0.000000 0.000000 0.000000 1.000000
0.999672 -0.007894 -0.024384 0.000000 0.004840 0.992413 -0.122856 10.083500 0.025169 0.122697 0.992125 -1.000800 0.000000 0.000000 0.000000 1.000000
0.999742 -0.004476 -0.022280 -0.000000 0.001594 0.991809 -0.127721 10.083500 0.022669 0.127652 0.991560 -1.000800 0.000000 0.000000 0.000000 1.000000
0.999722 -0.002155 -0.023500 0.000000 -0.000960 0.991285 -0.131733 10.083500 0.023579 0.131719 0.991007 -1.000800 0.000000 0.000000 0.000000 1.000000
0.999747 -0.003408 -0.022218 0.000000 0.000373 0.990820 -0.135189 10.083500 0.022475 0.135147 0.990571 -1.000800 0.000000 0.000000 0.000000 1.000000
0.999808 -0.000436 -0.019603 0.000000 -0.002273 0.990434 -0.137967 10.083500 0.019476 0.137985 0.990243 -1.000800 0.000000 0.000000 0.000000 1.000000
0.999905 -0.003421 -0.013373 0.000000 0.001564 0.990635 -0.136527 10.083500 0.013715 0.136493 0.990546 -1.000800 0.000000 0.000000 0.000000 1.000000
0.999952 -0.009746 -0.000941 0.000000 0.009532 0.990960 -0.133815 10.083500 0.002237 0.133800 0.991006 -1.000800 0.000000 0.000000 0.000000 1.000000
0.999829 -0.016663 0.007966 0.000000 0.017556 0.991404 -0.129654 10.083500 -0.005737 0.129772 0.991527 -1.000800 0.000000 0.000000 0.000000 1.000000
0.999821 -0.018521 0.003790 0.000000 0.018845 0.992398 -0.121617 10.083500 -0.001509 0.121667 0.992570 -1.000800 0.000000 0.000000 0.000000 1.000000
0.999823 -0.018776 0.001503 0.000000 0.018829 0.994133 -0.106512 10.083500 0.000505 0.106521 0.994310 -1.000800 0.000000 0.000000 0.000000 1.000000
0.999767 -0.020876 0.005408 0.000000 0.021297 0.995205 -0.095469 10.083500 -0.003389 0.095562 0.995418 -1.000800 0.000000 0.000000 0.000000 1.000000
0.999768 -0.020872 0.005322 0.000000 0.021271 0.995595 -0.091312 10.083500 -0.003392 0.091404 0.995808 -1.000800 0.000000 0.000000 0.000000 1.000000
0.999765 -0.021352 0.003776 0.000000 0.021603 0.995853 -0.088369 10.083500 -0.001873 0.088430 0.996081 -1.000800 0.000000 0.000000 0.000000 1.000000
0.999744 -0.021849 0.005867 0.000000 0.022263 0.996252 -0.083589 10.083500 -0.004019 0.083698 0.996483 -1.000800 0.000000 0.000000 0.000000 1.000000
0.999673 -0.024894 0.005827 0.000000 0.025276 0.996565 -0.078868 10.083500 -0.003844 0.078990 0.996868 -1.000800 0.000000 0.000000 0.000000 1.000000
0.999551 -0.029086 0.007171 -0.000000 0.029539 0.996795 -0.074344 10.083500 -0.004986 0.074522 0.997207 -1.000800 0.000000 0.000000 0.000000 1.000000
0.999354 -0.034518 0.009973 0.000000 0.035132 0.996938 -0.069864 10.083500 -0.007531 0.070169 0.997507 -1.000800 0.000000 0.000000 0.000000 1.000000
0.999169 -0.039205 0.011173 0.000000 0.039856 0.997040 -0.065745 10.083500 -0.008562 0.066135 0.997774 -1.000800 0.000000 0.000000 0.000000 1.000000
0.998980 -0.043111 0.013419 0.000000 0.043854 0.997169 -0.061079 10.083500 -0.010748 0.061605 0.998043 -1.000800 0.000000 0.000000 0.000000 1.000000
0.998838 -0.045702 0.015297 0.000000 0.046488 0.997366 -0.055684 10.083500 -0.012712 0.056331 0.998331 -1.000800 0.000000 0.000000 0.000000 1.000000
0.998748 -0.048614 0.011825 -0.000000 0.049147 0.997539 -0.050006 10.083500 -0.009365 0.050525 0.998679 -1.000800 0.000000 0.000000 0.000000 1.000000
0.998698 -0.050779 0.004972 0.000000 0.050950 0.997721 -0.044231 10.083500 -0.002714 0.044426 0.999009 -1.000800 0.000000 0.000000 0.000000 1.000000
0.998728 -0.050301 -0.003588 0.000000 0.050126 0.998000 -0.038508 10.083500 0.005518 0.038280 0.999252 -1.000800 0.000000 0.000000 0.000000 1.000000
0.998782 -0.048568 -0.008674 0.000000 0.048259 0.998296 -0.032818 10.083500 0.010253 0.032359 0.999424 -1.000800 0.000000 0.000000 0.000000 1.000000
0.998824 -0.047586 -0.009272 0.000000 0.047317 0.998504 -0.027401 10.083500 0.010562 0.026930 0.999582 -1.000800 0.000000 0.000000 0.000000 1.000000
0.998870 -0.046864 -0.007945 0.000000 0.046674 0.998654 -0.022636 10.083500 0.008995 0.022239 0.999712 -1.000800 0.000000 0.000000 0.000000 1.000000
0.998906 -0.046421 -0.005714 0.000000 0.046306 0.998749 -0.018848 10.083500 0.006582 0.018562 0.999806 -1.000800 0.000000 0.000000 0.000000 1.000000
0.998930 -0.046106 -0.003627 -0.000000 0.046041 0.998806 -0.016346 10.083500 0.004377 0.016161 0.999860 -1.000800 0.000000 0.000000 0.000000 1.000000
0.998939 -0.045966 -0.002703 0.000000 0.045919 0.998826 -0.015440 10.083500 0.003410 0.015300 0.999877 -1.000800 0.000000 0.000000 0.000000 1.000000</float_array><technique_common><accessor source="#Spine1-Matrix-animation-output-transform-array" count="34" stride="16"><param type="float4x4"/></accessor></technique_common></source><source id="Spine1-Interpolations"><Name_array id="Spine1-Interpolations-array" count="34">
 LINEAR LINEAR LINEAR LINEAR LINEAR LINEAR LINEAR LINEAR LINEAR LINEAR LINEAR
LINEAR LINEAR LINEAR LINEAR LINEAR LINEAR LINEAR LINEAR LINEAR LINEAR LINEAR LINEAR
LINEAR LINEAR LINEAR LINEAR LINEAR LINEAR LINEAR LINEAR LINEAR LINEAR LINEAR</Name_array><technique_common><accessor source="#Spine1-Interpolations-array" count="34"><param type="name"/></accessor></technique_common></source><sampler id="Spine1-Matrix-animation-transform"><input semantic="INPUT" source="#Spine1-Matrix-animation-input"/><input semantic="OUTPUT" source="#Spine1-Matrix-animation-output-transform"/><input semantic="INTERPOLATION" source="#Spine1-Interpolations"/></sampler><channel source="#Spine1-Matrix-animation-transform" target="Spine1/matrix"/></animation>
    <animation id="Spine2-anim" name="Spine2"><source id="Spine2-Matrix-animation-input"><float_array id="Spine2-Matrix-animation-input-array" count="34">

0.000000 0.033333 0.066667 0.100000 0.133333 0.166667 0.200000 0.233333 0.266667 0.300000 0.333333 0.366667 0.400000 0.433333 0.466667 0.500000
0.533333 0.566667 0.600000 0.633333 0.666667 0.700000 0.733333 0.766667 0.800000 0.833333 0.866667 0.900000 0.933333 0.966667 1.000000 1.033333
1.066667 1.100000</float_array><technique_common><accessor source="#Spine2-Matrix-animation-input-array" count="34"><param name="TIME" type="float"/></accessor></technique_common></source><source id="Spine2-Matrix-animation-output-transform"><float_array id="Spine2-Matrix-animation-output-transform-array" count="544">

0.998694 0.049813 0.011325 -0.000000 -0.048399 0.993582 -0.102241 9.100000 -0.016345 0.101560 0.994695 -1.373400 0.000000 0.000000 0.000000 1.000000
0.999085 0.041825 0.008959 0.000000 -0.040677 0.993804 -0.103433 9.100000 -0.013230 0.102974 0.994596 -1.373400 0.000000 0.000000 0.000000 1.000000
0.999717 0.023598 0.003151 0.000000 -0.023127 0.994013 -0.106784 9.100000 -0.005652 0.106681 0.994277 -1.373400 0.000000 0.000000 0.000000 1.000000
0.999985 0.003511 -0.004230 0.000000 -0.003962 0.993714 -0.111879 9.100000 0.003811 0.111894 0.993713 -1.373400 0.000000 0.000000 0.000000 1.000000
0.999874 -0.010164 -0.012232 0.000000 0.008651 0.992984 -0.117932 9.100000 0.013345 0.117811 0.992946 -1.373400 0.000000 0.000000 0.000000 1.000000
0.999733 -0.012695 -0.019295 -0.000000 0.010209 0.992245 -0.123878 9.100000 0.020718 0.123648 0.992110 -1.373400 0.000000 0.000000 0.000000 1.000000
0.999796 -0.008154 -0.018498 -0.000000 0.005704 0.991653 -0.128812 9.100000 0.019394 0.128680 0.991497 -1.373400 0.000000 0.000000 0.000000 1.000000
0.999776 -0.004415 -0.020692 -0.000000 0.001633 0.991170 -0.132589 9.100000 0.021095 0.132526 0.990955 -1.373400 0.000000 0.000000 0.000000 1.000000
0.999792 -0.004112 -0.019989 0.000000 0.001361 0.990748 -0.135709 9.100000 0.020362 0.135654 0.990547 -1.373400 0.000000 0.000000 0.000000 1.000000
0.999849 -0.000542 -0.017376 0.000000 -0.001864 0.990407 -0.138171 9.100000 0.017284 0.138183 0.990256 -1.373400 0.000000 0.000000 0.000000 1.000000
0.999936 -0.003003 -0.010934 0.000000 0.001482 0.990627 -0.136584 9.100000 0.011242 0.136559 0.990568 -1.373400 0.000000 0.000000 0.000000 1.000000
0.999966 -0.008122 0.001218 0.000000 0.008212 0.990979 -0.133767 9.100000 -0.000120 0.133772 0.991012 -1.373400 0.000000 0.000000 0.000000 1.000000
0.999826 -0.015037 0.011072 0.000000 0.016344 0.991448 -0.129475 9.100000 -0.009030 0.129634 0.991521 -1.373400 0.000000 0.000000 0.000000 1.000000
0.999786 -0.019853 0.005782 -0.000000 0.020407 0.992431 -0.121095 9.100000 -0.003334 0.121187 0.992624 -1.373400 0.000000 0.000000 0.000000 1.000000
0.999781 -0.020742 0.002913 0.000000 0.020934 0.994159 -0.105880 9.100000 -0.000700 0.105918 0.994375 -1.373400 0.000000 0.000000 0.000000 1.000000
0.999747 -0.021254 0.007325 -0.000000 0.021855 0.995227 -0.095109 9.100000 -0.005269 0.095245 0.995440 -1.373400 0.000000 0.000000 0.000000 1.000000
0.999761 -0.020687 0.007023 -0.000000 0.021241 0.995615 -0.091104 9.100000 -0.005107 0.091231 0.995817 -1.373400 0.000000 0.000000 0.000000 1.000000
0.999755 -0.021575 0.004967 0.000000 0.021929 0.995864 -0.088176 9.100000 -0.003044 0.088263 0.996093 -1.373400 0.000000 0.000000 0.000000 1.000000
0.999737 -0.021917 0.006820 0.000000 0.022410 0.996264 -0.083408 9.100000 -0.004966 0.083538 0.996492 -1.373400 0.000000 0.000000 0.000000 1.000000
0.999666 -0.024959 0.006760 -0.000000 0.025414 0.996575 -0.078695 9.100000 -0.004773 0.078841 0.996876 -1.373400 0.000000 0.000000 0.000000 1.000000
0.999541 -0.029169 0.008238 -0.000000 0.029700 0.996803 -0.074168 9.100000 -0.006048 0.074378 0.997212 -1.373400 0.000000 0.000000 0.000000 1.000000
0.999344 -0.034377 0.011356 0.000000 0.035086 0.996953 -0.069665 9.100000 -0.008926 0.070018 0.997506 -1.373400 0.000000 0.000000 0.000000 1.000000
0.999157 -0.039009 0.012814 0.000000 0.039767 0.997060 -0.065492 9.100000 -0.010221 0.065947 0.997771 -1.373400 0.000000 0.000000 0.000000 1.000000
0.998963 -0.042896 0.015253 -0.000000 0.043748 0.997193 -0.060762 9.100000 -0.012604 0.061366 0.998036 -1.373400 0.000000 0.000000 0.000000 1.000000
0.998812 -0.045560 0.017296 -0.000000 0.046454 0.997386 -0.055348 9.100000 -0.014729 0.056086 0.998317 -1.373400 0.000000 0.000000 0.000000 1.000000
0.998721 -0.048631 0.013826 -0.000000 0.049262 0.997549 -0.049682 9.100000 -0.011376 0.050299 0.998669 -1.373400 0.000000 0.000000 0.000000 1.000000
0.998668 -0.051133 0.006920 0.000000 0.051388 0.997711 -0.043944 9.100000 -0.004657 0.044241 0.999010 -1.373400 0.000000 0.000000 0.000000 1.000000
0.998690 -0.051130 -0.001795 0.000000 0.051024 0.997963 -0.038290 9.100000 0.003749 0.038148 0.999265 -1.373400 0.000000 0.000000 0.000000 1.000000
0.998746 -0.049629 -0.006512 0.000000 0.049392 0.998246 -0.032645 9.100000 0.008121 0.032282 0.999446 -1.373400 0.000000 0.000000 0.000000 1.000000
0.998816 -0.048286 -0.005877 0.000000 0.048109 0.998471 -0.027219 9.100000 0.007183 0.026904 0.999612 -1.373400 0.000000 0.000000 0.000000 1.000000
0.998895 -0.046912 -0.002986 0.000000 0.046833 0.998651 -0.022421 9.100000 0.004034 0.022257 0.999744 -1.373400 0.000000 0.000000 0.000000 1.000000
0.998955 -0.045696 0.000786 -0.000000 0.045703 0.998782 -0.018596 9.100000 0.000064 0.018613 0.999827 -1.373400 0.000000 0.000000 0.000000 1.000000
0.998986 -0.044829 0.004065 0.000000 0.044889 0.998863 -0.016066 9.100000 -0.003340 0.016232 0.999863 -1.373400 0.000000 0.000000 0.000000 1.000000
0.998993 -0.044526 0.005477 0.000000 0.044604 0.998890 -0.015149 9.100000 -0.004797 0.015378 0.999870 -1.373400 0.000000 0.000000 0.000000 1.000000</float_array><technique_common><accessor source="#Spine2-Matrix-animation-output-transform-array" count="34" stride="16"><param type="float4x4"/></accessor></technique_common></source><source id="Spine2-Interpolations"><Name_array id="Spine2-Interpolations-array" count="34">
 LINEAR LINEAR LINEAR LINEAR LINEAR LINEAR LINEAR LINEAR LINEAR LINEAR LINEAR
LINEAR LINEAR LINEAR LINEAR LINEAR LINEAR LINEAR LINEAR LINEAR LINEAR LINEAR LINEAR
LINEAR LINEAR LINEAR LINEAR LINEAR LINEAR LINEAR LINEAR LINEAR LINEAR LINEAR</Name_array><technique_common><accessor source="#Spine2-Interpolations-array" count="34"><param type="name"/></accessor></technique_common></source><sampler id="Spine2-Matrix-animation-transform"><input semantic="INPUT" source="#Spine2-Matrix-animation-input"/><input semantic="OUTPUT" source="#Spine2-Matrix-animation-output-transform"/><input semantic="INTERPOLATION" source="#Spine2-Interpolations"/></sampler><channel source="#Spine2-Matrix-animation-transform" target="Spine2/matrix"/></animation>
    <animation id="Neck-anim" name="Neck"><source id="Neck-Matrix-animation-input"><float_array id="Neck-Matrix-animation-input-array" count="34">

0.000000 0.033333 0.066667 0.100000 0.133333 0.166667 0.200000 0.233333 0.266667 0.300000 0.333333 0.366667 0.400000 0.433333 0.466667 0.500000
0.533333 0.566667 0.600000 0.633333 0.666667 0.700000 0.733333 0.766667 0.800000 0.833333 0.866667 0.900000 0.933333 0.966667 1.000000 1.033333
1.066667 1.100000</float_array><technique_common><accessor source="#Neck-Matrix-animation-input-array" count="34"><param name="TIME" type="float"/></accessor></technique_common></source><source id="Neck-Matrix-animation-output-transform"><float_array id="Neck-Matrix-animation-output-transform-array" count="544">

0.997546 -0.065346 0.025155 0.000000 0.063644 0.995959 0.063367 16.671700 -0.029194 -0.061610 0.997673 -2.516200 0.000000 0.000000 0.000000 1.000000
0.997401 -0.061584 0.037409 -0.000000 0.059145 0.996251 0.063132 16.671700 -0.041157 -0.060755 0.997304 -2.516200 0.000000 0.000000 0.000000 1.000000
0.997404 -0.049894 0.051919 0.000000 0.046715 0.997061 0.060727 16.671700 -0.054796 -0.058144 0.996803 -2.516200 0.000000 0.000000 0.000000 1.000000
0.997241 -0.034796 0.065579 0.000000 0.031135 0.997942 0.056053 16.671700 -0.067394 -0.053856 0.996272 -2.516200 0.000000 0.000000 0.000000 1.000000
0.996948 -0.020998 0.075196 0.000000 0.017308 0.998630 0.049388 16.671700 -0.076130 -0.047936 0.995945 -2.516200 0.000000 0.000000 0.000000 1.000000
0.997136 -0.012660 0.074568 0.000000 0.009900 0.999256 0.037275 16.671700 -0.074984 -0.036430 0.996519 -2.516200 0.000000 0.000000 0.000000 1.000000
0.997408 -0.013338 0.070704 0.000000 0.011467 0.999575 0.026802 16.671700 -0.071031 -0.025922 0.997137 -2.516200 0.000000 0.000000 0.000000 1.000000
0.997666 -0.020998 0.064978 0.000000 0.019510 0.999535 0.023452 16.671700 -0.065440 -0.022130 0.997611 -2.516200 0.000000 0.000000 0.000000 1.000000
0.997790 -0.031767 0.058361 0.000000 0.030303 0.999208 0.025808 16.671700 -0.059135 -0.023982 0.997962 -2.516200 0.000000 0.000000 0.000000 1.000000
0.997785 -0.041734 0.051798 -0.000000 0.040152 0.998706 0.031218 16.671700 -0.053034 -0.029069 0.998170 -2.516200 0.000000 0.000000 0.000000 1.000000
0.997646 -0.051377 0.045422 -0.000000 0.049694 0.998063 0.037436 16.671700 -0.047257 -0.035091 0.998266 -2.516200 0.000000 0.000000 0.000000 1.000000
0.997380 -0.060591 0.039531 0.000000 0.058941 0.997392 0.041652 16.671700 -0.041951 -0.039213 0.998350 -2.516200 0.000000 0.000000 0.000000 1.000000
0.997449 -0.061665 0.035969 0.000000 0.060191 0.997356 0.040726 16.671700 -0.038385 -0.038457 0.998523 -2.516200 0.000000 0.000000 0.000000 1.000000
0.997618 -0.060010 0.034007 0.000000 0.058780 0.997619 0.036066 16.671700 -0.036090 -0.033982 0.998771 -2.516200 0.000000 0.000000 0.000000 1.000000
0.997751 -0.058370 0.032949 -0.000000 0.057385 0.997899 0.030082 16.671700 -0.034636 -0.028123 0.999004 -2.516200 0.000000 0.000000 0.000000 1.000000
0.997883 -0.056439 0.032322 0.000000 0.055655 0.998146 0.024658 16.671700 -0.033654 -0.022807 0.999173 -2.516200 0.000000 0.000000 0.000000 1.000000
0.998051 -0.053754 0.031706 0.000000 0.053148 0.998393 0.019653 16.671700 -0.032712 -0.017930 0.999304 -2.516200 0.000000 0.000000 0.000000 1.000000
0.998261 -0.050505 0.030391 0.000000 0.050054 0.998627 0.015420 16.671700 -0.031128 -0.013872 0.999419 -2.516200 0.000000 0.000000 0.000000 1.000000
0.998483 -0.047084 0.028536 0.000000 0.046740 0.998828 0.012580 16.671700 -0.029095 -0.011227 0.999514 -2.516200 0.000000 0.000000 0.000000 1.000000
0.998709 -0.043591 0.026081 0.000000 0.043357 0.999015 0.009455 16.671700 -0.026468 -0.008312 0.999615 -2.516200 0.000000 0.000000 0.000000 1.000000
0.998966 -0.039432 0.022615 0.000000 0.039293 0.999206 0.006568 16.671700 -0.022856 -0.005672 0.999723 -2.516200 0.000000 0.000000 0.000000 1.000000
0.999261 -0.034620 0.016674 -0.000000 0.034570 0.999397 0.003278 16.671700 -0.016778 -0.002699 0.999856 -2.516200 0.000000 0.000000 0.000000 1.000000
0.999519 -0.029322 0.010120 -0.000000 0.029327 0.999570 -0.000315 16.671700 -0.010107 0.000612 0.999949 -2.516200 0.000000 0.000000 0.000000 1.000000
0.999724 -0.023125 0.004210 0.000000 0.023142 0.999725 -0.003849 16.671700 -0.004119 0.003946 0.999984 -2.516200 0.000000 0.000000 0.000000 1.000000
0.999862 -0.016538 -0.001339 0.000000 0.016529 0.999842 -0.006592 16.671700 0.001447 0.006569 0.999977 -2.516200 0.000000 0.000000 0.000000 1.000000
0.999921 -0.010668 -0.006634 0.000000 0.010606 0.999900 -0.009404 16.671700 0.006734 0.009332 0.999934 -2.516200 0.000000 0.000000 0.000000 1.000000
0.999912 -0.005985 -0.011835 0.000000 0.005839 0.999907 -0.012363 16.671700 0.011908 0.012293 0.999854 -2.516200 0.000000 0.000000 0.000000 1.000000
0.999882 -0.003020 -0.015045 0.000000 0.002797 0.999887 -0.014792 16.671700 0.015088 0.014748 0.999777 -2.516200 0.000000 0.000000 0.000000 1.000000
0.999868 -0.001455 -0.016174 0.000000 0.001185 0.999859 -0.016721 16.671700 0.016196 0.016700 0.999729 -2.516200 0.000000 0.000000 0.000000 1.000000
0.999871 -0.000992 -0.016010 0.000000 0.000699 0.999831 -0.018356 16.671700 0.016026 0.018342 0.999703 -2.516200 0.000000 0.000000 0.000000 1.000000
0.999902 -0.001400 -0.013949 0.000000 0.001123 0.999803 -0.019830 16.671700 0.013974 0.019813 0.999706 -2.516200 0.000000 0.000000 0.000000 1.000000
0.999940 -0.002233 -0.010707 0.000000 0.002009 0.999780 -0.020875 16.671700 0.010752 0.020852 0.999725 -2.516200 0.000000 0.000000 0.000000 1.000000
0.999966 -0.002893 -0.007683 0.000000 0.002727 0.999764 -0.021530 16.671700 0.007743 0.021509 0.999739 -2.516200 0.000000 0.000000 0.000000 1.000000
0.999975 -0.003121 -0.006333 0.000000 0.002983 0.999761 -0.021671 16.671700 0.006399 0.021651 0.999745 -2.516200 0.000000 0.000000 0.000000 1.000000</float_array><technique_common><accessor source="#Neck-Matrix-animation-output-transform-array" count="34" stride="16"><param type="float4x4"/></accessor></technique_common></source><source id="Neck-Interpolations"><Name_array id="Neck-Interpolations-array" count="34">
 LINEAR LINEAR LINEAR LINEAR LINEAR LINEAR LINEAR LINEAR LINEAR LINEAR LINEAR
LINEAR LINEAR LINEAR LINEAR LINEAR LINEAR LINEAR LINEAR LINEAR LINEAR LINEAR LINEAR
LINEAR LINEAR LINEAR LINEAR LINEAR LINEAR LINEAR LINEAR LINEAR LINEAR LINEAR</Name_array><technique_common><accessor source="#Neck-Interpolations-array" count="34"><param type="name"/></accessor></technique_common></source><sampler id="Neck-Matrix-animation-transform"><input semantic="INPUT" source="#Neck-Matrix-animation-input"/><input semantic="OUTPUT" source="#Neck-Matrix-animation-output-transform"/><input semantic="INTERPOLATION" source="#Neck-Interpolations"/></sampler><channel source="#Neck-Matrix-animation-transform" target="Neck/matrix"/></animation>
    <animation id="Head-anim" name="Head"><source id="Head-Matrix-animation-input"><float_array id="Head-Matrix-animation-input-array" count="34">

0.000000 0.033333 0.066667 0.100000 0.133333 0.166667 0.200000 0.233333 0.266667 0.300000 0.333333 0.366667 0.400000 0.433333 0.466667 0.500000
0.533333 0.566667 0.600000 0.633333 0.666667 0.700000 0.733333 0.766667 0.800000 0.833333 0.866667 0.900000 0.933333 0.966667 1.000000 1.033333
1.066667 1.100000</float_array><technique_common><accessor source="#Head-Matrix-animation-input-array" count="34"><param name="TIME" type="float"/></accessor></technique_common></source><source id="Head-Matrix-animation-output-transform"><float_array id="Head-Matrix-animation-output-transform-array" count="544">

0.575444 -0.024199 0.817483 0.000000 -0.239938 0.950582 0.197037 9.617900 -0.781853 -0.309529 0.541200 1.685000 0.000000 0.000000 0.000000 1.000000
0.584964 -0.013790 0.810942 0.000000 -0.254837 0.946094 0.199912 9.617900 -0.769984 -0.323599 0.549916 1.685000 0.000000 0.000000 0.000000 1.000000
0.595365 -0.005716 0.803435 0.000000 -0.281112 0.935290 0.214964 9.617900 -0.752673 -0.353837 0.555231 1.685000 0.000000 0.000000 0.000000 1.000000
0.604790 -0.000299 0.796385 -0.000000 -0.313503 0.919168 0.238425 9.617900 -0.732083 -0.393866 0.555810 1.685000 0.000000 0.000000 0.000000 1.000000
0.607539 0.000793 0.794290 0.000000 -0.347074 0.899745 0.264573 9.617900 -0.714448 -0.436416 0.546905 1.685000 0.000000 0.000000 0.000000 1.000000
0.597276 0.011351 0.801955 0.000000 -0.381704 0.883424 0.271780 9.617900 -0.705381 -0.468438 0.531981 1.685000 0.000000 0.000000 0.000000 1.000000
0.614419 0.030842 0.788377 0.000000 -0.390436 0.880193 0.269851 9.617900 -0.685601 -0.473612 0.552849 1.685000 0.000000 0.000000 0.000000 1.000000
0.641252 0.060886 0.764911 -0.000000 -0.396464 0.879769 0.262342 9.617900 -0.656971 -0.471487 0.588293 1.685000 0.000000 0.000000 0.000000 1.000000
0.669102 0.084066 0.738401 -0.000000 -0.396580 0.880677 0.259098 9.617900 -0.628512 -0.466198 0.622602 1.685000 0.000000 0.000000 0.000000 1.000000
0.704093 0.087069 0.704749 0.000000 -0.364887 0.895769 0.253879 9.617900 -0.609188 -0.435909 0.662475 1.685000 0.000000 0.000000 0.000000 1.000000
0.732907 0.075891 0.676083 0.000000 -0.311725 0.920763 0.234568 9.617900 -0.604711 -0.382669 0.698491 1.685000 0.000000 0.000000 0.000000 1.000000
0.758153 0.062267 0.649097 0.000000 -0.256194 0.943827 0.208698 9.617900 -0.599641 -0.324520 0.731517 1.685000 0.000000 0.000000 0.000000 1.000000
0.787016 0.047547 0.615098 -0.000000 -0.211370 0.957463 0.196436 9.617900 -0.579594 -0.284612 0.763588 1.685000 0.000000 0.000000 0.000000 1.000000
0.816107 0.028768 0.577184 -0.000000 -0.176003 0.963686 0.200828 9.617900 -0.550447 -0.265483 0.791535 1.685000 0.000000 0.000000 0.000000 1.000000
0.841451 0.006708 0.540292 0.000000 -0.149132 0.963967 0.220289 9.617900 -0.519346 -0.265937 0.812131 1.685000 0.000000 0.000000 0.000000 1.000000
0.863054 -0.011565 0.504979 -0.000000 -0.127965 0.962117 0.240739 9.617900 -0.488633 -0.272390 0.828880 1.685000 0.000000 0.000000 0.000000 1.000000
0.879523 -0.017903 0.475519 -0.000000 -0.113456 0.962584 0.246088 9.617900 -0.462133 -0.270390 0.844584 1.685000 0.000000 0.000000 0.000000 1.000000
0.896512 -0.010524 0.442894 0.000000 -0.107183 0.964865 0.239889 9.617900 -0.429858 -0.262534 0.863886 1.685000 0.000000 0.000000 0.000000 1.000000
0.917083 0.004618 0.398669 0.000000 -0.103942 0.968123 0.227890 9.617900 -0.384908 -0.250433 0.888330 1.685000 0.000000 0.000000 0.000000 1.000000
0.934743 0.017096 0.354912 0.000000 -0.098966 0.971843 0.213838 9.617900 -0.341263 -0.235008 0.910116 1.685000 0.000000 0.000000 0.000000 1.000000
0.948968 0.028204 0.314109 -0.000000 -0.094789 0.975449 0.198784 9.617900 -0.300790 -0.218414 0.928343 1.685000 0.000000 0.000000 0.000000 1.000000
0.960185 0.036836 0.276926 0.000000 -0.090814 0.978589 0.184709 9.617900 -0.264193 -0.202503 0.942971 1.685000 0.000000 0.000000 0.000000 1.000000
0.969197 0.046844 0.241791 0.000000 -0.088648 0.982296 0.165031 9.617900 -0.229779 -0.181382 0.956191 1.685000 0.000000 0.000000 0.000000 1.000000
0.977366 0.056946 0.203748 0.000000 -0.085811 0.987017 0.135768 9.617900 -0.193371 -0.150179 0.969564 1.685000 0.000000 0.000000 0.000000 1.000000
0.983566 0.063876 0.168874 0.000000 -0.081508 0.991682 0.099620 9.617900 -0.161106 -0.111747 0.980590 1.685000 0.000000 0.000000 0.000000 1.000000
0.988378 0.068277 0.135824 0.000000 -0.077920 0.994706 0.066997 9.617900 -0.130530 -0.076802 0.988465 1.685000 0.000000 0.000000 0.000000 1.000000
0.991845 0.071701 0.105372 0.000000 -0.075781 0.996502 0.035233 9.617900 -0.102477 -0.042931 0.993809 1.685000 0.000000 0.000000 0.000000 1.000000
0.994022 0.074036 0.080238 0.000000 -0.074996 0.997143 0.009011 9.617900 -0.079342 -0.014975 0.996735 1.685000 0.000000 0.000000 0.000000 1.000000
0.995286 0.076820 0.059199 0.000000 -0.076283 0.997022 -0.011282 9.617900 -0.059889 0.006713 0.998182 1.685000 0.000000 0.000000 0.000000 1.000000
0.995729 0.081125 0.044072 -0.000000 -0.080030 0.996452 -0.026064 9.617900 -0.046030 0.022426 0.998688 1.685000 0.000000 0.000000 0.000000 1.000000
0.995742 0.086877 0.030830 0.000000 -0.085929 0.995823 -0.030852 9.617900 -0.033381 0.028071 0.999048 1.685000 0.000000 0.000000 0.000000 1.000000
