<?xml version="1.0" encoding="utf-8"?>
<COLLADA xmlns="http://www.collada.org/2005/11/COLLADASchema" version="1.4.1">
  <asset><contributor><author>Mixamo</author><authoring_tool>COLLADA Mixamo exporter</authoring_tool><comments></comments></contributor><created>2020-08-06T11:02:07Z</created><modified>2020-08-06T11:02:07Z</modified><revision></revision><title></title><unit meter="0.010000"/><up_axis>Y_UP</up_axis></asset>
  <library_animations>
    <animation id="Hips-anim" name="Hips"><source id="Hips-Matrix-animation-input"><float_array id="Hips-Matrix-animation-input-array" count="16">

0.000000 0.033333 0.066667 0.100000 0.133333 0.166667 0.200000 0.233333 0.266667 0.300000 0.333333 0.366667 0.400000 0.433333 0.466667 0.500000</float_array><technique_common><accessor source="#Hips-Matrix-animation-input-array" count="16"><param name="TIME" type="float"/></accessor></technique_common></source><source id="Hips-Matrix-animation-output-transform"><float_array id="Hips-Matrix-animation-output-transform-array" count="256">

0.765984 -0.168463 -0.620394 -0.001179 -0.290530 0.770161 -0.567842 87.601463 0.573463 0.615201 0.540988 0.359260 0.000000 0.000000 0.000000 1.000000
0.817318 -0.200877 -0.540037 -0.601242 -0.221499 0.755700 -0.616324 89.393478 0.531912 0.623350 0.573153 -1.201385 0.000000 0.000000 0.000000 1.000000
0.857848 -0.223905 -0.462562 -1.327525 -0.159536 0.739593 -0.653874 91.292549 0.488513 0.634720 0.598737 -2.560262 0.000000 0.000000 0.000000 1.000000
0.887918 -0.208820 -0.409874 -2.629760 -0.139115 0.727404 -0.671960 93.441498 0.438463 0.653664 0.616825 -2.355705 0.000000 0.000000 0.000000 1.000000
0.922794 -0.151394 -0.354305 -3.151286 -0.136193 0.732036 -0.667514 93.356575 0.360421 0.664232 0.654899 -2.414075 0.000000 0.000000 0.000000 1.000000
0.954637 -0.057974 -0.292074 -2.587021 -0.144458 0.767543 -0.624508 91.730194 0.260385 0.638371 0.724350 -1.880848 0.000000 0.000000 0.000000 1.000000
0.967944 -0.046693 -0.246789 -1.796180 -0.120738 0.775095 -0.620202 90.272614 0.220244 0.630118 0.744610 -3.216189 0.000000 0.000000 0.000000 1.000000
0.968465 -0.082778 -0.234998 -1.083691 -0.090616 0.761578 -0.641707 88.787910 0.232089 0.642765 0.730060 -4.295535 0.000000 0.000000 0.000000 1.000000
0.944870 -0.105463 -0.309996 -0.846136 -0.133594 0.740177 -0.659008 87.967094 0.298953 0.664090 0.685282 -3.788969 0.000000 0.000000 0.000000 1.000000
0.920962 -0.058961 -0.385166 -0.379452 -0.213668 0.750201 -0.625735 88.905502 0.325846 0.658576 0.678308 -2.708293 0.000000 0.000000 0.000000 1.000000
0.885988 -0.058725 -0.459975 -0.054447 -0.262510 0.754173 -0.601923 90.448112 0.382249 0.654045 0.652772 -1.316452 0.000000 0.000000 0.000000 1.000000
0.854867 -0.093992 -0.510263 0.198112 -0.278734 0.746293 -0.604445 90.735634 0.437618 0.658948 0.611783 0.821667 0.000000 0.000000 0.000000 1.000000
0.822029 -0.144148 -0.550899 0.499509 -0.270588 0.752355 -0.600620 89.385773 0.501049 0.642794 0.579453 1.503248 0.000000 0.000000 0.000000 1.000000
0.796223 -0.151374 -0.585761 0.724525 -0.276289 0.770361 -0.574638 87.441071 0.538233 0.619379 0.571556 1.190835 0.000000 0.000000 0.000000 1.000000
0.777427 -0.154621 -0.609672 0.563769 -0.287559 0.774702 -0.563158 86.311722 0.559390 0.613131 0.557811 0.665041 0.000000 0.000000 0.000000 1.000000
0.766028 -0.168417 -0.620352 -0.004655 -0.290550 0.770139 -0.567862 87.603561 0.573395 0.615242 0.541014 0.359245 0.000000 0.000000 0.000000 1.000000</float_array><technique_common><accessor source="#Hips-Matrix-animation-output-transform-array" count="16" stride="16"><param type="float4x4"/></accessor></technique_common></source><source id="Hips-Interpolations"><Name_array id="Hips-Interpolations-array" count="16">
 LINEAR LINEAR LINEAR LINEAR LINEAR LINEAR LINEAR LINEAR LINEAR LINEAR LINEAR
LINEAR LINEAR LINEAR LINEAR LINEAR</Name_array><technique_common><accessor source="#Hips-Interpolations-array" count="16"><param type="name"/></accessor></technique_common></source><sampler id="Hips-Matrix-animation-transform"><input semantic="INPUT" source="#Hips-Matrix-animation-input"/><input semantic="OUTPUT" source="#Hips-Matrix-animation-output-transform"/><input semantic="INTERPOLATION" source="#Hips-Interpolations"/></sampler><channel source="#Hips-Matrix-animation-transform" target="Hips/matrix"/></animation>
    <animation id="Spine-anim" name="Spine"><source id="Spine-Matrix-animation-input"><float_array id="Spine-Matrix-animation-input-array" count="16">

0.000000 0.033333 0.066667 0.100000 0.133333 0.166667 0.200000 0.233333 0.266667 0.300000 0.333333 0.366667 0.400000 0.433333 0.466667 0.500000</float_array><technique_common><accessor source="#Spine-Matrix-animation-input-array" count="16"><param name="TIME" type="float"/></accessor></technique_common></source><source id="Spine-Matrix-animation-output-transform"><float_array id="Spine-Matrix-animation-output-transform-array" count="256">

0.991157 0.130917 0.021648 0.000000 -0.124465 0.973787 -0.190388 10.181600 -0.046006 0.186010 0.981470 0.131500 0.000000 0.000000 0.000000 1.000000
0.972256 0.230415 0.040345 0.000000 -0.219453 0.958168 -0.183722 10.181600 -0.080990 0.169771 0.982150 0.131500 0.000000 0.000000 0.000000 1.000000
0.944278 0.323269 0.061937 0.000000 -0.308583 0.934936 -0.175134 10.181600 -0.114522 0.146262 0.982595 0.131500 0.000000 0.000000 0.000000 1.000000
0.918999 0.383174 0.092835 0.000000 -0.370085 0.919578 -0.131961 10.181600 -0.135933 0.086915 0.986898 0.131500 0.000000 0.000000 0.000000 1.000000
0.934292 0.344458 0.091904 0.000000 -0.337939 0.937808 -0.079453 10.181600 -0.113557 0.043175 0.992593 0.131500 0.000000 0.000000 0.000000 1.000000
0.971100 0.235239 0.040340 -0.000000 -0.228784 0.965620 -0.123432 10.181600 -0.067989 0.110636 0.991533 0.131500 0.000000 0.000000 0.000000 1.000000
0.975918 0.217703 0.013792 0.000000 -0.211911 0.961158 -0.176831 10.181600 -0.051752 0.169650 0.984145 0.131500 0.000000 0.000000 0.000000 1.000000
0.973342 0.229357 -0.000144 0.000000 -0.226496 0.961101 -0.158062 10.181600 -0.036114 0.153881 0.987429 0.131500 0.000000 0.000000 0.000000 1.000000
0.984790 0.170529 -0.033307 0.000000 -0.172053 0.983817 -0.050015 10.181600 0.024239 0.054985 0.998193 0.131500 0.000000 0.000000 0.000000 1.000000
0.991124 0.012620 -0.132337 0.000000 -0.026463 0.994291 -0.103372 10.181600 0.130276 0.105957 0.985800 0.131500 0.000000 0.000000 0.000000 1.000000
0.983633 -0.067619 -0.167014 -0.000000 0.044858 0.989626 -0.136483 10.181600 0.174510 0.126757 0.976462 0.131500 0.000000 0.000000 0.000000 1.000000
0.982597 -0.078682 -0.168262 0.000000 0.063206 0.993427 -0.095438 10.181600 0.174665 0.083142 0.981111 0.131500 0.000000 0.000000 0.000000 1.000000
0.991751 -0.021444 -0.126371 -0.000000 0.013202 0.997752 -0.065704 10.181600 0.127496 0.063493 0.989805 0.131500 0.000000 0.000000 0.000000 1.000000
0.997436 0.015480 -0.069864 0.000000 -0.023776 0.992546 -0.119528 10.181600 0.067493 0.120883 0.990370 0.131500 0.000000 0.000000 0.000000 1.000000
0.997735 0.063923 -0.020950 -0.000000 -0.066497 0.984278 -0.163629 10.181600 0.010161 0.164651 0.986300 0.131500 0.000000 0.000000 0.000000 1.000000
0.991153 0.130956 0.021583 -0.000000 -0.124514 0.973779 -0.190398 10.181600 -0.045951 0.186026 0.981470 0.131500 0.000000 0.000000 0.000000 1.000000</float_array><technique_common><accessor source="#Spine-Matrix-animation-output-transform-array" count="16" stride="16"><param type="float4x4"/></accessor></technique_common></source><source id="Spine-Interpolations"><Name_array id="Spine-Interpolations-array" count="16">
 LINEAR LINEAR LINEAR LINEAR LINEAR LINEAR LINEAR LINEAR LINEAR LINEAR LINEAR
LINEAR LINEAR LINEAR LINEAR LINEAR</Name_array><technique_common><accessor source="#Spine-Interpolations-array" count="16"><param type="name"/></accessor></technique_common></source><sampler id="Spine-Matrix-animation-transform"><input semantic="INPUT" source="#Spine-Matrix-animation-input"/><input semantic="OUTPUT" source="#Spine-Matrix-animation-output-transform"/><input semantic="INTERPOLATION" source="#Spine-Interpolations"/></sampler><channel source="#Spine-Matrix-animation-transform" target="Spine/matrix"/></animation>
    <animation id="Spine1-anim" name="Spine1"><source id="Spine1-Matrix-animation-input"><float_array id="Spine1-Matrix-animation-input-array" count="16">

0.000000 0.033333 0.066667 0.100000 0.133333 0.166667 0.200000 0.233333 0.266667 0.300000 0.333333 0.366667 0.400000 0.433333 0.466667 0.500000</float_array><technique_common><accessor source="#Spine1-Matrix-animation-input-array" count="16"><param name="TIME" type="float"/></accessor></technique_common></source><source id="Spine1-Matrix-animation-output-transform"><float_array id="Spine1-Matrix-animation-output-transform-array" count="256">

0.989794 0.128044 -0.062551 0.000000 -0.140312 0.952376 -0.270725 10.083500 0.024907 0.276739 0.960622 -1.000800 0.000000 0.000000 0.000000 1.000000
0.992257 0.115211 -0.046388 0.000000 -0.123355 0.957665 -0.260119 10.083500 0.014456 0.263828 0.964462 -1.000800 0.000000 0.000000 0.000000 1.000000
0.994567 0.099781 -0.029667 0.000000 -0.104045 0.961925 -0.252736 10.083500 0.003320 0.254450 0.967080 -1.000800 0.000000 0.000000 0.000000 1.000000
0.996433 0.082677 -0.016910 0.000000 -0.084188 0.960082 -0.266747 10.083500 -0.005819 0.267220 0.963618 -1.000800 0.000000 0.000000 0.000000 1.000000
0.995457 0.091252 -0.027172 0.000000 -0.095195 0.948563 -0.301939 10.083500 -0.001778 0.303154 0.952940 -1.000800 0.000000 0.000000 0.000000 1.000000
0.992735 0.105072 -0.058630 -0.000000 -0.118236 0.942235 -0.313391 10.083500 0.022315 0.318046 0.947813 -1.000800 0.000000 0.000000 0.000000 1.000000
0.993092 0.084774 -0.081123 0.000000 -0.105395 0.948358 -0.299182 10.083500 0.051570 0.305665 0.950742 -1.000800 0.000000 0.000000 0.000000 1.000000
0.992765 0.060933 -0.103462 0.000000 -0.089753 0.948968 -0.302333 10.083500 0.079759 0.309431 0.947571 -1.000800 0.000000 0.000000 0.000000 1.000000
0.988523 0.068905 -0.134444 -0.000000 -0.110768 0.935735 -0.334859 10.083500 0.102731 0.345908 0.932628 -1.000800 0.000000 0.000000 0.000000 1.000000
0.974433 0.110089 -0.195857 -0.000000 -0.167925 0.936006 -0.309343 10.083500 0.149268 0.334324 0.930563 -1.000800 0.000000 0.000000 0.000000 1.000000
0.966689 0.134236 -0.217930 0.000000 -0.196674 0.934463 -0.296814 10.083500 0.163804 0.329788 0.929736 -1.000800 0.000000 0.000000 0.000000 1.000000
0.967512 0.135725 -0.213307 0.000000 -0.200372 0.926144 -0.319544 10.083500 0.154183 0.351903 0.923251 -1.000800 0.000000 0.000000 0.000000 1.000000
0.976038 0.125060 -0.178072 -0.000000 -0.180080 0.923615 -0.338389 10.083500 0.122150 0.362348 0.924004 -1.000800 0.000000 0.000000 0.000000 1.000000
0.983766 0.119031 -0.134299 -0.000000 -0.156141 0.936623 -0.313621 10.083500 0.088457 0.329499 0.940003 -1.000800 0.000000 0.000000 0.000000 1.000000
0.988099 0.120292 -0.095867 0.000000 -0.143275 0.946538 -0.289030 10.083500 0.055974 0.299326 0.952508 -1.000800 0.000000 0.000000 0.000000 1.000000
0.989786 0.128062 -0.062633 -0.000000 -0.140354 0.952347 -0.270808 10.083500 0.024969 0.276833 0.960594 -1.000800 0.000000 0.000000 0.000000 1.000000</float_array><technique_common><accessor source="#Spine1-Matrix-animation-output-transform-array" count="16" stride="16"><param type="float4x4"/></accessor></technique_common></source><source id="Spine1-Interpolations"><Name_array id="Spine1-Interpolations-array" count="16">
 LINEAR LINEAR LINEAR LINEAR LINEAR LINEAR LINEAR LINEAR LINEAR LINEAR LINEAR
LINEAR LINEAR LINEAR LINEAR LINEAR</Name_array><technique_common><accessor source="#Spine1-Interpolations-array" count="16"><param type="name"/></accessor></technique_common></source><sampler id="Spine1-Matrix-animation-transform"><input semantic="INPUT" source="#Spine1-Matrix-animation-input"/><input semantic="OUTPUT" source="#Spine1-Matrix-animation-output-transform"/><input semantic="INTERPOLATION" source="#Spine1-Interpolations"/></sampler><channel source="#Spine1-Matrix-animation-transform" target="Spine1/matrix"/></animation>
    <animation id="Spine2-anim" name="Spine2"><source id="Spine2-Matrix-animation-input"><float_array id="Spine2-Matrix-animation-input-array" count="16">

0.000000 0.033333 0.066667 0.100000 0.133333 0.166667 0.200000 0.233333 0.266667 0.300000 0.333333 0.366667 0.400000 0.433333 0.466667 0.500000</float_array><technique_common><accessor source="#Spine2-Matrix-animation-input-array" count="16"><param name="TIME" type="float"/></accessor></technique_common></source><source id="Spine2-Matrix-animation-output-transform"><float_array id="Spine2-Matrix-animation-output-transform-array" count="256">

0.990253 0.133607 -0.039342 0.000000 -0.139260 0.954409 -0.264028 9.100000 0.002273 0.266933 0.963712 -1.373400 0.000000 0.000000 0.000000 1.000000
0.992283 0.120535 -0.029066 -0.000000 -0.123965 0.959730 -0.252092 9.100000 -0.002491 0.253750 0.967267 -1.373400 0.000000 0.000000 0.000000 1.000000
0.994246 0.105841 -0.016530 0.000000 -0.106673 0.964053 -0.243359 9.100000 -0.009822 0.243721 0.969796 -1.373400 0.000000 0.000000 0.000000 1.000000
0.995812 0.091404 -0.002051 0.000000 -0.088882 0.962601 -0.255927 9.100000 -0.021419 0.255038 0.966694 -1.373400 0.000000 0.000000 0.000000 1.000000
0.994995 0.099590 -0.008168 0.000000 -0.097615 0.951274 -0.292489 9.100000 -0.021359 0.291822 0.956234 -1.373400 0.000000 0.000000 0.000000 1.000000
0.993501 0.108948 -0.032943 0.000000 -0.113796 0.944830 -0.307158 9.100000 -0.002338 0.308911 0.951088 -1.373400 0.000000 0.000000 0.000000 1.000000
0.995487 0.083968 -0.044207 -0.000000 -0.093328 0.950619 -0.295994 9.100000 0.017170 0.298784 0.954166 -1.373400 0.000000 0.000000 0.000000 1.000000
0.996866 0.056130 -0.055740 0.000000 -0.070420 0.950683 -0.302065 9.100000 0.036036 0.305044 0.951656 -1.373400 0.000000 0.000000 0.000000 1.000000
0.994474 0.061049 -0.085412 0.000000 -0.086464 0.937711 -0.336484 9.100000 0.059550 0.342009 0.937808 -1.373400 0.000000 0.000000 0.000000 1.000000
0.985493 0.085714 -0.146482 0.000000 -0.128071 0.941919 -0.310460 9.100000 0.111363 0.324716 0.939232 -1.373400 0.000000 0.000000 0.000000 1.000000
0.980012 0.103391 -0.169962 0.000000 -0.150764 0.943393 -0.295432 9.100000 0.129796 0.315151 0.940124 -1.373400 0.000000 0.000000 0.000000 1.000000
0.979674 0.109180 -0.168279 -0.000000 -0.158537 0.935396 -0.316069 9.100000 0.122899 0.336323 0.933693 -1.373400 0.000000 0.000000 0.000000 1.000000
0.984521 0.107934 -0.138090 0.000000 -0.149003 0.930292 -0.335194 9.100000 0.092285 0.350581 0.931974 -1.373400 0.000000 0.000000 0.000000 1.000000
0.989249 0.109391 -0.097057 -0.000000 -0.134468 0.941297 -0.309642 9.100000 0.057488 0.319364 0.945887 -1.373400 0.000000 0.000000 0.000000 1.000000
0.990939 0.118018 -0.064120 -0.000000 -0.131481 0.949865 -0.283670 9.100000 0.027427 0.289530 0.956776 -1.373400 0.000000 0.000000 0.000000 1.000000
0.990257 0.133584 -0.039331 0.000000 -0.139236 0.954390 -0.264108 9.100000 0.002256 0.267011 0.963691 -1.373400 0.000000 0.000000 0.000000 1.000000</float_array><technique_common><accessor source="#Spine2-Matrix-animation-output-transform-array" count="16" stride="16"><param type="float4x4"/></accessor></technique_common></source><source id="Spine2-Interpolations"><Name_array id="Spine2-Interpolations-array" count="16">
 LINEAR LINEAR LINEAR LINEAR LINEAR LINEAR LINEAR LINEAR LINEAR LINEAR LINEAR
LINEAR LINEAR LINEAR LINEAR LINEAR</Name_array><technique_common><accessor source="#Spine2-Interpolations-array" count="16"><param type="name"/></accessor></technique_common></source><sampler id="Spine2-Matrix-animation-transform"><input semantic="INPUT" source="#Spine2-Matrix-animation-input"/><input semantic="OUTPUT" source="#Spine2-Matrix-animation-output-transform"/><input semantic="INTERPOLATION" source="#Spine2-Interpolations"/></sampler><channel source="#Spine2-Matrix-animation-transform" target="Spine2/matrix"/></animation>
    <animation id="Neck-anim" name="Neck"><source id="Neck-Matrix-animation-input"><float_array id="Neck-Matrix-animation-input-array" count="16">

0.000000 0.033333 0.066667 0.100000 0.133333 0.166667 0.200000 0.233333 0.266667 0.300000 0.333333 0.366667 0.400000 0.433333 0.466667 0.500000</float_array><technique_common><accessor source="#Neck-Matrix-animation-input-array" count="16"><param name="TIME" type="float"/></accessor></technique_common></source><source id="Neck-Matrix-animation-output-transform"><float_array id="Neck-Matrix-animation-output-transform-array" count="256">

0.932220 -0.224715 0.283672 0.000000 0.009834 0.799295 0.600858 16.671700 -0.361759 -0.557342 0.747329 -2.516200 0.000000 0.000000 0.000000 1.000000
0.937181 -0.247287 0.246053 0.000000 0.050127 0.793479 0.606530 16.671700 -0.345224 -0.556094 0.756029 -2.516200 0.000000 0.000000 0.000000 1.000000
0.940158 -0.269211 0.208872 0.000000 0.091306 0.789628 0.606754 16.671700 -0.328276 -0.551374 0.766956 -2.516200 0.000000 0.000000 0.000000 1.000000
0.938008 -0.304320 0.165923 0.000000 0.145125 0.779534 0.609315 16.671700 -0.314770 -0.547463 0.775374 -2.516200 0.000000 0.000000 0.000000 1.000000
0.935943 -0.327592 0.129207 0.000000 0.172123 0.745655 0.643717 16.671700 -0.307221 -0.580243 0.754277 -2.516200 0.000000 0.000000 0.000000 1.000000
0.937019 -0.330056 0.114278 0.000000 0.171695 0.720181 0.672206 16.671700 -0.304166 -0.610248 0.731491 -2.516200 0.000000 0.000000 0.000000 1.000000
0.943050 -0.298239 0.147347 0.000000 0.126731 0.731650 0.669796 16.671700 -0.307566 -0.612978 0.727779 -2.516200 0.000000 0.000000 0.000000 1.000000
0.944506 -0.251659 0.211131 0.000000 0.056981 0.758494 0.649184 16.671700 -0.323514 -0.601128 0.730742 -2.516200 0.000000 0.000000 0.000000 1.000000
0.929623 -0.216350 0.298319 0.000000 -0.015840 0.785314 0.618895 16.671700 -0.368172 -0.580064 0.726619 -2.516200 0.000000 0.000000 0.000000 1.000000
0.899138 -0.235270 0.369051 -0.000000 -0.022578 0.817170 0.575954 16.671700 -0.437082 -0.526195 0.729437 -2.516200 0.000000 0.000000 0.000000 1.000000
0.883273 -0.206936 0.420720 0.000000 -0.079390 0.818361 0.569194 16.671700 -0.462088 -0.536155 0.706408 -2.516200 0.000000 0.000000 0.000000 1.000000
0.878715 -0.168731 0.446531 -0.000000 -0.137792 0.805963 0.575706 16.671700 -0.457027 -0.567410 0.684961 -2.516200 0.000000 0.000000 0.000000 1.000000
0.883000 -0.157555 0.442139 0.000000 -0.147893 0.800606 0.580652 16.671700 -0.445464 -0.578105 0.683634 -2.516200 0.000000 0.000000 0.000000 1.000000
0.898725 -0.172330 0.403232 0.000000 -0.100880 0.813630 0.572564 16.671700 -0.426752 -0.555256 0.713844 -2.516200 0.000000 0.000000 0.000000 1.000000
0.916463 -0.198903 0.347178 -0.000000 -0.044655 0.811422 0.582752 16.671700 -0.397620 -0.549574 0.734756 -2.516200 0.000000 0.000000 0.000000 1.000000
0.931582 -0.232061 0.279827 -0.000000 0.015002 0.793631 0.608215 16.671700 -0.363222 -0.562404 0.742813 -2.516200 0.000000 0.000000 0.000000 1.000000</float_array><technique_common><accessor source="#Neck-Matrix-animation-output-transform-array" count="16" stride="16"><param type="float4x4"/></accessor></technique_common></source><source id="Neck-Interpolations"><Name_array id="Neck-Interpolations-array" count="16">
 LINEAR LINEAR LINEAR LINEAR LINEAR LINEAR LINEAR LINEAR LINEAR LINEAR LINEAR
LINEAR LINEAR LINEAR LINEAR LINEAR</Name_array><technique_common><accessor source="#Neck-Interpolations-array" count="16"><param type="name"/></accessor></technique_common></source><sampler id="Neck-Matrix-animation-transform"><input semantic="INPUT" source="#Neck-Matrix-animation-input"/><input semantic="OUTPUT" source="#Neck-Matrix-animation-output-transform"/><input semantic="INTERPOLATION" source="#Neck-Interpolations"/></sampler><channel source="#Neck-Matrix-animation-transform" target="Neck/matrix"/></animation>
    <animation id="Head-anim" name="Head"><source id="Head-Matrix-animation-input"><float_array id="Head-Matrix-animation-input-array" count="16">

0.000000 0.033333 0.066667 0.100000 0.133333 0.166667 0.200000 0.233333 0.266667 0.300000 0.333333 0.366667 0.400000 0.433333 0.466667 0.500000</float_array><technique_common><accessor source="#Head-Matrix-animation-input-array" count="16"><param name="TIME" type="float"/></accessor></technique_common></source><source id="Head-Matrix-animation-output-transform"><float_array id="Head-Matrix-animation-output-transform-array" count="256">

0.955369 -0.142573 0.258734 0.000000 -0.060801 0.762184 0.644499 9.617900 -0.289091 -0.631466 0.719498 1.685000 0.000000 0.000000 0.000000 1.000000
0.972104 -0.135109 0.191729 -0.000000 -0.015619 0.778324 0.627668 9.617900 -0.234031 -0.613153 0.754502 1.685000 0.000000 0.000000 0.000000 1.000000
0.984267 -0.128480 0.121291 0.000000 0.029094 0.794955 0.605970 9.617900 -0.174276 -0.592908 0.786186 1.685000 0.000000 0.000000 0.000000 1.000000
0.989508 -0.129061 0.064941 0.000000 0.069520 0.819349 0.569064 9.617900 -0.126653 -0.558579 0.819725 1.685000 0.000000 0.000000 0.000000 1.000000
0.991065 -0.132242 0.017373 0.000000 0.101691 0.833462 0.543139 9.617900 -0.086306 -0.536519 0.839463 1.685000 0.000000 0.000000 0.000000 1.000000
0.990229 -0.139264 0.007286 0.000000 0.114176 0.839623 0.531033 9.617900 -0.080071 -0.525013 0.847320 1.685000 0.000000 0.000000 0.000000 1.000000
0.985817 -0.166728 0.019136 0.000000 0.125936 0.810313 0.572305 9.617900 -0.110925 -0.561778 0.819818 1.685000 0.000000 0.000000 0.000000 1.000000
0.978621 -0.202113 0.038100 -0.000000 0.134012 0.767138 0.627328 9.617900 -0.156019 -0.608810 0.777823 1.685000 0.000000 0.000000 0.000000 1.000000
0.966682 -0.235145 0.101158 0.000000 0.114628 0.750988 0.650290 9.617900 -0.228881 -0.617028 0.752921 1.685000 0.000000 0.000000 0.000000 1.000000
0.941541 -0.267991 0.204160 0.000000 0.063592 0.736477 0.673467 9.617900 -0.330843 -0.621114 0.710465 1.685000 0.000000 0.000000 0.000000 1.000000
0.930793 -0.274153 0.241793 -0.000000 0.040774 0.735195 0.676628 9.617900 -0.363265 -0.619942 0.695493 1.685000 0.000000 0.000000 0.000000 1.000000
0.934209 -0.260677 0.243517 -0.000000 0.015844 0.712294 0.701703 9.617900 -0.356373 -0.651679 0.669562 1.685000 0.000000 0.000000 0.000000 1.000000
0.942822 -0.234987 0.236364 -0.000000 0.000278 0.709724 0.704480 9.617900 -0.333297 -0.664134 0.669208 1.685000 0.000000 0.000000 0.000000 1.000000
0.948534 -0.178000 0.261914 -0.000000 -0.049573 0.733416 0.677970 9.617900 -0.312771 -0.656062 0.686846 1.685000 0.000000 0.000000 0.000000 1.000000
0.949745 -0.144740 0.277551 -0.000000 -0.076380 0.752720 0.653895 9.617900 -0.303563 -0.642233 0.703837 1.685000 0.000000 0.000000 0.000000 1.000000
0.954552 -0.139830 0.263206 -0.000000 -0.062888 0.768735 0.636468 9.617900 -0.291333 -0.624094 0.725004 1.685000 0.000000 0.000000 0.000000 1.000000</float_array><technique_common><accessor source="#Head-Matrix-animation-output-transform-array" count="16" stride="16"><param type="float4x4"/></accessor></technique_common></source><source id="Head-Interpolations"><Name_array id="Head-Interpolations-array" count="16">
 LINEAR LINEAR LINEAR LINEAR LINEAR LINEAR LINEAR LINEAR LINEAR LINEAR LINEAR
LINEAR LINEAR LINEAR LINEAR LINEAR</Name_array><technique_common><accessor source="#Head-Interpolations-array" count="16"><param type="name"/></accessor></technique_common></source><sampler id="Head-Matrix-animation-transform"><input semantic="INPUT" source="#Head-Matrix-animation-input"/><input semantic="OUTPUT" source="#Head-Matrix-animation-output-transform"/><input semantic="INTERPOLATION" source="#Head-Interpolations"/></sampler><channel source="#Head-Matrix-animation-transform" target="Head/matrix"/></animation>
    <animation id="LeftShoulder-anim" name="LeftShoulder"><source id="LeftShoulder-Matrix-animation-input"><float_array id="LeftShoulder-Matrix-animation-input-array" count="16">

0.000000 0.033333 0.066667 0.100000 0.133333 0.166667 0.200000 0.233333 0.266667 0.300000 0.333333 0.366667 0.400000 0.433333 0.466667 0.500000</float_array><technique_common><accessor source="#LeftShoulder-Matrix-animation-input-array" count="16"><param name="TIME" type="float"/></accessor></technique_common></source><source id="LeftShoulder-Matrix-animation-output-transform"><float_array id="LeftShoulder-Matrix-animation-output-transform-array" count="256">

0.958549 0.228670 -0.169983 4.570400 -0.235412 0.971682 -0.020354 10.946000 0.160515 0.059526 0.985237 -2.628000 0.000000 0.000000 0.000000 1.000000
0.965482 0.180639 -0.187653 4.570400 -0.188103 0.981889 -0.022614 10.946000 0.180170 0.057131 0.981975 -2.628000 0.000000 0.000000 0.000000 1.000000
0.971949 0.141146 -0.188131 4.570400 -0.148310 0.988638 -0.024491 10.946000 0.182537 0.051706 0.981838 -2.628000 0.000000 0.000000 0.000000 1.000000
0.964888 0.150265 -0.215435 4.570400 -0.158939 0.987011 -0.023415 10.946000 0.209119 0.056834 0.976237 -2.628000 0.000000 0.000000 0.000000 1.000000
0.964091 0.159751 -0.212151 4.570400 -0.168500 0.985417 -0.023704 10.946000 0.205271 0.058600 0.976949 -2.628000 0.000000 0.000000 0.000000 1.000000
0.958228 0.145367 -0.246309 4.570400 -0.156353 0.987371 -0.025540 10.946000 0.239485 0.062984 0.968855 -2.628000 0.000000 0.000000 0.000000 1.000000
0.952298 0.125332 -0.278245 4.570400 -0.138631 0.989932 -0.028566 10.946000 0.271863 0.065777 0.960085 -2.628000 0.000000 0.000000 0.000000 1.000000
0.949139 0.102430 -0.297730 4.570400 -0.117248 0.992578 -0.032292 10.946000 0.292213 0.065557 0.954104 -2.628000 0.000000 0.000000 0.000000 1.000000
0.962014 0.083345 -0.259965 4.570400 -0.094682 0.995013 -0.031372 10.946000 0.256054 0.054795 0.965108 -2.628000 0.000000 0.000000 0.000000 1.000000
0.974406 0.072121 -0.212912 4.570400 -0.079769 0.996433 -0.027540 10.946000 0.210166 0.043819 0.976683 -2.628000 0.000000 0.000000 0.000000 1.000000
0.976474 0.093301 -0.194405 4.570400 -0.100063 0.994661 -0.025234 10.946000 0.191013 0.044093 0.980597 -2.628000 0.000000 0.000000 0.000000 1.000000
0.974385 0.152215 -0.165543 4.570400 -0.158338 0.987084 -0.024364 10.946000 0.159697 0.049952 0.985901 -2.628000 0.000000 0.000000 0.000000 1.000000
0.966777 0.199972 -0.159229 4.570400 -0.205845 0.978357 -0.021113 10.946000 0.151560 0.053188 0.987016 -2.628000 0.000000 0.000000 0.000000 1.000000
0.958814 0.232924 -0.162549 4.570400 -0.239058 0.970820 -0.018977 10.946000 0.153385 0.057054 0.986518 -2.628000 0.000000 0.000000 0.000000 1.000000
0.953445 0.251297 -0.166710 4.570400 -0.258078 0.965917 -0.019981 10.946000 0.156007 0.062075 0.985803 -2.628000 0.000000 0.000000 0.000000 1.000000
0.958467 0.229135 -0.169818 4.570400 -0.235844 0.971581 -0.020174 10.946000 0.160370 0.059386 0.985269 -2.628000 0.000000 0.000000 0.000000 1.000000</float_array><technique_common><accessor source="#LeftShoulder-Matrix-animation-output-transform-array" count="16" stride="16"><param type="float4x4"/></accessor></technique_common></source><source id="LeftShoulder-Interpolations"><Name_array id="LeftShoulder-Interpolations-array" count="16">
 LINEAR LINEAR LINEAR LINEAR LINEAR LINEAR LINEAR LINEAR LINEAR LINEAR LINEAR
LINEAR LINEAR LINEAR LINEAR LINEAR</Name_array><technique_common><accessor source="#LeftShoulder-Interpolations-array" count="16"><param type="name"/></accessor></technique_common></source><sampler id="LeftShoulder-Matrix-animation-transform"><input semantic="INPUT" source="#LeftShoulder-Matrix-animation-input"/><input semantic="OUTPUT" source="#LeftShoulder-Matrix-animation-output-transform"/><input semantic="INTERPOLATION" source="#LeftShoulder-Interpolations"/></sampler><channel source="#LeftShoulder-Matrix-animation-transform" target="LeftShoulder/matrix"/></animation>
    <animation id="LeftArm-anim" name="LeftArm"><source id="LeftArm-Matrix-animation-input"><float_array id="LeftArm-Matrix-animation-input-array" count="16">

0.000000 0.033333 0.066667 0.100000 0.133333 0.166667 0.200000 0.233333 0.266667 0.300000 0.333333 0.366667 0.400000 0.433333 0.466667 0.500000</float_array><technique_common><accessor source="#LeftArm-Matrix-animation-input-array" count="16"><param name="TIME" type="float"/></accessor></technique_common></source><source id="LeftArm-Matrix-animation-output-transform"><float_array id="LeftArm-Matrix-animation-output-transform-array" count="256">

0.917269 0.395600 -0.046027 10.592400 -0.091331 0.321425 0.942520 -0.524600 0.387655 -0.860341 0.330964 -2.232100 0.000000 0.000000 0.000000 1.000000
0.897002 0.441816 -0.013648 10.592400 -0.165367 0.364054 0.916580 -0.524600 0.409928 -0.819917 0.399619 -2.232100 0.000000 0.000000 0.000000 1.000000
0.859570 0.510520 -0.022570 10.592400 -0.208852 0.391272 0.896263 -0.524600 0.466391 -0.765687 0.442948 -2.232100 0.000000 0.000000 0.000000 1.000000
0.825807 0.555542 -0.097040 10.592400 -0.186675 0.431645 0.882516 -0.524600 0.532161 -0.710673 0.460161 -2.232100 0.000000 0.000000 0.000000 1.000000
0.780967 0.597578 -0.181634 10.592400 -0.147056 0.458569 0.876407 -0.524600 0.607013 -0.657735 0.446004 -2.232100 0.000000 0.000000 0.000000 1.000000
0.783998 0.582839 -0.213648 10.592400 -0.119527 0.479464 0.869383 -0.524600 0.609147 -0.656058 0.445564 -2.232100 0.000000 0.000000 0.000000 1.000000
0.788329 0.562570 -0.249102 10.592400 -0.087876 0.503681 0.859409 -0.524600 0.608946 -0.655607 0.446503 -2.232100 0.000000 0.000000 0.000000 1.000000
0.807716 0.526312 -0.265688 10.592400 -0.057771 0.519131 0.852740 -0.524600 0.586734 -0.673423 0.449716 -2.232100 0.000000 0.000000 0.000000 1.000000
0.863724 0.433235 -0.257465 10.592400 -0.006438 0.520322 0.853946 -0.524600 0.503925 -0.735916 0.452203 -2.232100 0.000000 0.000000 0.000000 1.000000
0.946401 0.253320 -0.200383 10.592400 0.037790 0.529289 0.847599 -0.524600 0.320775 -0.809742 0.491347 -2.232100 0.000000 0.000000 0.000000 1.000000
0.975329 0.139961 -0.170717 10.592400 0.070686 0.534612 0.842136 -0.524600 0.209133 -0.833427 0.511529 -2.232100 0.000000 0.000000 0.000000 1.000000
0.977118 0.149700 -0.151097 10.592400 0.058005 0.495913 0.866433 -0.524600 0.204636 -0.855372 0.475882 -2.232100 0.000000 0.000000 0.000000 1.000000
0.960121 0.250865 -0.123428 10.592400 0.004278 0.428235 0.903657 -0.524600 0.279553 -0.868148 0.410084 -2.232100 0.000000 0.000000 0.000000 1.000000
0.932937 0.350627 -0.081792 10.592400 -0.059778 0.374870 0.925148 -0.524600 0.355044 -0.858215 0.370690 -2.232100 0.000000 0.000000 0.000000 1.000000
0.921127 0.386848 -0.043282 10.592400 -0.098718 0.339708 0.935336 -0.524600 0.376536 -0.857290 0.351104 -2.232100 0.000000 0.000000 0.000000 1.000000
0.917114 0.395946 -0.046140 10.592400 -0.091343 0.321408 0.942525 -0.524600 0.388018 -0.860188 0.330935 -2.232100 0.000000 0.000000 0.000000 1.000000</float_array><technique_common><accessor source="#LeftArm-Matrix-animation-output-transform-array" count="16" stride="16"><param type="float4x4"/></accessor></technique_common></source><source id="LeftArm-Interpolations"><Name_array id="LeftArm-Interpolations-array" count="16">
 LINEAR LINEAR LINEAR LINEAR LINEAR LINEAR LINEAR LINEAR LINEAR LINEAR LINEAR
LINEAR LINEAR LINEAR LINEAR LINEAR</Name_array><technique_common><accessor source="#LeftArm-Interpolations-array" count="16"><param type="name"/></accessor></technique_common></source><sampler id="LeftArm-Matrix-animation-transform"><input semantic="INPUT" source="#LeftArm-Matrix-animation-input"/><input semantic="OUTPUT" source="#LeftArm-Matrix-animation-output-transform"/><input semantic="INTERPOLATION" source="#LeftArm-Interpolations"/></sampler><channel source="#LeftArm-Matrix-animation-transform" target="LeftArm/matrix"/></animation>
    <animation id="LeftForeArm-anim" name="LeftForeArm"><source id="LeftForeArm-Matrix-animation-input"><float_array id="LeftForeArm-Matrix-animation-input-array" count="16">

0.000000 0.033333 0.066667 0.100000 0.133333 0.166667 0.200000 0.233333 0.266667 0.300000 0.333333 0.366667 0.400000 0.433333 0.466667 0.500000</float_array><technique_common><accessor source="#LeftForeArm-Matrix-animation-input-array" count="16"><param name="TIME" type="float"/></accessor></technique_common></source><source id="LeftForeArm-Matrix-animation-output-transform"><float_array id="LeftForeArm-Matrix-animation-output-transform-array" count="256">

0.661453 -0.518680 -0.541711 27.841499 0.050857 0.751652 -0.657596 -0.000100 0.748260 0.407419 0.523561 0.000000 0.000000 0.000000 0.000000 1.000000
0.648533 -0.563921 -0.511271 27.841499 0.064603 0.710031 -0.701201 -0.000100 0.758440 0.421722 0.496910 0.000000 0.000000 0.000000 0.000000 1.000000
0.657900 -0.609640 -0.442161 27.841499 0.091131 0.647249 -0.756812 -0.000100 0.747571 0.457612 0.481382 0.000000 0.000000 0.000000 0.000000 1.000000
0.693651 -0.628636 -0.351660 27.841499 0.117547 0.580450 -0.805767 -0.000100 0.710655 0.517585 0.476524 0.000000 0.000000 0.000000 0.000000 1.000000
0.676393 -0.658262 -0.330430 27.841499 0.119406 0.540691 -0.832704 -0.000100 0.726797 0.523780 0.444320 0.000000 0.000000 0.000000 0.000000 1.000000
0.617584 -0.683811 -0.388578 27.841499 0.103984 0.560710 -0.821457 -0.000100 0.779601 0.466912 0.417391 0.000000 0.000000 0.000000 0.000000 1.000000
0.584514 -0.678911 -0.444323 27.841499 0.086131 0.596435 -0.798027 -0.000100 0.806799 0.428187 0.407100 0.000000 0.000000 0.000000 0.000000 1.000000
0.557649 -0.664860 -0.496980 27.841499 0.073544 0.635934 -0.768231 -0.000100 0.826812 0.391853 0.403525 -0.000000 0.000000 0.000000 0.000000 1.000000
0.591432 -0.611895 -0.525159 27.841499 0.080333 0.692748 -0.716692 -0.000100 0.802343 0.381687 0.458869 0.000000 0.000000 0.000000 0.000000 1.000000
0.675488 -0.506298 -0.536077 27.841499 0.087711 0.777019 -0.623336 -0.000100 0.732136 0.374037 0.569275 0.000000 0.000000 0.000000 0.000000 1.000000
0.774354 -0.416429 -0.476406 27.841499 0.085164 0.814651 -0.573664 -0.000100 0.626995 0.403646 0.666294 0.000000 0.000000 0.000000 0.000000 1.000000
0.787813 -0.384203 -0.481393 27.841499 0.069815 0.832257 -0.549977 -0.000100 0.611945 0.399671 0.682486 0.000000 0.000000 0.000000 0.000000 1.000000
0.746448 -0.443155 -0.496416 27.841499 0.076320 0.798082 -0.597695 -0.000100 0.661053 0.408262 0.629549 -0.000000 0.000000 0.000000 0.000000 1.000000
0.687404 -0.504517 -0.522435 27.841499 0.073425 0.763924 -0.641115 -0.000100 0.722554 0.402345 0.562168 0.000000 0.000000 0.000000 0.000000 1.000000
0.651320 -0.536346 -0.536764 27.841499 0.065476 0.744468 -0.664440 -0.000100 0.755973 0.397618 0.520005 0.000000 0.000000 0.000000 0.000000 1.000000
0.661474 -0.518666 -0.541699 27.841499 0.050853 0.751652 -0.657596 -0.000100 0.748242 0.407436 0.523574 0.000000 0.000000 0.000000 0.000000 1.000000</float_array><technique_common><accessor source="#LeftForeArm-Matrix-animation-output-transform-array" count="16" stride="16"><param type="float4x4"/></accessor></technique_common></source><source id="LeftForeArm-Interpolations"><Name_array id="LeftForeArm-Interpolations-array" count="16">
 LINEAR LINEAR LINEAR LINEAR LINEAR LINEAR LINEAR LINEAR LINEAR LINEAR LINEAR
LINEAR LINEAR LINEAR LINEAR LINEAR</Name_array><technique_common><accessor source="#LeftForeArm-Interpolations-array" count="16"><param type="name"/></accessor></technique_common></source><sampler id="LeftForeArm-Matrix-animation-transform"><input semantic="INPUT" source="#LeftForeArm-Matrix-animation-input"/><input semantic="OUTPUT" source="#LeftForeArm-Matrix-animation-output-transform"/><input semantic="INTERPOLATION" source="#LeftForeArm-Interpolations"/></sampler><channel source="#LeftForeArm-Matrix-animation-transform" target="LeftForeArm/matrix"/></animation>
    <animation id="LeftHand-anim" name="LeftHand"><source id="LeftHand-Matrix-animation-input"><float_array id="LeftHand-Matrix-animation-input-array" count="16">

0.000000 0.033333 0.066667 0.100000 0.133333 0.166667 0.200000 0.233333 0.266667 0.300000 0.333333 0.366667 0.400000 0.433333 0.466667 0.500000</float_array><technique_common><accessor source="#LeftHand-Matrix-animation-input-array" count="16"><param name="TIME" type="float"/></accessor></technique_common></source><source id="LeftHand-Matrix-animation-output-transform"><float_array id="LeftHand-Matrix-animation-output-transform-array" count="256">

0.990658 -0.080534 -0.110050 28.328800 0.112822 0.937328 0.329677 0.000000 0.076603 -0.339013 0.937658 -0.000000 0.000000 0.000000 0.000000 1.000000
0.984767 -0.124613 -0.121264 28.328800 0.158471 0.930229 0.331001 0.000000 0.071557 -0.345175 0.935806 0.000000 0.000000 0.000000 0.000000 1.000000
0.979034 -0.174843 -0.104513 28.328800 0.200295 0.919699 0.337690 0.000000 0.037078 -0.351544 0.935437 0.000000 0.000000 0.000000 0.000000 1.000000
0.975315 -0.186613 -0.118052 28.328800 0.216057 0.916887 0.335616 0.000000 0.045610 -0.352837 0.934572 0.000000 0.000000 0.000000 0.000000 1.000000
0.983001 -0.158749 -0.092235 28.328800 0.180927 0.922980 0.339667 0.000000 0.031209 -0.350581 0.936012 0.000000 0.000000 0.000000 0.000000 1.000000
0.994950 -0.096812 -0.026495 28.328800 0.099991 0.933032 0.345620 0.000000 -0.008739 -0.346524 0.938001 -0.000000 0.000000 0.000000 0.000000 1.000000
0.998474 -0.038899 0.039189 28.328800 0.023075 0.938730 0.343880 0.000000 -0.050165 -0.342451 0.938196 0.000000 0.000000 0.000000 0.000000 1.000000
0.995543 0.003032 0.094262 28.328800 -0.034820 0.940687 0.337485 0.000000 -0.087648 -0.339263 0.936599 -0.000000 0.000000 0.000000 0.000000 1.000000
0.994451 -0.030280 0.100752 28.328800 -0.006140 0.939345 0.342918 0.000000 -0.105024 -0.341633 0.933947 0.000000 0.000000 0.000000 0.000000 1.000000
0.990992 -0.100366 0.088664 28.328800 0.062825 0.933109 0.354063 0.000000 -0.118269 -0.345304 0.931009 -0.000000 0.000000 0.000000 0.000000 1.000000
0.978587 -0.203088 0.033506 28.328800 0.177371 0.914614 0.363346 0.000000 -0.104436 -0.349622 0.931052 -0.000000 0.000000 0.000000 0.000000 1.000000
0.982646 -0.184563 -0.018508 28.328800 0.179132 0.918334 0.352950 0.000000 -0.048145 -0.350141 0.935459 0.000000 0.000000 0.000000 0.000000 1.000000
0.986924 -0.152653 -0.051752 28.328800 0.161114 0.924622 0.345132 0.000000 -0.004834 -0.348957 0.937126 -0.000000 0.000000 0.000000 0.000000 1.000000
0.987464 -0.138130 -0.076394 28.328800 0.156070 0.926807 0.341572 0.000000 0.023621 -0.349213 0.936746 -0.000000 0.000000 0.000000 0.000000 1.000000
0.986010 -0.142452 -0.086556 28.328800 0.163676 0.925678 0.341073 0.000000 0.031536 -0.350468 0.936043 0.000000 0.000000 0.000000 0.000000 1.000000
0.990656 -0.080544 -0.110062 28.328800 0.112835 0.937328 0.329674 0.000000 0.076611 -0.339012 0.937657 0.000000 0.000000 0.000000 0.000000 1.000000</float_array><technique_common><accessor source="#LeftHand-Matrix-animation-output-transform-array" count="16" stride="16"><param type="float4x4"/></accessor></technique_common></source><source id="LeftHand-Interpolations"><Name_array id="LeftHand-Interpolations-array" count="16">
 LINEAR LINEAR LINEAR LINEAR LINEAR LINEAR LINEAR LINEAR LINEAR LINEAR LINEAR
LINEAR LINEAR LINEAR LINEAR LINEAR</Name_array><technique_common><accessor source="#LeftHand-Interpolations-array" count="16"><param type="name"/></accessor></technique_common></source><sampler id="LeftHand-Matrix-animation-transform"><input semantic="INPUT" source="#LeftHand-Matrix-animation-input"/><input semantic="OUTPUT" source="#LeftHand-Matrix-animation-output-transform"/><input semantic="INTERPOLATION" source="#LeftHand-Interpolations"/></sampler><channel source="#LeftHand-Matrix-animation-transform" target="LeftHand/matrix"/></animation>
    <animation id="LeftHandThumb1-anim" name="LeftHandThumb1"><source id="LeftHandThumb1-Matrix-animation-input"><float_array id="LeftHandThumb1-Matrix-animation-input-array" count="16">

