<?xml version="1.0" encoding="utf-8"?>
<COLLADA xmlns="http://www.collada.org/2005/11/COLLADASchema" version="1.4.1">
  <asset><contributor><author>Mixamo</author><authoring_tool>COLLADA Mixamo exporter</authoring_tool><comments></comments></contributor><created>2020-08-06T11:00:28Z</created><modified>2020-08-06T11:00:28Z</modified><revision></revision><title></title><unit meter="0.010000"/><up_axis>Y_UP</up_axis></asset>
  <library_animations>
    <animation id="Hips-anim" name="Hips"><source id="Hips-Matrix-animation-input"><float_array id="Hips-Matrix-animation-input-array" count="61">

0.000000 0.033333 0.066667 0.100000 0.133333 0.166667 0.200000 0.233333 0.266667 0.300000 0.333333 0.366667 0.400000 0.433333 0.466667 0.500000
0.533333 0.566667 0.600000 0.633333 0.666667 0.700000 0.733333 0.766667 0.800000 0.833333 0.866667 0.900000 0.933333 0.966667 1.000000 1.033333
1.066667 1.100000 1.133333 1.166667 1.200000 1.233333 1.266667 1.300000 1.333333 1.366667 1.400000 1.433333 1.466667 1.500000 1.533333 1.566667
1.600000 1.633333 1.666667 1.700000 1.733333 1.766667 1.800000 1.833333 1.866667 1.900000 1.933333 1.966667 2.000000</float_array><technique_common><accessor source="#Hips-Matrix-animation-input-array" count="61"><param name="TIME" type="float"/></accessor></technique_common></source><source id="Hips-Matrix-animation-output-transform"><float_array id="Hips-Matrix-animation-output-transform-array" count="976">

0.467338 -0.083750 -0.880103 -0.000006 0.030092 0.996433 -0.078842 93.965210 0.883566 0.010362 0.468191 -0.000010 0.000000 0.000000 0.000000 1.000000
0.722255 -0.075165 -0.687530 -0.100691 0.000939 0.994183 -0.107704 93.302910 0.691626 0.077144 0.718124 -1.156997 0.000000 0.000000 0.000000 1.000000
0.949086 -0.078291 -0.305133 -2.662180 0.088075 0.995944 0.018408 94.083382 0.302454 -0.044346 0.952132 -0.398780 0.000000 0.000000 0.000000 1.000000
0.981897 -0.150118 0.115511 -5.800045 0.126945 0.974142 0.186903 97.154160 -0.140582 -0.168856 0.975564 2.802100 0.000000 0.000000 0.000000 1.000000
0.911499 -0.210572 0.353311 -6.929745 0.132168 0.963403 0.233209 98.866074 -0.389488 -0.165873 0.905972 4.856128 0.000000 0.000000 0.000000 1.000000
0.856789 -0.241388 0.455681 -7.659470 0.148018 0.961608 0.231085 99.765045 -0.493967 -0.130542 0.859625 5.577778 0.000000 0.000000 0.000000 1.000000
0.816574 -0.236076 0.526760 -8.085845 0.134824 0.965307 0.223616 100.400345 -0.561275 -0.111579 0.820073 5.719139 0.000000 0.000000 0.000000 1.000000
0.783875 -0.222705 0.579606 -8.619646 0.111648 0.968804 0.221253 100.753448 -0.610799 -0.108723 0.784286 5.422155 0.000000 0.000000 0.000000 1.000000
0.755571 -0.219592 0.617164 -9.574725 0.107082 0.970870 0.214347 100.868050 -0.646255 -0.095868 0.757076 5.044577 0.000000 0.000000 0.000000 1.000000
0.723197 -0.207720 0.658664 -10.843866 0.094726 0.974519 0.203323 100.896072 -0.684115 -0.084650 0.724445 4.723448 0.000000 0.000000 0.000000 1.000000
0.689855 -0.201273 0.695406 -12.132051 0.085680 0.976523 0.197641 100.943443 -0.718859 -0.076762 0.690904 4.292966 0.000000 0.000000 0.000000 1.000000
0.660351 -0.197707 0.724464 -13.597471 0.083737 0.978091 0.190595 100.813873 -0.746274 -0.065195 0.662439 3.922430 0.000000 0.000000 0.000000 1.000000
0.627240 -0.202022 0.752168 -15.224153 0.090880 0.978160 0.186934 100.500755 -0.773505 -0.048896 0.631901 3.622900 0.000000 0.000000 0.000000 1.000000
0.589094 -0.213019 0.779481 -17.090918 0.104656 0.976616 0.187799 99.889954 -0.801259 -0.029054 0.597612 3.322798 0.000000 0.000000 0.000000 1.000000
0.568648 -0.218545 0.793018 -19.076227 0.113129 0.975678 0.187762 99.009857 -0.814764 -0.017057 0.579541 3.062151 0.000000 0.000000 0.000000 1.000000
0.549898 -0.242636 0.799212 -21.286524 0.133893 0.970108 0.202394 97.803833 -0.824430 -0.004288 0.565948 2.832652 0.000000 0.000000 0.000000 1.000000
0.530548 -0.272505 0.802658 -23.659311 0.158762 0.962104 0.221697 96.329201 -0.832655 0.009811 0.553706 2.673564 0.000000 0.000000 0.000000 1.000000
0.507660 -0.302313 0.806777 -26.221647 0.183269 0.952877 0.241738 94.632805 -0.841840 0.025137 0.539142 2.580572 0.000000 0.000000 0.000000 1.000000
0.489272 -0.337078 0.804357 -29.121922 0.205815 0.940866 0.269092 92.471092 -0.847498 0.033889 0.529716 2.497572 0.000000 0.000000 0.000000 1.000000
0.480957 -0.374133 0.792909 -32.255062 0.227667 0.926651 0.299142 89.990990 -0.846669 0.036645 0.530857 2.384620 0.000000 0.000000 0.000000 1.000000
0.470164 -0.413683 0.779623 -35.648811 0.251880 0.909502 0.330700 87.234634 -0.845874 0.040888 0.531813 2.392375 0.000000 0.000000 0.000000 1.000000
0.453432 -0.449366 0.769721 -39.440128 0.275039 0.892001 0.358731 84.030312 -0.847793 0.049043 0.528054 2.499826 0.000000 0.000000 0.000000 1.000000
0.449930 -0.484245 0.750380 -43.304047 0.297114 0.873533 0.385569 80.189972 -0.842191 0.049470 0.536904 2.596139 0.000000 0.000000 0.000000 1.000000
0.453486 -0.521336 0.722883 -47.466999 0.327922 0.851780 0.408580 75.849380 -0.828745 0.051764 0.557228 2.892726 0.000000 0.000000 0.000000 1.000000
0.459126 -0.559159 0.690322 -52.012856 0.364814 0.827193 0.427390 70.799133 -0.810009 0.055614 0.583775 3.192947 0.000000 0.000000 0.000000 1.000000
0.462343 -0.591761 0.660347 -57.000092 0.425229 0.801472 0.420503 65.029099 -0.778087 0.086382 0.622189 3.664213 0.000000 0.000000 0.000000 1.000000
0.407775 -0.665323 0.625351 -62.297615 0.495089 0.736570 0.460816 58.138443 -0.767207 0.121695 0.629749 4.153737 0.000000 0.000000 0.000000 1.000000
0.306783 -0.754554 0.580114 -67.797813 0.555456 0.636883 0.534649 50.375084 -0.772886 0.158207 0.614506 4.450070 0.000000 0.000000 0.000000 1.000000
0.168406 -0.841494 0.513349 -73.263878 0.573869 0.507128 0.643036 41.634880 -0.801445 0.186304 0.568311 4.364125 0.000000 0.000000 0.000000 1.000000
-0.004428 -0.933429 0.358735 -77.620583 0.544588 0.298623 0.783740 31.926611 -0.838692 0.198833 0.507012 4.413816 0.000000 0.000000 0.000000 1.000000
-0.137296 -0.977645 0.159251 -80.866348 0.524727 0.064575 0.848818 22.439880 -0.840126 0.200102 0.504131 4.736809 0.000000 0.000000 0.000000 1.000000
-0.229146 -0.973271 -0.015355 -81.733231 0.513829 -0.134343 0.847309 16.609444 -0.826724 0.186267 0.530879 5.574045 0.000000 0.000000 0.000000 1.000000
-0.310849 -0.938958 -0.147416 -83.381905 0.452693 -0.282640 0.845685 14.823188 -0.835728 0.196146 0.512918 5.838103 0.000000 0.000000 0.000000 1.000000
-0.307910 -0.924065 -0.226482 -90.665695 0.329820 -0.326959 0.885616 12.895776 -0.892418 0.197992 0.405450 4.294891 0.000000 0.000000 0.000000 1.000000
-0.262274 -0.924206 -0.277589 -97.294350 0.197088 -0.332898 0.922136 11.438993 -0.944653 0.187143 0.269460 1.576784 0.000000 0.000000 0.000000 1.000000
-0.216765 -0.938491 -0.268789 -100.605675 0.144939 -0.303223 0.941833 12.461157 -0.965404 0.165199 0.201752 1.199251 0.000000 0.000000 0.000000 1.000000
-0.197018 -0.952135 -0.233714 -104.129059 0.118195 -0.259715 0.958425 13.897804 -0.973249 0.161203 0.163707 0.922687 0.000000 0.000000 0.000000 1.000000
-0.200476 -0.952803 -0.227983 -107.050697 0.075890 -0.247111 0.966011 15.374702 -0.976755 0.176360 0.121848 0.608846 0.000000 0.000000 0.000000 1.000000
-0.214256 -0.950422 -0.225372 -109.464020 0.034240 -0.237896 0.970687 16.701553 -0.976177 0.200259 0.083513 0.622299 0.000000 0.000000 0.000000 1.000000
-0.218734 -0.949244 -0.226034 -111.586769 -0.002195 -0.231164 0.972912 17.314075 -0.975782 0.213305 0.048480 0.344286 0.000000 0.000000 0.000000 1.000000
-0.229207 -0.950893 -0.208007 -113.223145 -0.006034 -0.212304 0.977185 17.262623 -0.973359 0.225232 0.042924 -0.473991 0.000000 0.000000 0.000000 1.000000
-0.234193 -0.955222 -0.180844 -114.428658 -0.017648 -0.181810 0.983175 16.374268 -0.972030 0.233444 0.025721 -1.373683 0.000000 0.000000 0.000000 1.000000
-0.235821 -0.962978 -0.130619 -115.360214 -0.020001 -0.129572 0.991368 15.182775 -0.971591 0.236398 0.011296 -2.088434 0.000000 0.000000 0.000000 1.000000
-0.226849 -0.968927 -0.098590 -115.943001 0.018251 -0.105441 0.994258 14.275167 -0.973759 0.223747 0.041603 -2.699846 0.000000 0.000000 0.000000 1.000000
-0.212989 -0.974293 -0.073413 -116.030769 0.093482 -0.095113 0.991067 13.983994 -0.972572 0.204224 0.111337 -2.987460 0.000000 0.000000 0.000000 1.000000
-0.213172 -0.975775 -0.049193 -116.728645 0.139812 -0.080298 0.986917 13.941014 -0.966959 0.203505 0.153542 -2.502427 0.000000 0.000000 0.000000 1.000000
-0.215737 -0.975958 -0.031047 -115.855316 0.161406 -0.067001 0.984611 13.853091 -0.963019 0.207406 0.171980 -2.348735 0.000000 0.000000 0.000000 1.000000
-0.210424 -0.977538 -0.011913 -114.926804 0.175634 -0.049788 0.983196 14.084068 -0.961704 0.204795 0.182165 -1.570155 0.000000 0.000000 0.000000 1.000000
-0.204531 -0.978838 0.006541 -113.993805 0.185092 -0.032112 0.982196 14.444860 -0.961201 0.202100 0.187743 -1.078603 0.000000 0.000000 0.000000 1.000000
-0.199026 -0.979874 0.015366 -113.488991 0.192009 -0.023614 0.981109 14.567291 -0.961000 0.198216 0.192844 -0.689809 0.000000 0.000000 0.000000 1.000000
-0.190373 -0.981621 0.013340 -113.292221 0.198563 -0.025194 0.979764 14.401413 -0.961421 0.189170 0.199710 -0.282796 0.000000 0.000000 0.000000 1.000000
-0.192041 -0.981384 0.002285 -113.367493 0.210464 -0.038910 0.976827 14.102828 -0.958554 0.188071 0.214018 0.154485 0.000000 0.000000 0.000000 1.000000
-0.192231 -0.981338 -0.004872 -113.371803 0.214246 -0.046812 0.975657 14.009785 -0.957677 0.186508 0.219247 0.319036 0.000000 0.000000 0.000000 1.000000
-0.195805 -0.980596 -0.009619 -113.301315 0.210589 -0.051626 0.976211 14.059930 -0.957764 0.189122 0.216611 0.347358 0.000000 0.000000 0.000000 1.000000
-0.196876 -0.980356 -0.011913 -113.362251 0.202880 -0.052624 0.977788 14.166260 -0.959208 0.190086 0.209255 0.366221 0.000000 0.000000 0.000000 1.000000
-0.198278 -0.980058 -0.013120 -113.502090 0.194311 -0.052425 0.979538 14.193826 -0.960692 0.191672 0.200831 0.432328 0.000000 0.000000 0.000000 1.000000
-0.200443 -0.979571 -0.016252 -113.643425 0.187791 -0.054696 0.980685 14.088273 -0.961539 0.193519 0.194918 0.346593 0.000000 0.000000 0.000000 1.000000
-0.202679 -0.979100 -0.016855 -113.751106 0.182609 -0.054700 0.981663 13.994881 -0.962068 0.195885 0.189879 0.245977 0.000000 0.000000 0.000000 1.000000
-0.203005 -0.979042 -0.016294 -113.801346 0.181854 -0.054048 0.981839 13.949692 -0.962142 0.196355 0.189015 0.143196 0.000000 0.000000 0.000000 1.000000
-0.203011 -0.979041 -0.016293 -113.811836 0.181860 -0.054050 0.981838 13.972919 -0.962140 0.196361 0.189021 0.010612 0.000000 0.000000 0.000000 1.000000
-0.203005 -0.979042 -0.016294 -113.845673 0.181854 -0.054048 0.981839 13.971796 -0.962142 0.196355 0.189015 -0.104519 0.000000 0.000000 0.000000 1.000000</float_array><technique_common><accessor source="#Hips-Matrix-animation-output-transform-array" count="61" stride="16"><param type="float4x4"/></accessor></technique_common></source><source id="Hips-Interpolations"><Name_array id="Hips-Interpolations-array" count="61">
 LINEAR LINEAR LINEAR LINEAR LINEAR LINEAR LINEAR LINEAR LINEAR LINEAR LINEAR
LINEAR LINEAR LINEAR LINEAR LINEAR LINEAR LINEAR LINEAR LINEAR LINEAR LINEAR LINEAR
LINEAR LINEAR LINEAR LINEAR LINEAR LINEAR LINEAR LINEAR LINEAR LINEAR LINEAR LINEAR
LINEAR LINEAR LINEAR LINEAR LINEAR LINEAR LINEAR LINEAR LINEAR LINEAR LINEAR LINEAR
LINEAR LINEAR LINEAR LINEAR LINEAR LINEAR LINEAR LINEAR LINEAR LINEAR LINEAR LINEAR
LINEAR LINEAR</Name_array><technique_common><accessor source="#Hips-Interpolations-array" count="61"><param type="name"/></accessor></technique_common></source><sampler id="Hips-Matrix-animation-transform"><input semantic="INPUT" source="#Hips-Matrix-animation-input"/><input semantic="OUTPUT" source="#Hips-Matrix-animation-output-transform"/><input semantic="INTERPOLATION" source="#Hips-Interpolations"/></sampler><channel source="#Hips-Matrix-animation-transform" target="Hips/matrix"/></animation>
    <animation id="Spine-anim" name="Spine"><source id="Spine-Matrix-animation-input"><float_array id="Spine-Matrix-animation-input-array" count="61">

0.000000 0.033333 0.066667 0.100000 0.133333 0.166667 0.200000 0.233333 0.266667 0.300000 0.333333 0.366667 0.400000 0.433333 0.466667 0.500000
0.533333 0.566667 0.600000 0.633333 0.666667 0.700000 0.733333 0.766667 0.800000 0.833333 0.866667 0.900000 0.933333 0.966667 1.000000 1.033333
1.066667 1.100000 1.133333 1.166667 1.200000 1.233333 1.266667 1.300000 1.333333 1.366667 1.400000 1.433333 1.466667 1.500000 1.533333 1.566667
1.600000 1.633333 1.666667 1.700000 1.733333 1.766667 1.800000 1.833333 1.866667 1.900000 1.933333 1.966667 2.000000</float_array><technique_common><accessor source="#Spine-Matrix-animation-input-array" count="61"><param name="TIME" type="float"/></accessor></technique_common></source><source id="Spine-Matrix-animation-output-transform"><float_array id="Spine-Matrix-animation-output-transform-array" count="976">

0.997177 0.074918 -0.005031 0.000000 -0.073648 0.962826 -0.259889 10.181600 -0.014626 0.259526 0.965625 0.131500 0.000000 0.000000 0.000000 1.000000
0.999546 0.029636 -0.005406 0.000000 -0.029777 0.944806 -0.326275 10.181600 -0.004562 0.326287 0.945260 0.131500 0.000000 0.000000 0.000000 1.000000
0.998951 0.034676 0.029910 0.000000 -0.024586 0.957153 -0.288538 10.181600 -0.038634 0.287500 0.957001 0.131500 0.000000 0.000000 0.000000 1.000000
0.997476 0.007554 0.070596 0.000000 0.009889 0.969852 -0.243494 10.181600 -0.070307 0.243578 0.967330 0.131500 0.000000 0.000000 0.000000 1.000000
0.996129 -0.009401 0.087402 0.000000 0.028608 0.974809 -0.221198 10.181600 -0.083121 0.222842 0.971304 0.131500 0.000000 0.000000 0.000000 1.000000
0.994767 -0.013873 0.101226 0.000000 0.034690 0.977746 -0.206903 10.181600 -0.096103 0.209332 0.973111 0.131500 0.000000 0.000000 0.000000 1.000000
0.992226 -0.024284 0.122054 -0.000000 0.048517 0.978656 -0.199697 10.181600 -0.114599 0.204066 0.972226 0.131500 0.000000 0.000000 0.000000 1.000000
0.990311 -0.023600 0.136844 0.000000 0.050609 0.979014 -0.197410 10.181600 -0.129313 0.202423 0.970723 0.131500 0.000000 0.000000 0.000000 1.000000
0.989623 -0.018206 0.142530 0.000000 0.046046 0.979811 -0.194550 10.181600 -0.136110 0.199094 0.970482 0.131500 0.000000 0.000000 0.000000 1.000000
0.989449 -0.015939 0.144000 0.000000 0.042890 0.981604 -0.186049 10.181600 -0.138386 0.190262 0.971931 0.131500 0.000000 0.000000 0.000000 1.000000
0.989408 -0.011528 0.144703 0.000000 0.038111 0.982503 -0.182306 10.181600 -0.140069 0.185890 0.972536 0.131500 0.000000 0.000000 0.000000 1.000000
0.989418 -0.006486 0.144949 0.000000 0.032651 0.983330 -0.178877 10.181600 -0.141372 0.181717 0.973136 0.131500 0.000000 0.000000 0.000000 1.000000
0.989904 0.000376 0.141739 -0.000000 0.024975 0.983889 -0.177029 10.181600 -0.139522 0.178781 0.973946 0.131500 0.000000 0.000000 0.000000 1.000000
0.990780 0.006696 0.135314 -0.000000 0.017315 0.984329 -0.175488 10.181600 -0.134369 0.176213 0.975138 0.131500 0.000000 0.000000 0.000000 1.000000
0.990968 0.000962 0.134097 -0.000000 0.021915 0.985370 -0.169015 10.181600 -0.132298 0.170427 0.976449 0.131500 0.000000 0.000000 0.000000 1.000000
0.991338 0.002251 0.131315 0.000000 0.021038 0.984220 -0.175692 10.181600 -0.129638 0.176933 0.975648 0.131500 0.000000 0.000000 0.000000 1.000000
0.991756 0.006582 0.127975 -0.000000 0.016668 0.983569 -0.179763 10.181600 -0.127055 0.180414 0.975350 0.131500 0.000000 0.000000 0.000000 1.000000
0.992224 0.008957 0.124143 -0.000000 0.013650 0.983561 -0.180060 10.181600 -0.123715 0.180354 0.975790 0.131500 0.000000 0.000000 0.000000 1.000000
0.992629 0.006051 0.121041 0.000000 0.016820 0.982209 -0.187035 10.181600 -0.120019 0.187692 0.974868 0.131500 0.000000 0.000000 0.000000 1.000000
0.992920 0.002984 0.118743 0.000000 0.020113 0.981025 -0.192836 10.181600 -0.117066 0.193860 0.974020 0.131500 0.000000 0.000000 0.000000 1.000000
0.993439 0.003337 0.114312 -0.000000 0.019398 0.980173 -0.197192 10.181600 -0.112703 0.198116 0.973678 0.131500 0.000000 0.000000 0.000000 1.000000
0.994181 0.005493 0.107584 -0.000000 0.015917 0.980245 -0.197145 10.181600 -0.106541 0.197710 0.974454 0.131500 0.000000 0.000000 0.000000 1.000000
0.994559 0.004130 0.104093 0.000000 0.017035 0.979317 -0.201615 10.181600 -0.102773 0.202291 0.973918 0.131500 0.000000 0.000000 0.000000 1.000000
0.994978 0.006599 0.099871 0.000000 0.014740 0.977284 -0.211421 10.181600 -0.098998 0.211831 0.972279 0.131500 0.000000 0.000000 0.000000 1.000000
0.995742 0.007202 0.091902 -0.000000 0.014264 0.972897 -0.230800 10.181600 -0.091073 0.231128 0.968651 0.131500 0.000000 0.000000 0.000000 1.000000
0.996522 0.018874 0.081166 -0.000000 0.000739 0.971972 -0.235096 10.181600 -0.083328 0.234338 0.968577 0.131500 0.000000 0.000000 0.000000 1.000000
0.996917 0.050128 0.060359 -0.000000 -0.034268 0.970224 -0.239773 10.181600 -0.070581 0.236965 0.968951 0.131500 0.000000 0.000000 0.000000 1.000000
0.995424 0.088686 0.035565 -0.000000 -0.077515 0.967140 -0.242141 10.181600 -0.055871 0.238276 0.969589 0.131500 0.000000 0.000000 0.000000 1.000000
0.994272 0.105120 0.019333 0.000000 -0.098945 0.973648 -0.205474 10.181600 -0.040423 0.202384 0.978472 0.131500 0.000000 0.000000 0.000000 1.000000
0.995661 0.092779 0.007103 0.000000 -0.090049 0.979965 -0.177649 10.181600 -0.023442 0.176239 0.984068 0.131500 0.000000 0.000000 0.000000 1.000000
0.995603 0.093628 -0.002831 0.000000 -0.091641 0.967330 -0.236376 10.181600 -0.019393 0.235596 0.971657 0.131500 0.000000 0.000000 0.000000 1.000000
0.996686 0.076113 -0.028691 0.000000 -0.081230 0.949759 -0.302256 10.181600 0.004244 0.303585 0.952795 0.131500 0.000000 0.000000 0.000000 1.000000
0.993769 0.110062 -0.017601 -0.000000 -0.110328 0.948874 -0.295748 10.181600 -0.015850 0.295847 0.955104 0.131500 0.000000 0.000000 0.000000 1.000000
0.995442 0.093500 0.018802 -0.000000 -0.085248 0.960705 -0.264155 10.181600 -0.042762 0.261348 0.964297 0.131500 0.000000 0.000000 0.000000 1.000000
0.999168 0.039578 0.009826 0.000000 -0.035480 0.962487 -0.268999 10.181600 -0.020104 0.268427 0.963090 0.131500 0.000000 0.000000 0.000000 1.000000
0.999977 -0.006003 0.003035 0.000000 0.006559 0.970213 -0.242165 10.181600 -0.001491 0.242179 0.970230 0.131500 0.000000 0.000000 0.000000 1.000000
0.999816 -0.019057 0.002055 -0.000000 0.019099 0.981409 -0.190976 10.181600 0.001623 0.190980 0.981593 0.131500 0.000000 0.000000 0.000000 1.000000
0.999951 -0.009492 -0.002654 0.000000 0.008854 0.983385 -0.181319 10.181600 0.004331 0.181286 0.983421 0.131500 0.000000 0.000000 0.000000 1.000000
0.999988 -0.002784 -0.004054 0.000000 0.001949 0.981181 -0.193081 10.181600 0.004516 0.193071 0.981174 0.131500 0.000000 0.000000 0.000000 1.000000
0.999979 -0.006263 -0.001823 0.000000 0.005709 0.975533 -0.219778 10.181600 0.003155 0.219763 0.975548 0.131500 0.000000 0.000000 0.000000 1.000000
0.999965 -0.008393 -0.000381 0.000000 0.008082 0.973327 -0.229281 10.181600 0.002295 0.229270 0.973360 0.131500 0.000000 0.000000 0.000000 1.000000
0.999918 -0.012044 -0.004266 -0.000000 0.010855 0.976872 -0.213551 10.181600 0.006739 0.213488 0.976923 0.131500 0.000000 0.000000 0.000000 1.000000
0.999928 -0.009713 -0.007102 0.000000 0.008337 0.984877 -0.173057 10.181600 0.008676 0.172985 0.984886 0.131500 0.000000 0.000000 0.000000 1.000000
0.999847 -0.017409 0.001853 -0.000000 0.017484 0.987381 -0.157397 10.181600 0.000911 0.157405 0.987534 0.131500 0.000000 0.000000 0.000000 1.000000
0.999833 -0.013013 0.012858 0.000000 0.014751 0.989188 -0.145911 10.181600 -0.010820 0.146076 0.989214 0.131500 0.000000 0.000000 0.000000 1.000000
0.999863 -0.006259 0.015354 0.000000 0.008152 0.991931 -0.126518 10.181600 -0.014438 0.126626 0.991845 0.131500 0.000000 0.000000 0.000000 1.000000
0.999873 -0.005899 0.014823 0.000000 0.007529 0.993633 -0.112414 10.181600 -0.014065 0.112511 0.993551 0.131500 0.000000 0.000000 0.000000 1.000000
0.999811 -0.008617 0.017424 0.000000 0.010360 0.994676 -0.102531 10.181600 -0.016448 0.102693 0.994577 0.131500 0.000000 0.000000 0.000000 1.000000
0.999775 -0.008310 0.019505 0.000000 0.010070 0.995716 -0.091914 10.181600 -0.018658 0.092090 0.995576 0.131500 0.000000 0.000000 0.000000 1.000000
0.999777 -0.008284 0.019412 0.000000 0.009882 0.996440 -0.083719 10.181600 -0.018649 0.083892 0.996300 0.131500 0.000000 0.000000 0.000000 1.000000
0.999735 -0.010496 0.020484 -0.000000 0.012172 0.996432 -0.083523 10.181600 -0.019534 0.083750 0.996295 0.131500 0.000000 0.000000 0.000000 1.000000
0.999730 -0.003639 0.022964 -0.000000 0.005734 0.995757 -0.091844 10.181600 -0.022532 0.091951 0.995509 0.131500 0.000000 0.000000 0.000000 1.000000
0.999704 0.001396 0.024287 0.000000 0.000960 0.995311 -0.096725 10.181600 -0.024308 0.096720 0.995015 0.131500 0.000000 0.000000 0.000000 1.000000
0.999704 0.004585 0.023901 -0.000000 -0.002136 0.994837 -0.101463 10.181600 -0.024242 0.101382 0.994552 0.131500 0.000000 0.000000 0.000000 1.000000
0.999731 0.003680 0.022916 0.000000 -0.001278 0.994583 -0.103939 10.181600 -0.023175 0.103882 0.994320 0.131500 0.000000 0.000000 0.000000 1.000000
0.999757 0.002521 0.021887 0.000000 -0.000208 0.994465 -0.105073 10.181600 -0.022031 0.105043 0.994224 0.131500 0.000000 0.000000 0.000000 1.000000
0.999770 0.002228 0.021322 0.000000 0.000061 0.994286 -0.106752 10.181600 -0.021438 0.106728 0.994057 0.131500 0.000000 0.000000 0.000000 1.000000
0.999787 0.001791 0.020551 0.000000 0.000400 0.994354 -0.106116 10.181600 -0.020625 0.106102 0.994141 0.131500 0.000000 0.000000 0.000000 1.000000
0.999790 0.001604 0.020409 -0.000000 0.000560 0.994410 -0.105585 10.181600 -0.020464 0.105574 0.994201 0.131500 0.000000 0.000000 0.000000 1.000000
0.999790 0.001616 0.020417 0.000000 0.000549 0.994409 -0.105600 10.181600 -0.020473 0.105589 0.994199 0.131500 0.000000 0.000000 0.000000 1.000000
0.999790 0.001647 0.020443 0.000000 0.000520 0.994410 -0.105588 10.181600 -0.020502 0.105576 0.994200 0.131500 0.000000 0.000000 0.000000 1.000000</float_array><technique_common><accessor source="#Spine-Matrix-animation-output-transform-array" count="61" stride="16"><param type="float4x4"/></accessor></technique_common></source><source id="Spine-Interpolations"><Name_array id="Spine-Interpolations-array" count="61">
 LINEAR LINEAR LINEAR LINEAR LINEAR LINEAR LINEAR LINEAR LINEAR LINEAR LINEAR
LINEAR LINEAR LINEAR LINEAR LINEAR LINEAR LINEAR LINEAR LINEAR LINEAR LINEAR LINEAR
LINEAR LINEAR LINEAR LINEAR LINEAR LINEAR LINEAR LINEAR LINEAR LINEAR LINEAR LINEAR
LINEAR LINEAR LINEAR LINEAR LINEAR LINEAR LINEAR LINEAR LINEAR LINEAR LINEAR LINEAR
LINEAR LINEAR LINEAR LINEAR LINEAR LINEAR LINEAR LINEAR LINEAR LINEAR LINEAR LINEAR
LINEAR LINEAR</Name_array><technique_common><accessor source="#Spine-Interpolations-array" count="61"><param type="name"/></accessor></technique_common></source><sampler id="Spine-Matrix-animation-transform"><input semantic="INPUT" source="#Spine-Matrix-animation-input"/><input semantic="OUTPUT" source="#Spine-Matrix-animation-output-transform"/><input semantic="INTERPOLATION" source="#Spine-Interpolations"/></sampler><channel source="#Spine-Matrix-animation-transform" target="Spine/matrix"/></animation>
    <animation id="Spine1-anim" name="Spine1"><source id="Spine1-Matrix-animation-input"><float_array id="Spine1-Matrix-animation-input-array" count="61">

0.000000 0.033333 0.066667 0.100000 0.133333 0.166667 0.200000 0.233333 0.266667 0.300000 0.333333 0.366667 0.400000 0.433333 0.466667 0.500000
0.533333 0.566667 0.600000 0.633333 0.666667 0.700000 0.733333 0.766667 0.800000 0.833333 0.866667 0.900000 0.933333 0.966667 1.000000 1.033333
1.066667 1.100000 1.133333 1.166667 1.200000 1.233333 1.266667 1.300000 1.333333 1.366667 1.400000 1.433333 1.466667 1.500000 1.533333 1.566667
1.600000 1.633333 1.666667 1.700000 1.733333 1.766667 1.800000 1.833333 1.866667 1.900000 1.933333 1.966667 2.000000</float_array><technique_common><accessor source="#Spine1-Matrix-animation-input-array" count="61"><param name="TIME" type="float"/></accessor></technique_common></source><source id="Spine1-Matrix-animation-output-transform"><float_array id="Spine1-Matrix-animation-output-transform-array" count="976">

0.998759 0.048816 0.009842 -0.000000 -0.047557 0.993615 -0.102308 10.083500 -0.014774 0.101713 0.994704 -1.000800 0.000000 0.000000 0.000000 1.000000
0.999612 -0.017381 -0.021785 0.000000 0.014002 0.989090 -0.146647 10.083500 0.024096 0.146285 0.988949 -1.000800 0.000000 0.000000 0.000000 1.000000
0.997946 -0.044623 0.045955 0.000000 0.048708 0.994567 -0.092005 10.083500 -0.041599 0.094054 0.994698 -1.000800 0.000000 0.000000 0.000000 1.000000
0.990170 -0.084856 0.111191 0.000000 0.090000 0.995053 -0.042074 10.083500 -0.107071 0.051667 0.992908 -1.000800 0.000000 0.000000 0.000000 1.000000
0.985949 -0.099351 0.134290 0.000000 0.099133 0.995039 0.008323 10.083500 -0.134451 0.005107 0.990907 -1.000800 0.000000 0.000000 0.000000 1.000000
0.983876 -0.084546 0.157610 0.000000 0.078323 0.995898 0.045297 10.083500 -0.160793 -0.032222 0.986462 -1.000800 0.000000 0.000000 0.000000 1.000000
0.978689 -0.081839 0.188336 0.000000 0.068647 0.994777 0.075544 10.083500 -0.193535 -0.061005 0.979195 -1.000800 0.000000 0.000000 0.000000 1.000000
0.972891 -0.087179 0.214201 0.000000 0.069520 0.993634 0.088651 10.083500 -0.220566 -0.071357 0.972758 -1.000800 0.000000 0.000000 0.000000 1.000000
0.970412 -0.076540 0.229002 0.000000 0.057890 0.994517 0.087087 10.083500 -0.234412 -0.071253 0.969523 -1.000800 0.000000 0.000000 0.000000 1.000000
0.969558 -0.067903 0.235256 0.000000 0.048764 0.995080 0.086241 10.083500 -0.239955 -0.072144 0.968100 -1.000800 0.000000 0.000000 0.000000 1.000000
0.968803 -0.059685 0.240539 0.000000 0.040789 0.995732 0.082787 10.083500 -0.244453 -0.070393 0.967103 -1.000800 0.000000 0.000000 0.000000 1.000000
0.968051 -0.047698 0.246174 -0.000000 0.030169 0.996765 0.074492 10.083500 -0.248930 -0.064685 0.966359 -1.000800 0.000000 0.000000 0.000000 1.000000
0.968529 -0.033665 0.246615 0.000000 0.018724 0.997858 0.062681 10.083500 -0.248197 -0.056091 0.967084 -1.000800 0.000000 0.000000 0.000000 1.000000
0.970387 -0.021471 0.240598 -0.000000 0.009565 0.998676 0.050543 10.083500 -0.241365 -0.046745 0.969308 -1.000800 0.000000 0.000000 0.000000 1.000000
0.971052 -0.011661 0.238583 -0.000000 0.002301 0.999218 0.039474 10.083500 -0.238857 -0.037782 0.970320 -1.000800 0.000000 0.000000 0.000000 1.000000
0.971820 -0.001851 0.235716 -0.000000 -0.004307 0.999663 0.025607 10.083500 -0.235683 -0.025901 0.971485 -1.000800 0.000000 0.000000 0.000000 1.000000
0.972384 0.004327 0.233347 0.000000 -0.006896 0.999924 0.010195 10.083500 -0.233285 -0.011522 0.972340 -1.000800 0.000000 0.000000 0.000000 1.000000
0.973410 0.006978 0.228964 -0.000000 -0.005816 0.999967 -0.005747 10.083500 -0.228996 0.004262 0.973418 -1.000800 0.000000 0.000000 0.000000 1.000000
0.974682 0.010573 0.223347 0.000000 -0.005843 0.999745 -0.021826 10.083500 -0.223520 0.019969 0.974495 -1.000800 0.000000 0.000000 0.000000 1.000000
0.975738 0.009303 0.218743 -0.000000 -0.001011 0.999278 -0.037991 10.083500 -0.218938 0.036849 0.975043 -1.000800 0.000000 0.000000 0.000000 1.000000
0.977357 0.008324 0.211432 0.000000 0.003084 0.998559 -0.053571 10.083500 -0.211574 0.053010 0.975923 -1.000800 0.000000 0.000000 0.000000 1.000000
0.979614 0.009203 0.200677 0.000000 0.004423 0.997720 -0.067347 10.083500 -0.200839 0.066862 0.977340 -1.000800 0.000000 0.000000 0.000000 1.000000
0.980716 0.014911 0.194867 0.000000 0.000295 0.996971 -0.077772 10.083500 -0.195436 0.076329 0.977742 -1.000800 0.000000 0.000000 0.000000 1.000000
0.982036 0.015585 0.188050 -0.000000 0.001103 0.996092 -0.088310 10.083500 -0.188692 0.086931 0.978181 -1.000800 0.000000 0.000000 0.000000 1.000000
0.983759 0.031909 0.176637 -0.000000 -0.015297 0.995396 -0.094621 10.083500 -0.178843 0.090382 0.979717 -1.000800 0.000000 0.000000 0.000000 1.000000
0.984997 0.051375 0.164748 -0.000000 -0.035687 0.994663 -0.096810 10.083500 -0.168842 0.089478 0.981573 -1.000800 0.000000 0.000000 0.000000 1.000000
0.988325 0.065471 0.137579 0.000000 -0.048902 0.991504 -0.120534 10.083500 -0.144302 0.112399 0.983129 -1.000800 0.000000 0.000000 0.000000 1.000000
0.991958 0.076323 0.100962 0.000000 -0.059879 0.985797 -0.156905 10.083500 -0.111504 0.149598 0.982440 -1.000800 0.000000 0.000000 0.000000 1.000000
0.994941 0.081658 0.058521 -0.000000 -0.067770 0.975554 -0.209049 10.083500 -0.074161 0.204025 0.976153 -1.000800 0.000000 0.000000 0.000000 1.000000
0.996448 0.082712 0.015813 -0.000000 -0.075128 0.958001 -0.276750 10.083500 -0.038040 0.274579 0.960812 -1.000800 0.000000 0.000000 0.000000 1.000000
0.998357 0.057131 0.004305 0.000000 -0.053579 0.957618 -0.283014 10.083500 -0.020292 0.282318 0.959106 -1.000800 0.000000 0.000000 0.000000 1.000000
0.998617 0.043003 -0.030237 0.000000 -0.048928 0.970655 -0.235444 10.083500 0.019225 0.236598 0.971417 -1.000800 0.000000 0.000000 0.000000 1.000000
0.999948 0.000754 -0.010204 0.000000 -0.002756 0.980275 -0.197621 10.083500 0.009853 0.197638 0.980225 -1.000800 0.000000 0.000000 0.000000 1.000000
0.997017 -0.067936 0.036643 0.000000 0.073343 0.981760 -0.175407 10.083500 -0.024059 0.177571 0.983814 -1.000800 0.000000 0.000000 0.000000 1.000000
0.996668 -0.081324 0.006315 -0.000000 0.081392 0.986419 -0.142662 10.083500 0.005372 0.142700 0.989751 -1.000800 0.000000 0.000000 0.000000 1.000000
0.998060 -0.061279 -0.010977 -0.000000 0.059887 0.993225 -0.099585 10.083500 0.017005 0.098735 0.994968 -1.000800 0.000000 0.000000 0.000000 1.000000
0.997062 -0.075113 -0.015012 0.000000 0.073729 0.994239 -0.077799 10.083500 0.020770 0.076463 0.996856 -1.000800 0.000000 0.000000 0.000000 1.000000
0.995286 -0.093999 -0.023887 -0.000000 0.092272 0.993593 -0.065260 10.083500 0.029869 0.062749 0.997582 -1.000800 0.000000 0.000000 0.000000 1.000000
0.995720 -0.088819 -0.025562 0.000000 0.087299 0.994638 -0.055446 10.083500 0.030349 0.052977 0.998134 -1.000800 0.000000 0.000000 0.000000 1.000000
0.996200 -0.083455 -0.024920 -0.000000 0.082121 0.995343 -0.050475 10.083500 0.029017 0.048236 0.998414 -1.000800 0.000000 0.000000 0.000000 1.000000
0.996709 -0.077633 -0.023326 0.000000 0.076734 0.996355 -0.037253 10.083500 0.026133 0.035341 0.999034 -1.000800 0.000000 0.000000 0.000000 1.000000
0.996497 -0.077815 -0.030640 -0.000000 0.077341 0.996870 -0.016382 10.083500 0.031819 0.013955 0.999396 -1.000800 0.000000 0.000000 0.000000 1.000000
0.996155 -0.081716 -0.031589 -0.000000 0.081988 0.996606 0.007421 10.083500 0.030875 -0.009982 0.999473 -1.000800 0.000000 0.000000 0.000000 1.000000
0.996406 -0.083008 -0.016873 0.000000 0.083196 0.996475 0.010792 10.083500 0.015918 -0.012157 0.999799 -1.000800 0.000000 0.000000 0.000000 1.000000
0.996400 -0.084534 0.006364 -0.000000 0.084510 0.996415 0.003980 10.083500 -0.006677 -0.003428 0.999972 -1.000800 0.000000 0.000000 0.000000 1.000000
0.997109 -0.073987 0.017297 0.000000 0.073896 0.997249 0.005805 10.083500 -0.017679 -0.004510 0.999834 -1.000800 0.000000 0.000000 0.000000 1.000000
0.997850 -0.062633 0.019297 0.000000 0.062399 0.997973 0.012485 10.083500 -0.020040 -0.011254 0.999736 -1.000800 0.000000 0.000000 0.000000 1.000000
0.997876 -0.060413 0.024378 0.000000 0.059921 0.997993 0.020468 10.083500 -0.025565 -0.018963 0.999493 -1.000800 0.000000 0.000000 0.000000 1.000000
0.997636 -0.062117 0.029398 0.000000 0.061413 0.997818 0.024261 10.083500 -0.030840 -0.022398 0.999273 -1.000800 0.000000 0.000000 0.000000 1.000000
0.997367 -0.065980 0.030106 0.000000 0.065367 0.997642 0.020924 10.083500 -0.031416 -0.018901 0.999328 -1.000800 0.000000 0.000000 0.000000 1.000000
0.996945 -0.071648 0.031098 -0.000000 0.071119 0.997309 0.017779 10.083500 -0.032288 -0.015513 0.999358 -1.000800 0.000000 0.000000 0.000000 1.000000
0.996558 -0.074430 0.036495 0.000000 0.073881 0.997136 0.016161 10.083500 -0.037594 -0.013409 0.999203 -1.000800 0.000000 0.000000 0.000000 1.000000
0.996401 -0.074806 0.039865 -0.000000 0.074236 0.997119 0.015595 10.083500 -0.040917 -0.012580 0.999083 -1.000800 0.000000 0.000000 0.000000 1.000000
0.996607 -0.071989 0.039897 0.000000 0.071438 0.997331 0.015081 10.083500 -0.040876 -0.012180 0.999090 -1.000800 0.000000 0.000000 0.000000 1.000000
0.996844 -0.069775 0.037849 0.000000 0.069323 0.997508 0.013116 10.083500 -0.038670 -0.010451 0.999197 -1.000800 0.000000 0.000000 0.000000 1.000000
0.997009 -0.068611 0.035581 0.000000 0.068186 0.997588 0.013025 10.083500 -0.036389 -0.010560 0.999282 -1.000800 0.000000 0.000000 0.000000 1.000000
0.997058 -0.068572 0.034265 0.000000 0.068154 0.997587 0.013218 10.083500 -0.035089 -0.010843 0.999325 -1.000800 0.000000 0.000000 0.000000 1.000000
0.997107 -0.068588 0.032756 0.000000 0.068170 0.997579 0.013725 10.083500 -0.033618 -0.011453 0.999369 -1.000800 0.000000 0.000000 0.000000 1.000000
0.997110 -0.068632 0.032563 0.000000 0.068204 0.997572 0.014085 10.083500 -0.033451 -0.011823 0.999370 -1.000800 0.000000 0.000000 0.000000 1.000000
0.997111 -0.068631 0.032563 0.000000 0.068203 0.997572 0.014075 10.083500 -0.033450 -0.011814 0.999371 -1.000800 0.000000 0.000000 0.000000 1.000000
0.997111 -0.068630 0.032563 0.000000 0.068202 0.997572 0.014085 10.083500 -0.033450 -0.011823 0.999370 -1.000800 0.000000 0.000000 0.000000 1.000000</float_array><technique_common><accessor source="#Spine1-Matrix-animation-output-transform-array" count="61" stride="16"><param type="float4x4"/></accessor></technique_common></source><source id="Spine1-Interpolations"><Name_array id="Spine1-Interpolations-array" count="61">
 LINEAR LINEAR LINEAR LINEAR LINEAR LINEAR LINEAR LINEAR LINEAR LINEAR LINEAR
LINEAR LINEAR LINEAR LINEAR LINEAR LINEAR LINEAR LINEAR LINEAR LINEAR LINEAR LINEAR
LINEAR LINEAR LINEAR LINEAR LINEAR LINEAR LINEAR LINEAR LINEAR LINEAR LINEAR LINEAR
LINEAR LINEAR LINEAR LINEAR LINEAR LINEAR LINEAR LINEAR LINEAR LINEAR LINEAR LINEAR
LINEAR LINEAR LINEAR LINEAR LINEAR LINEAR LINEAR LINEAR LINEAR LINEAR LINEAR LINEAR
LINEAR LINEAR</Name_array><technique_common><accessor source="#Spine1-Interpolations-array" count="61"><param type="name"/></accessor></technique_common></source><sampler id="Spine1-Matrix-animation-transform"><input semantic="INPUT" source="#Spine1-Matrix-animation-input"/><input semantic="OUTPUT" source="#Spine1-Matrix-animation-output-transform"/><input semantic="INTERPOLATION" source="#Spine1-Interpolations"/></sampler><channel source="#Spine1-Matrix-animation-transform" target="Spine1/matrix"/></animation>
    <animation id="Spine2-anim" name="Spine2"><source id="Spine2-Matrix-animation-input"><float_array id="Spine2-Matrix-animation-input-array" count="61">

0.000000 0.033333 0.066667 0.100000 0.133333 0.166667 0.200000 0.233333 0.266667 0.300000 0.333333 0.366667 0.400000 0.433333 0.466667 0.500000
0.533333 0.566667 0.600000 0.633333 0.666667 0.700000 0.733333 0.766667 0.800000 0.833333 0.866667 0.900000 0.933333 0.966667 1.000000 1.033333
1.066667 1.100000 1.133333 1.166667 1.200000 1.233333 1.266667 1.300000 1.333333 1.366667 1.400000 1.433333 1.466667 1.500000 1.533333 1.566667
1.600000 1.633333 1.666667 1.700000 1.733333 1.766667 1.800000 1.833333 1.866667 1.900000 1.933333 1.966667 2.000000</float_array><technique_common><accessor source="#Spine2-Matrix-animation-input-array" count="61"><param name="TIME" type="float"/></accessor></technique_common></source><source id="Spine2-Matrix-animation-output-transform"><float_array id="Spine2-Matrix-animation-output-transform-array" count="976">

0.998690 0.049895 0.011313 -0.000000 -0.048482 0.993577 -0.102243 9.100000 -0.016341 0.101561 0.994695 -1.373400 0.000000 0.000000 0.000000 1.000000
0.999685 -0.017066 -0.018386 0.000000 0.014189 0.989090 -0.146627 9.100000 0.020688 0.146320 0.989021 -1.373400 0.000000 0.000000 0.000000 1.000000
0.997894 -0.042389 0.049105 0.000000 0.046766 0.994686 -0.091722 9.100000 -0.044956 0.093826 0.994573 -1.373400 0.000000 0.000000 0.000000 1.000000
0.990129 -0.082337 0.113423 0.000000 0.087580 0.995270 -0.042043 9.100000 -0.109424 0.051561 0.992657 -1.373400 0.000000 0.000000 0.000000 1.000000
0.985935 -0.096884 0.136185 0.000000 0.096739 0.995280 0.007703 9.100000 -0.136289 0.005580 0.990653 -1.373400 0.000000 0.000000 0.000000 1.000000
0.983826 -0.081948 0.159280 -0.000000 0.075906 0.996158 0.043667 9.100000 -0.162246 -0.030871 0.986267 -1.373400 0.000000 0.000000 0.000000 1.000000
0.978576 -0.078722 0.190239 -0.000000 0.065979 0.995189 0.072425 9.100000 -0.195025 -0.058321 0.979063 -1.373400 0.000000 0.000000 0.000000 1.000000
0.972732 -0.083446 0.216398 -0.000000 0.066427 0.994184 0.084773 9.100000 -0.222214 -0.068087 0.972618 -1.373400 0.000000 0.000000 0.000000 1.000000
0.970230 -0.072460 0.231091 0.000000 0.054601 0.995072 0.082767 9.100000 -0.235950 -0.067685 0.969405 -1.373400 0.000000 0.000000 0.000000 1.000000
0.969356 -0.063790 0.237232 0.000000 0.045506 0.995612 0.081772 9.100000 -0.241407 -0.068471 0.968005 -1.373400 0.000000 0.000000 0.000000 1.000000
0.968598 -0.055303 0.242404 0.000000 0.037302 0.996237 0.078235 9.100000 -0.245819 -0.066737 0.967016 -1.373400 0.000000 0.000000 0.000000 1.000000
0.967860 -0.043132 0.247764 -0.000000 0.026564 0.997205 0.069830 9.100000 -0.250084 -0.061004 0.966301 -1.373400 0.000000 0.000000 0.000000 1.000000
0.968368 -0.028983 0.247837 0.000000 0.014991 0.998195 0.058157 9.100000 -0.249075 -0.052602 0.967055 -1.373400 0.000000 0.000000 0.000000 1.000000
0.970264 -0.016739 0.241470 -0.000000 0.005694 0.998908 0.046364 9.100000 -0.241982 -0.043610 0.969300 -1.373400 0.000000 0.000000 0.000000 1.000000
0.970964 -0.007132 0.239121 0.000000 -0.001282 0.999386 0.035015 9.100000 -0.239224 -0.034305 0.970358 -1.373400 0.000000 0.000000 0.000000 1.000000
0.971786 0.003145 0.235842 -0.000000 -0.008333 0.999745 0.021006 9.100000 -0.235716 -0.022379 0.971564 -1.373400 0.000000 0.000000 0.000000 1.000000
0.972403 0.009622 0.233109 -0.000000 -0.011283 0.999920 0.005790 9.100000 -0.233035 -0.008261 0.972433 -1.373400 0.000000 0.000000 0.000000 1.000000
0.973476 0.012309 0.228460 0.000000 -0.010343 0.999898 -0.009799 9.100000 -0.228557 0.007176 0.973504 -1.373400 0.000000 0.000000 0.000000 1.000000
0.974809 0.016196 0.222453 0.000000 -0.010689 0.999606 -0.025939 9.100000 -0.222786 0.022908 0.974598 -1.373400 0.000000 0.000000 0.000000 1.000000
0.975921 0.015158 0.217597 0.000000 -0.006145 0.999097 -0.042038 9.100000 -0.218038 0.039688 0.975133 -1.373400 0.000000 0.000000 0.000000 1.000000
0.977569 0.014270 0.210134 0.000000 -0.002262 0.998356 -0.057276 9.100000 -0.210605 0.055516 0.975993 -1.373400 0.000000 0.000000 0.000000 1.000000
0.979824 0.014936 0.199305 -0.000000 -0.000861 0.997510 -0.070521 9.100000 -0.199862 0.068926 0.977397 -1.373400 0.000000 0.000000 0.000000 1.000000
0.980954 0.020741 0.193129 0.000000 -0.005136 0.996704 -0.080957 9.100000 -0.194172 0.078424 0.977828 -1.373400 0.000000 0.000000 0.000000 1.000000
0.982277 0.021697 0.186173 -0.000000 -0.004697 0.995815 -0.091269 9.100000 -0.187374 0.088777 0.978269 -1.373400 0.000000 0.000000 0.000000 1.000000
0.984041 0.038450 0.173740 -0.000000 -0.021605 0.994969 -0.097821 9.100000 -0.176628 0.092506 0.979921 -1.373400 0.000000 0.000000 0.000000 1.000000
0.985251 0.057780 0.161067 0.000000 -0.042013 0.994137 -0.099637 9.100000 -0.165880 0.091400 0.981901 -1.373400 0.000000 0.000000 0.000000 1.000000
0.988418 0.070830 0.134213 0.000000 -0.054458 0.991040 -0.121957 9.100000 -0.141649 0.113235 0.983419 -1.373400 0.000000 0.000000 0.000000 1.000000
0.991877 0.080293 0.098658 0.000000 -0.064197 0.985561 -0.156680 9.100000 -0.109814 0.149074 0.982710 -1.373400 0.000000 0.000000 0.000000 1.000000
0.994759 0.083774 0.058621 0.000000 -0.069887 0.975578 -0.208241 9.100000 -0.074634 0.203052 0.976319 -1.373400 0.000000 0.000000 0.000000 1.000000
0.996317 0.083939 0.017501 0.000000 -0.075861 0.958055 -0.276363 9.100000 -0.039964 0.274017 0.960894 -1.373400 0.000000 0.000000 0.000000 1.000000
