<?xml version="1.0" encoding="utf-8"?>
<COLLADA xmlns="http://www.collada.org/2005/11/COLLADASchema" version="1.4.1">
  <asset><contributor><author>Mixamo</author><authoring_tool>COLLADA Mixamo exporter</authoring_tool><comments></comments></contributor><created>2020-03-13T10:38:13Z</created><modified>2020-03-13T10:38:13Z</modified><revision></revision><title></title><unit meter="0.010000"/><up_axis>Y_UP</up_axis></asset>
  <library_animations>
    <animation id="Hips-anim" name="Hips"><source id="Hips-Matrix-animation-input"><float_array id="Hips-Matrix-animation-input-array" count="27">

0.000000 0.033333 0.066667 0.100000 0.133333 0.166667 0.200000 0.233333 0.266667 0.300000 0.333333 0.366667 0.400000 0.433333 0.466667 0.500000
0.533333 0.566667 0.600000 0.633333 0.666667 0.700000 0.733333 0.766667 0.800000 0.833333 0.866667</float_array><technique_common><accessor source="#Hips-Matrix-animation-input-array" count="27"><param name="TIME" type="float"/></accessor></technique_common></source><source id="Hips-Matrix-animation-output-transform"><float_array id="Hips-Matrix-animation-output-transform-array" count="432">

0.994478 -0.068063 0.079875 0.392499 0.069495 0.997465 -0.015296 95.452560 -0.078631 0.020763 0.996688 0.731154 0.000000 0.000000 0.000000 1.000000
0.995011 -0.052401 0.084890 -0.125752 0.053753 0.998460 -0.013712 94.758606 -0.084041 0.018206 0.996296 1.118830 0.000000 0.000000 0.000000 1.000000
0.996726 -0.030882 0.074719 -0.698938 0.031730 0.999445 -0.010189 94.382797 -0.074363 0.012526 0.997153 1.243854 0.000000 0.000000 0.000000 1.000000
0.998471 -0.004543 0.055096 -1.242460 0.004832 0.999975 -0.005123 94.399750 -0.055072 0.005381 0.998468 1.091316 0.000000 0.000000 0.000000 1.000000
0.999130 0.017004 0.038069 -1.744468 -0.016940 0.999854 -0.002014 94.894768 -0.038098 0.001368 0.999273 0.852966 0.000000 0.000000 0.000000 1.000000
0.999078 0.026161 0.034027 -2.166125 -0.026021 0.999651 -0.004569 95.793777 -0.034134 0.003679 0.999410 0.739253 0.000000 0.000000 0.000000 1.000000
0.998914 0.025618 0.038927 -2.430622 -0.025160 0.999609 -0.012223 96.869125 -0.039225 0.011230 0.999167 0.788725 0.000000 0.000000 0.000000 1.000000
0.999173 0.020633 0.035029 -2.495351 -0.019850 0.999548 -0.022565 97.797104 -0.035479 0.021851 0.999132 0.928354 0.000000 0.000000 0.000000 1.000000
0.999878 0.013787 0.007284 -2.395557 -0.013517 0.999263 -0.035920 98.419495 -0.007774 0.035817 0.999328 1.063585 0.000000 0.000000 0.000000 1.000000
0.999184 0.005420 -0.040015 -2.199836 -0.007521 0.998590 -0.052547 98.754494 0.039674 0.052805 0.997816 1.124183 0.000000 0.000000 0.000000 1.000000
0.996212 0.000218 -0.086956 -1.933798 -0.006091 0.997715 -0.067287 98.704369 0.086743 0.067562 0.993937 1.089657 0.000000 0.000000 0.000000 1.000000
0.992849 0.004220 -0.119300 -1.603447 -0.013021 0.997240 -0.073093 98.087227 0.118662 0.074124 0.990164 1.034548 0.000000 0.000000 0.000000 1.000000
0.990079 0.013257 -0.139885 -1.273398 -0.023298 0.997247 -0.070390 97.011116 0.138566 0.072951 0.987663 1.107027 0.000000 0.000000 0.000000 1.000000
0.987403 0.012010 -0.157771 -1.024771 -0.022645 0.997577 -0.065781 96.086037 0.156599 0.068525 0.985282 1.225957 0.000000 0.000000 0.000000 1.000000
0.984818 -0.006611 -0.173462 -0.833627 -0.004197 0.998076 -0.061866 95.587677 0.173537 0.061655 0.982895 1.382728 0.000000 0.000000 0.000000 1.000000
0.983055 -0.038613 -0.179197 -0.616775 0.029205 0.998068 -0.054848 95.355705 0.180968 0.048686 0.982283 1.538064 0.000000 0.000000 0.000000 1.000000
0.980735 -0.085567 -0.175603 -0.394050 0.079156 0.995925 -0.043208 94.857994 0.178584 0.028475 0.983512 1.376062 0.000000 0.000000 0.000000 1.000000
0.977283 -0.122852 -0.172701 -0.117346 0.118820 0.992349 -0.033536 94.656090 0.175500 0.012254 0.984403 1.041457 0.000000 0.000000 0.000000 1.000000
0.973944 -0.140967 -0.177655 0.105070 0.137230 0.989982 -0.033211 94.943947 0.180557 0.007966 0.983532 0.830255 0.000000 0.000000 0.000000 1.000000
0.972884 -0.141479 -0.182978 0.196910 0.136483 0.989847 -0.039683 95.693565 0.186735 0.013634 0.982316 0.798090 0.000000 0.000000 0.000000 1.000000
0.976121 -0.130825 -0.173416 0.167896 0.125019 0.991176 -0.044043 96.655853 0.177648 0.021311 0.983863 0.920125 0.000000 0.000000 0.000000 1.000000
0.983150 -0.115462 -0.141719 0.094893 0.110538 0.992977 -0.042166 97.466675 0.145593 0.025790 0.989008 1.050570 0.000000 0.000000 0.000000 1.000000
0.990571 -0.098772 -0.094937 0.070889 0.095644 0.994729 -0.036962 97.863754 0.098087 0.027533 0.994797 1.103028 0.000000 0.000000 0.000000 1.000000
0.995397 -0.084051 -0.046045 0.133570 0.082620 0.996062 -0.032162 97.721436 0.048567 0.028210 0.998421 1.062987 0.000000 0.000000 0.000000 1.000000
0.997205 -0.074686 -0.001887 0.243879 0.074605 0.996825 -0.027835 97.107506 0.003960 0.027616 0.999611 0.959405 0.000000 0.000000 0.000000 1.000000
0.996654 -0.071832 0.039000 0.336137 0.072738 0.997101 -0.022331 96.230362 -0.037283 0.025093 0.998990 0.874068 0.000000 0.000000 0.000000 1.000000
0.994330 -0.070223 0.079852 0.394252 0.071662 0.997312 -0.015296 95.556770 -0.078563 0.020932 0.996689 0.785235 0.000000 0.000000 0.000000 1.000000</float_array><technique_common><accessor source="#Hips-Matrix-animation-output-transform-array" count="27" stride="16"><param type="float4x4"/></accessor></technique_common></source><source id="Hips-Interpolations"><Name_array id="Hips-Interpolations-array" count="27">
 LINEAR LINEAR LINEAR LINEAR LINEAR LINEAR LINEAR LINEAR LINEAR LINEAR LINEAR
LINEAR LINEAR LINEAR LINEAR LINEAR LINEAR LINEAR LINEAR LINEAR LINEAR LINEAR LINEAR
LINEAR LINEAR LINEAR LINEAR</Name_array><technique_common><accessor source="#Hips-Interpolations-array" count="27"><param type="name"/></accessor></technique_common></source><sampler id="Hips-Matrix-animation-transform"><input semantic="INPUT" source="#Hips-Matrix-animation-input"/><input semantic="OUTPUT" source="#Hips-Matrix-animation-output-transform"/><input semantic="INTERPOLATION" source="#Hips-Interpolations"/></sampler><channel source="#Hips-Matrix-animation-transform" target="Hips/matrix"/></animation>
    <animation id="Spine-anim" name="Spine"><source id="Spine-Matrix-animation-input"><float_array id="Spine-Matrix-animation-input-array" count="27">

0.000000 0.033333 0.066667 0.100000 0.133333 0.166667 0.200000 0.233333 0.266667 0.300000 0.333333 0.366667 0.400000 0.433333 0.466667 0.500000
0.533333 0.566667 0.600000 0.633333 0.666667 0.700000 0.733333 0.766667 0.800000 0.833333 0.866667</float_array><technique_common><accessor source="#Spine-Matrix-animation-input-array" count="27"><param name="TIME" type="float"/></accessor></technique_common></source><source id="Spine-Matrix-animation-output-transform"><float_array id="Spine-Matrix-animation-output-transform-array" count="432">

0.999396 0.019318 -0.028902 0.000000 -0.020146 0.999386 -0.028656 10.181600 0.028331 0.029221 0.999171 0.131500 0.000000 0.000000 0.000000 1.000000
0.999436 0.012127 -0.031302 0.000000 -0.013069 0.999462 -0.030083 10.181600 0.030921 0.030476 0.999057 0.131500 0.000000 0.000000 0.000000 1.000000
0.999483 0.003685 -0.031952 0.000000 -0.004669 0.999516 -0.030766 10.181600 0.031823 0.030899 0.999016 0.131500 0.000000 0.000000 0.000000 1.000000
0.999523 -0.002985 -0.030748 0.000000 0.002055 0.999540 -0.030244 10.181600 0.030825 0.030166 0.999069 0.131500 0.000000 0.000000 0.000000 1.000000
0.999521 -0.009472 -0.029450 0.000000 0.008566 0.999491 -0.030729 10.181600 0.029727 0.030462 0.999094 0.131500 0.000000 0.000000 0.000000 1.000000
0.999493 -0.014449 -0.028357 0.000000 0.013552 0.999410 -0.031566 10.181600 0.028796 0.031166 0.999099 0.131500 0.000000 0.000000 0.000000 1.000000
0.999469 -0.018045 -0.027119 0.000000 0.017183 0.999350 -0.031704 10.181600 0.027673 0.031221 0.999129 0.131500 0.000000 0.000000 0.000000 1.000000
0.999507 -0.020592 -0.023715 0.000000 0.019862 0.999334 -0.030600 10.181600 0.024330 0.030114 0.999250 0.131500 0.000000 0.000000 0.000000 1.000000
0.999626 -0.022320 -0.015817 0.000000 0.021874 0.999373 -0.027850 10.181600 0.016429 0.027494 0.999487 0.131500 0.000000 0.000000 0.000000 1.000000
0.999726 -0.022995 -0.004360 0.000000 0.022886 0.999462 -0.023506 10.181600 0.004898 0.023400 0.999714 0.131500 0.000000 0.000000 0.000000 1.000000
0.999646 -0.025688 0.006912 0.000000 0.025812 0.999496 -0.018486 10.181600 -0.006433 0.018658 0.999805 0.131500 0.000000 0.000000 0.000000 1.000000
0.999335 -0.033110 0.015302 0.000000 0.033325 0.999347 -0.013989 10.181600 -0.014829 0.014490 0.999785 0.131500 0.000000 0.000000 0.000000 1.000000
0.999071 -0.038265 0.019841 0.000000 0.038495 0.999194 -0.011382 10.181600 -0.019389 0.012135 0.999738 0.131500 0.000000 0.000000 0.000000 1.000000
0.999371 -0.029424 0.019777 0.000000 0.029655 0.999494 -0.011507 10.181600 -0.019429 0.012086 0.999738 0.131500 0.000000 0.000000 0.000000 1.000000
0.999820 -0.010441 0.015868 0.000000 0.010652 0.999855 -0.013285 10.181600 -0.015727 0.013452 0.999786 0.131500 0.000000 0.000000 0.000000 1.000000
0.999921 0.006970 0.010473 0.000000 -0.006812 0.999864 -0.015012 10.181600 -0.010576 0.014940 0.999832 0.131500 0.000000 0.000000 0.000000 1.000000
0.999453 0.032035 0.008182 0.000000 -0.031893 0.999347 -0.016967 10.181600 -0.008720 0.016697 0.999823 0.131500 0.000000 0.000000 0.000000 1.000000
0.998434 0.055035 0.010071 0.000000 -0.054833 0.998308 -0.019341 10.181600 -0.011118 0.018759 0.999762 0.131500 0.000000 0.000000 0.000000 1.000000
0.997236 0.073015 0.013778 0.000000 -0.072713 0.997127 -0.021247 10.181600 -0.015290 0.020187 0.999679 0.131500 0.000000 0.000000 0.000000 1.000000
0.996487 0.082263 0.015702 0.000000 -0.081910 0.996399 -0.021921 10.181600 -0.017449 0.020558 0.999636 0.131500 0.000000 0.000000 0.000000 1.000000
0.996502 0.082468 0.013547 0.000000 -0.082162 0.996380 -0.021809 10.181600 -0.015297 0.020619 0.999670 0.131500 0.000000 0.000000 0.000000 1.000000
0.996962 0.077570 0.007046 0.000000 -0.077403 0.996768 -0.021481 10.181600 -0.008689 0.020870 0.999744 0.131500 0.000000 0.000000 0.000000 1.000000
0.997583 0.069454 -0.002154 0.000000 -0.069484 0.997357 -0.021233 10.181600 0.000674 0.021331 0.999772 0.131500 0.000000 0.000000 0.000000 1.000000
0.998238 0.058176 -0.011681 0.000000 -0.058422 0.998051 -0.021922 10.181600 0.010383 0.022566 0.999691 0.131500 0.000000 0.000000 0.000000 1.000000
0.998762 0.045406 -0.020301 0.000000 -0.045895 0.998651 -0.024273 10.181600 0.019172 0.025175 0.999499 0.131500 0.000000 0.000000 0.000000 1.000000
0.999105 0.033705 -0.025538 0.000000 -0.034381 0.999057 -0.026508 10.181600 0.024620 0.027362 0.999322 0.131500 0.000000 0.000000 0.000000 1.000000
0.999350 0.021489 -0.028941 0.000000 -0.022317 0.999342 -0.028594 10.181600 0.028308 0.029222 0.999172 0.131500 0.000000 0.000000 0.000000 1.000000</float_array><technique_common><accessor source="#Spine-Matrix-animation-output-transform-array" count="27" stride="16"><param type="float4x4"/></accessor></technique_common></source><source id="Spine-Interpolations"><Name_array id="Spine-Interpolations-array" count="27">
 LINEAR LINEAR LINEAR LINEAR LINEAR LINEAR LINEAR LINEAR LINEAR LINEAR LINEAR
LINEAR LINEAR LINEAR LINEAR LINEAR LINEAR LINEAR LINEAR LINEAR LINEAR LINEAR LINEAR
LINEAR LINEAR LINEAR LINEAR</Name_array><technique_common><accessor source="#Spine-Interpolations-array" count="27"><param type="name"/></accessor></technique_common></source><sampler id="Spine-Matrix-animation-transform"><input semantic="INPUT" source="#Spine-Matrix-animation-input"/><input semantic="OUTPUT" source="#Spine-Matrix-animation-output-transform"/><input semantic="INTERPOLATION" source="#Spine-Interpolations"/></sampler><channel source="#Spine-Matrix-animation-transform" target="Spine/matrix"/></animation>
    <animation id="Spine1-anim" name="Spine1"><source id="Spine1-Matrix-animation-input"><float_array id="Spine1-Matrix-animation-input-array" count="27">

0.000000 0.033333 0.066667 0.100000 0.133333 0.166667 0.200000 0.233333 0.266667 0.300000 0.333333 0.366667 0.400000 0.433333 0.466667 0.500000
0.533333 0.566667 0.600000 0.633333 0.666667 0.700000 0.733333 0.766667 0.800000 0.833333 0.866667</float_array><technique_common><accessor source="#Spine1-Matrix-animation-input-array" count="27"><param name="TIME" type="float"/></accessor></technique_common></source><source id="Spine1-Matrix-animation-output-transform"><float_array id="Spine1-Matrix-animation-output-transform-array" count="432">

0.996790 0.021277 -0.077183 -0.000000 -0.025657 0.998089 -0.056214 10.083500 0.075839 0.058014 0.995431 -1.000800 0.000000 0.000000 0.000000 1.000000
0.996187 0.012810 -0.086295 0.000000 -0.017922 0.998113 -0.058722 10.083500 0.085380 0.060045 0.994538 -1.000800 0.000000 0.000000 0.000000 1.000000
0.995895 0.005020 -0.090374 0.000000 -0.010518 0.998116 -0.060453 10.083500 0.089900 0.061155 0.994071 -1.000800 0.000000 0.000000 0.000000 1.000000
0.996472 -0.000869 -0.083924 0.000000 -0.004303 0.998103 -0.061419 10.083500 0.083818 0.061564 0.994578 -1.000800 0.000000 0.000000 0.000000 1.000000
0.997196 -0.002946 -0.074774 -0.000000 -0.001807 0.997986 -0.063411 10.083500 0.074811 0.063368 0.995182 -1.000800 0.000000 0.000000 0.000000 1.000000
0.997721 -0.000286 -0.067468 0.000000 -0.004066 0.997919 -0.064355 10.083500 0.067346 0.064483 0.995644 -1.000800 0.000000 0.000000 0.000000 1.000000
0.998106 0.005509 -0.061271 0.000000 -0.009378 0.997967 -0.063047 10.083500 0.060799 0.063502 0.996128 -1.000800 0.000000 0.000000 0.000000 1.000000
0.998632 0.012550 -0.050770 -0.000000 -0.015571 0.998104 -0.059550 10.083500 0.049926 0.060259 0.996933 -1.000800 0.000000 0.000000 0.000000 1.000000
0.999286 0.020383 -0.031825 0.000000 -0.022079 0.998304 -0.053862 10.083500 0.030673 0.054526 0.998041 -1.000800 0.000000 0.000000 0.000000 1.000000
0.999564 0.028522 -0.007585 0.000000 -0.028845 0.998497 -0.046611 10.083500 0.006244 0.046809 0.998884 -1.000800 0.000000 0.000000 0.000000 1.000000
0.999292 0.035096 0.013524 0.000000 -0.034532 0.998606 -0.039913 10.083500 -0.014906 0.039418 0.999112 -1.000800 0.000000 0.000000 0.000000 1.000000
0.998911 0.038373 0.026548 0.000000 -0.037417 0.998664 -0.035636 10.083500 -0.027880 0.034604 0.999012 -1.000800 0.000000 0.000000 0.000000 1.000000
0.998630 0.039471 0.034357 0.000000 -0.038309 0.998692 -0.033849 10.083500 -0.035648 0.032486 0.998836 -1.000800 0.000000 0.000000 0.000000 1.000000
0.998238 0.041991 0.041916 0.000000 -0.040604 0.998616 -0.033421 10.083500 -0.043261 0.031660 0.998562 -1.000800 0.000000 0.000000 0.000000 1.000000
0.997577 0.049536 0.048851 0.000000 -0.047919 0.998282 -0.033727 10.083500 -0.050438 0.031305 0.998236 -1.000800 0.000000 0.000000 0.000000 1.000000
0.996726 0.062976 0.050705 -0.000000 -0.061229 0.997499 -0.035313 10.083500 -0.052802 0.032093 0.998089 -1.000800 0.000000 0.000000 0.000000 1.000000
0.995769 0.079369 0.046310 0.000000 -0.077600 0.996228 -0.038821 10.083500 -0.049217 0.035063 0.998172 -1.000800 0.000000 0.000000 0.000000 1.000000
0.994933 0.092188 0.040127 -0.000000 -0.090474 0.994986 -0.042626 10.083500 -0.043856 0.038780 0.998285 -1.000800 0.000000 0.000000 0.000000 1.000000
0.994699 0.096212 0.036292 -0.000000 -0.094580 0.994531 -0.044300 10.083500 -0.040356 0.040633 0.998359 -1.000800 0.000000 0.000000 0.000000 1.000000
0.995225 0.091773 0.033242 0.000000 -0.090289 0.994956 -0.043704 10.083500 -0.037085 0.040494 0.998491 -1.000800 0.000000 0.000000 0.000000 1.000000
0.996208 0.083072 0.025864 0.000000 -0.081920 0.995719 -0.042807 10.083500 -0.029309 0.040526 0.998749 -1.000800 0.000000 0.000000 0.000000 1.000000
0.997260 0.073090 0.011408 -0.000000 -0.072544 0.996456 -0.042584 10.083500 -0.014480 0.041639 0.999028 -1.000800 0.000000 0.000000 0.000000 1.000000
0.998016 0.062426 -0.008209 0.000000 -0.062722 0.997110 -0.042873 10.083500 0.005509 0.043303 0.999047 -1.000800 0.000000 0.000000 0.000000 1.000000
0.998260 0.051214 -0.029234 -0.000000 -0.052490 0.997621 -0.044689 10.083500 0.026875 0.046146 0.998573 -1.000800 0.000000 0.000000 0.000000 1.000000
0.997966 0.040015 -0.049619 0.000000 -0.042462 0.997882 -0.049287 10.083500 0.047541 0.051293 0.997551 -1.000800 0.000000 0.000000 0.000000 1.000000
0.997465 0.030390 -0.064336 0.000000 -0.033827 0.998021 -0.053014 10.083500 0.062598 0.055056 0.996519 -1.000800 0.000000 0.000000 0.000000 1.000000
0.996790 0.021277 -0.077183 -0.000000 -0.025657 0.998089 -0.056214 10.083500 0.075839 0.058014 0.995431 -1.000800 0.000000 0.000000 0.000000 1.000000</float_array><technique_common><accessor source="#Spine1-Matrix-animation-output-transform-array" count="27" stride="16"><param type="float4x4"/></accessor></technique_common></source><source id="Spine1-Interpolations"><Name_array id="Spine1-Interpolations-array" count="27">
 LINEAR LINEAR LINEAR LINEAR LINEAR LINEAR LINEAR LINEAR LINEAR LINEAR LINEAR
LINEAR LINEAR LINEAR LINEAR LINEAR LINEAR LINEAR LINEAR LINEAR LINEAR LINEAR LINEAR
LINEAR LINEAR LINEAR LINEAR</Name_array><technique_common><accessor source="#Spine1-Interpolations-array" count="27"><param type="name"/></accessor></technique_common></source><sampler id="Spine1-Matrix-animation-transform"><input semantic="INPUT" source="#Spine1-Matrix-animation-input"/><input semantic="OUTPUT" source="#Spine1-Matrix-animation-output-transform"/><input semantic="INTERPOLATION" source="#Spine1-Interpolations"/></sampler><channel source="#Spine1-Matrix-animation-transform" target="Spine1/matrix"/></animation>
    <animation id="Spine2-anim" name="Spine2"><source id="Spine2-Matrix-animation-input"><float_array id="Spine2-Matrix-animation-input-array" count="27">

0.000000 0.033333 0.066667 0.100000 0.133333 0.166667 0.200000 0.233333 0.266667 0.300000 0.333333 0.366667 0.400000 0.433333 0.466667 0.500000
0.533333 0.566667 0.600000 0.633333 0.666667 0.700000 0.733333 0.766667 0.800000 0.833333 0.866667</float_array><technique_common><accessor source="#Spine2-Matrix-animation-input-array" count="27"><param name="TIME" type="float"/></accessor></technique_common></source><source id="Spine2-Matrix-animation-output-transform"><float_array id="Spine2-Matrix-animation-output-transform-array" count="432">

0.996790 0.021366 -0.077155 0.000000 -0.025749 0.998083 -0.056273 9.100000 0.075805 0.058080 0.995430 -1.373400 0.000000 0.000000 0.000000 1.000000
0.996193 0.012922 -0.086215 -0.000000 -0.018038 0.998105 -0.058834 9.100000 0.085292 0.060165 0.994538 -1.373400 0.000000 0.000000 0.000000 1.000000
0.995903 0.005094 -0.090281 0.000000 -0.010596 0.998107 -0.060574 9.100000 0.089802 0.061282 0.994072 -1.373400 0.000000 0.000000 0.000000 1.000000
0.996474 -0.000949 -0.083900 0.000000 -0.004224 0.998101 -0.061453 9.100000 0.083799 0.061591 0.994577 -1.373400 0.000000 0.000000 0.000000 1.000000
0.997193 -0.003110 -0.074811 -0.000000 -0.001641 0.997989 -0.063367 9.100000 0.074858 0.063312 0.995182 -1.373400 0.000000 0.000000 0.000000 1.000000
0.997718 -0.000415 -0.067525 0.000000 -0.003936 0.997923 -0.064297 9.100000 0.067411 0.064416 0.995644 -1.373400 0.000000 0.000000 0.000000 1.000000
0.998104 0.005461 -0.061304 -0.000000 -0.009331 0.997968 -0.063024 9.100000 0.060835 0.063476 0.996127 -1.373400 0.000000 0.000000 0.000000 1.000000
0.998634 0.012561 -0.050727 -0.000000 -0.015581 0.998102 -0.059583 9.100000 0.049883 0.060292 0.996934 -1.373400 0.000000 0.000000 0.000000 1.000000
0.999290 0.020402 -0.031679 -0.000000 -0.022092 0.998300 -0.053933 9.100000 0.030525 0.054594 0.998042 -1.373400 0.000000 0.000000 0.000000 1.000000
0.999566 0.028523 -0.007371 0.000000 -0.028837 0.998495 -0.046646 9.100000 0.006029 0.046839 0.998884 -1.373400 0.000000 0.000000 0.000000 1.000000
0.999289 0.035127 0.013723 0.000000 -0.034556 0.998609 -0.039829 9.100000 -0.015103 0.039327 0.999112 -1.373400 0.000000 0.000000 0.000000 1.000000
0.998902 0.038511 0.026666 0.000000 -0.037557 0.998667 -0.035405 9.100000 -0.027994 0.034365 0.999017 -1.373400 0.000000 0.000000 0.000000 1.000000
0.998619 0.039722 0.034387 0.000000 -0.038571 0.998693 -0.033528 9.100000 -0.035674 0.032156 0.998846 -1.373400 0.000000 0.000000 0.000000 1.000000
0.998228 0.042261 0.041895 0.000000 -0.040887 0.998615 -0.033118 9.100000 -0.043236 0.031346 0.998573 -1.373400 0.000000 0.000000 0.000000 1.000000
0.997569 0.049740 0.048802 0.000000 -0.048136 0.998279 -0.033509 9.100000 -0.050385 0.031078 0.998246 -1.373400 0.000000 0.000000 0.000000 1.000000
0.996721 0.063133 0.050606 -0.000000 -0.061397 0.997494 -0.035160 9.100000 -0.052699 0.031937 0.998100 -1.373400 0.000000 0.000000 0.000000 1.000000
0.995765 0.079511 0.046148 0.000000 -0.077753 0.996221 -0.038705 9.100000 -0.049051 0.034953 0.998185 -1.373400 0.000000 0.000000 0.000000 1.000000
0.994930 0.092295 0.039944 0.000000 -0.090591 0.994978 -0.042562 9.100000 -0.043672 0.038728 0.998295 -1.373400 0.000000 0.000000 0.000000 1.000000
0.994699 0.096262 0.036153 0.000000 -0.094634 0.994526 -0.044305 9.100000 -0.040220 0.040649 0.998364 -1.373400 0.000000 0.000000 0.000000 1.000000
0.995227 0.091780 0.033164 -0.000000 -0.090297 0.994953 -0.043753 9.100000 -0.037012 0.040550 0.998492 -1.373400 0.000000 0.000000 0.000000 1.000000
0.996210 0.083064 0.025802 0.000000 -0.081913 0.995718 -0.042860 9.100000 -0.029252 0.040584 0.998748 -1.373400 0.000000 0.000000 0.000000 1.000000
0.997262 0.073083 0.011310 0.000000 -0.072540 0.996455 -0.042604 9.100000 -0.014384 0.041667 0.999028 -1.373400 0.000000 0.000000 0.000000 1.000000
0.998015 0.062420 -0.008347 -0.000000 -0.062722 0.997111 -0.042847 9.100000 0.005648 0.043285 0.999047 -1.373400 0.000000 0.000000 0.000000 1.000000
0.998256 0.051209 -0.029374 0.000000 -0.052489 0.997624 -0.044631 9.100000 0.027018 0.046095 0.998572 -1.373400 0.000000 0.000000 0.000000 1.000000
0.997961 0.040015 -0.049724 0.000000 -0.042465 0.997884 -0.049227 9.100000 0.047649 0.051238 0.997549 -1.373400 0.000000 0.000000 0.000000 1.000000
0.997461 0.030430 -0.064379 0.000000 -0.033868 0.998020 -0.053006 9.100000 0.062638 0.055052 0.996517 -1.373400 0.000000 0.000000 0.000000 1.000000
0.996790 0.021366 -0.077155 0.000000 -0.025749 0.998083 -0.056273 9.100000 0.075805 0.058080 0.995430 -1.373400 0.000000 0.000000 0.000000 1.000000</float_array><technique_common><accessor source="#Spine2-Matrix-animation-output-transform-array" count="27" stride="16"><param type="float4x4"/></accessor></technique_common></source><source id="Spine2-Interpolations"><Name_array id="Spine2-Interpolations-array" count="27">
 LINEAR LINEAR LINEAR LINEAR LINEAR LINEAR LINEAR LINEAR LINEAR LINEAR LINEAR
LINEAR LINEAR LINEAR LINEAR LINEAR LINEAR LINEAR LINEAR LINEAR LINEAR LINEAR LINEAR
LINEAR LINEAR LINEAR LINEAR</Name_array><technique_common><accessor source="#Spine2-Interpolations-array" count="27"><param type="name"/></accessor></technique_common></source><sampler id="Spine2-Matrix-animation-transform"><input semantic="INPUT" source="#Spine2-Matrix-animation-input"/><input semantic="OUTPUT" source="#Spine2-Matrix-animation-output-transform"/><input semantic="INTERPOLATION" source="#Spine2-Interpolations"/></sampler><channel source="#Spine2-Matrix-animation-transform" target="Spine2/matrix"/></animation>
    <animation id="Neck-anim" name="Neck"><source id="Neck-Matrix-animation-input"><float_array id="Neck-Matrix-animation-input-array" count="27">

0.000000 0.033333 0.066667 0.100000 0.133333 0.166667 0.200000 0.233333 0.266667 0.300000 0.333333 0.366667 0.400000 0.433333 0.466667 0.500000
0.533333 0.566667 0.600000 0.633333 0.666667 0.700000 0.733333 0.766667 0.800000 0.833333 0.866667</float_array><technique_common><accessor source="#Neck-Matrix-animation-input-array" count="27"><param name="TIME" type="float"/></accessor></technique_common></source><source id="Neck-Matrix-animation-output-transform"><float_array id="Neck-Matrix-animation-output-transform-array" count="432">

0.999952 0.003254 0.009255 0.000000 -0.003123 0.999895 -0.014167 16.671700 -0.009300 0.014137 0.999857 -2.516200 0.000000 0.000000 0.000000 1.000000
0.999918 0.006404 0.011112 0.000000 -0.006280 0.999918 -0.011184 16.671700 -0.011183 0.011113 0.999876 -2.516200 0.000000 0.000000 0.000000 1.000000
0.999884 0.008148 0.012851 -0.000000 -0.008042 0.999934 -0.008246 16.671700 -0.012918 0.008142 0.999883 -2.516200 0.000000 0.000000 0.000000 1.000000
0.999885 0.006172 0.013853 0.000000 -0.006093 0.999965 -0.005704 16.671700 -0.013887 0.005619 0.999888 -2.516200 0.000000 0.000000 0.000000 1.000000
0.999913 0.002317 0.012951 -0.000000 -0.002258 0.999987 -0.004576 16.671700 -0.012961 0.004546 0.999906 -2.516200 0.000000 0.000000 0.000000 1.000000
0.999945 0.000376 0.010493 0.000000 -0.000325 0.999988 -0.004895 16.671700 -0.010494 0.004892 0.999933 -2.516200 0.000000 0.000000 0.000000 1.000000
0.999969 0.001977 0.007681 0.000000 -0.001931 0.999980 -0.005974 16.671700 -0.007693 0.005959 0.999953 -2.516200 0.000000 0.000000 0.000000 1.000000
0.999971 0.005327 0.005366 0.000000 -0.005289 0.999961 -0.007125 16.671700 -0.005404 0.007097 0.999960 -2.516200 0.000000 0.000000 0.000000 1.000000
0.999964 0.007615 0.003631 0.000000 -0.007587 0.999941 -0.007794 16.671700 -0.003690 0.007766 0.999963 -2.516200 0.000000 0.000000 0.000000 1.000000
0.999967 0.007795 0.002344 0.000000 -0.007777 0.999940 -0.007707 16.671700 -0.002404 0.007688 0.999968 -2.516200 0.000000 0.000000 0.000000 1.000000
0.999980 0.006238 0.001371 0.000000 -0.006228 0.999953 -0.007451 16.671700 -0.001418 0.007442 0.999971 -2.516200 0.000000 0.000000 0.000000 1.000000
0.999995 0.003035 0.000370 -0.000000 -0.003032 0.999961 -0.008246 16.671700 -0.000395 0.008245 0.999966 -2.516200 0.000000 0.000000 0.000000 1.000000
0.999998 -0.001942 -0.000953 0.000000 0.001932 0.999944 -0.010444 16.671700 0.000973 0.010442 0.999945 -2.516200 0.000000 0.000000 0.000000 1.000000
0.999966 -0.007920 -0.002356 0.000000 0.007889 0.999887 -0.012798 16.671700 0.002457 0.012779 0.999915 -2.516200 0.000000 0.000000 0.000000 1.000000
0.999908 -0.013139 -0.003311 -0.000000 0.013091 0.999817 -0.013984 16.671700 0.003494 0.013940 0.999897 -2.516200 0.000000 0.000000 0.000000 1.000000
0.999868 -0.015870 -0.003611 0.000000 0.015816 0.999771 -0.014415 16.671700 0.003839 0.014356 0.999890 -2.516200 0.000000 0.000000 0.000000 1.000000
0.999876 -0.015415 -0.003296 0.000000 0.015361 0.999760 -0.015630 16.671700 0.003536 0.015578 0.999872 -2.516200 0.000000 0.000000 0.000000 1.000000
0.999919 -0.012541 -0.002250 -0.000000 0.012498 0.999759 -0.018040 16.671700 0.002476 0.018011 0.999835 -2.516200 0.000000 0.000000 0.000000 1.000000
0.999957 -0.009215 -0.000455 0.000000 0.009204 0.999749 -0.020444 16.671700 0.000643 0.020439 0.999791 -2.516200 0.000000 0.000000 0.000000 1.000000
0.999971 -0.007448 0.001544 0.000000 0.007480 0.999731 -0.021949 16.671700 -0.001380 0.021960 0.999758 -2.516200 0.000000 0.000000 0.000000 1.000000
0.999965 -0.007764 0.002954 0.000000 0.007830 0.999704 -0.023054 16.671700 -0.002774 0.023076 0.999730 -2.516200 0.000000 0.000000 0.000000 1.000000
0.999955 -0.008852 0.003513 0.000000 0.008935 0.999667 -0.024209 16.671700 -0.003297 0.024240 0.999701 -2.516200 0.000000 0.000000 0.000000 1.000000
0.999953 -0.008927 0.003713 -0.000000 0.009015 0.999657 -0.024582 16.671700 -0.003492 0.024615 0.999691 -2.516200 0.000000 0.000000 0.000000 1.000000
0.999965 -0.007241 0.004303 0.000000 0.007339 0.999704 -0.023180 16.671700 -0.004134 0.023211 0.999722 -2.516200 0.000000 0.000000 0.000000 1.000000
0.999975 -0.004283 0.005601 0.000000 0.004395 0.999785 -0.020267 16.671700 -0.005513 0.020291 0.999779 -2.516200 0.000000 0.000000 0.000000 1.000000
0.999973 -0.000592 0.007378 0.000000 0.000719 0.999852 -0.017199 16.671700 -0.007367 0.017203 0.999825 -2.516200 0.000000 0.000000 0.000000 1.000000
0.999952 0.003254 0.009255 0.000000 -0.003123 0.999895 -0.014167 16.671700 -0.009300 0.014137 0.999857 -2.516200 0.000000 0.000000 0.000000 1.000000</float_array><technique_common><accessor source="#Neck-Matrix-animation-output-transform-array" count="27" stride="16"><param type="float4x4"/></accessor></technique_common></source><source id="Neck-Interpolations"><Name_array id="Neck-Interpolations-array" count="27">
 LINEAR LINEAR LINEAR LINEAR LINEAR LINEAR LINEAR LINEAR LINEAR LINEAR LINEAR
LINEAR LINEAR LINEAR LINEAR LINEAR LINEAR LINEAR LINEAR LINEAR LINEAR LINEAR LINEAR
LINEAR LINEAR LINEAR LINEAR</Name_array><technique_common><accessor source="#Neck-Interpolations-array" count="27"><param type="name"/></accessor></technique_common></source><sampler id="Neck-Matrix-animation-transform"><input semantic="INPUT" source="#Neck-Matrix-animation-input"/><input semantic="OUTPUT" source="#Neck-Matrix-animation-output-transform"/><input semantic="INTERPOLATION" source="#Neck-Interpolations"/></sampler><channel source="#Neck-Matrix-animation-transform" target="Neck/matrix"/></animation>
    <animation id="Head-anim" name="Head"><source id="Head-Matrix-animation-input"><float_array id="Head-Matrix-animation-input-array" count="27">

0.000000 0.033333 0.066667 0.100000 0.133333 0.166667 0.200000 0.233333 0.266667 0.300000 0.333333 0.366667 0.400000 0.433333 0.466667 0.500000
0.533333 0.566667 0.600000 0.633333 0.666667 0.700000 0.733333 0.766667 0.800000 0.833333 0.866667</float_array><technique_common><accessor source="#Head-Matrix-animation-input-array" count="27"><param name="TIME" type="float"/></accessor></technique_common></source><source id="Head-Matrix-animation-output-transform"><float_array id="Head-Matrix-animation-output-transform-array" count="432">

0.999113 -0.005550 0.041738 -0.000000 -0.001962 0.984058 0.177836 9.617900 -0.042060 -0.177760 0.983175 1.685000 0.000000 0.000000 0.000000 1.000000
0.998654 0.006282 0.051479 0.000000 -0.015620 0.982977 0.183065 9.617900 -0.049452 -0.183623 0.981752 1.685000 0.000000 0.000000 0.000000 1.000000
0.997986 0.015713 0.061462 0.000000 -0.027060 0.981715 0.188422 9.617900 -0.057377 -0.189705 0.980163 1.685000 0.000000 0.000000 0.000000 1.000000
0.997415 0.017885 0.069588 -0.000000 -0.031252 0.980097 0.196045 9.617900 -0.064697 -0.197713 0.978123 1.685000 0.000000 0.000000 0.000000 1.000000
0.997737 0.009382 0.066578 0.000000 -0.022665 0.979193 0.201662 9.617900 -0.063300 -0.202715 0.977190 1.685000 0.000000 0.000000 0.000000 1.000000
0.998680 -0.006489 0.050950 0.000000 -0.003656 0.980492 0.196523 9.617900 -0.051231 -0.196450 0.979175 1.685000 0.000000 0.000000 0.000000 1.000000
0.999326 -0.021392 0.029846 0.000000 0.015620 0.983227 0.181716 9.617900 -0.033233 -0.181127 0.982898 1.685000 0.000000 0.000000 0.000000 1.000000
0.999505 -0.029240 0.011645 0.000000 0.026931 0.986038 0.164331 9.617900 -0.016287 -0.163936 0.986337 1.685000 0.000000 0.000000 0.000000 1.000000
0.999551 -0.029962 -0.000003 0.000000 0.029619 0.988122 0.150788 9.617900 -0.004515 -0.150720 0.988566 1.685000 0.000000 0.000000 0.000000 1.000000
0.999605 -0.027473 -0.005888 0.000000 0.028039 0.988879 0.146058 9.617900 0.001810 -0.146165 0.989259 1.685000 0.000000 0.000000 0.000000 1.000000
0.999626 -0.025993 -0.008541 0.000000 0.026992 0.987941 0.152463 9.617900 0.004475 -0.152636 0.988272 1.685000 0.000000 0.000000 0.000000 1.000000
0.999575 -0.027212 -0.010420 -0.000000 0.028559 0.985910 0.164822 9.617900 0.005788 -0.165050 0.986268 1.685000 0.000000 0.000000 0.000000 1.000000
0.999469 -0.030111 -0.012489 0.000000 0.031812 0.984594 0.171936 9.617900 0.007120 -0.172242 0.985029 1.685000 0.000000 0.000000 0.000000 1.000000
0.999320 -0.034119 -0.013987 0.000000 0.035982 0.985210 0.167528 9.617900 0.008065 -0.167918 0.985768 1.685000 0.000000 0.000000 0.000000 1.000000
0.999040 -0.041222 -0.014818 0.000000 0.043043 0.986598 0.157390 9.617900 0.008131 -0.157877 0.987425 1.685000 0.000000 0.000000 0.000000 1.000000
0.998476 -0.052596 -0.016704 0.000000 0.054530 0.986840 0.152229 9.617900 0.008478 -0.152908 0.988204 1.685000 0.000000 0.000000 0.000000 1.000000
0.997756 -0.064024 -0.019619 -0.000000 0.066297 0.985685 0.155015 9.617900 0.009413 -0.155968 0.987717 1.685000 0.000000 0.000000 0.000000 1.000000
0.997471 -0.068356 -0.019463 0.000000 0.070589 0.984705 0.159292 9.617900 0.008276 -0.160263 0.987040 1.685000 0.000000 0.000000 0.000000 1.000000
0.997888 -0.063690 -0.012782 -0.000000 0.064911 0.985260 0.158273 9.617900 0.002513 -0.158768 0.987313 1.685000 0.000000 0.000000 0.000000 1.000000
0.998429 -0.055992 -0.001941 0.000000 0.055642 0.986951 0.151099 9.617900 -0.006544 -0.150970 0.988517 1.685000 0.000000 0.000000 0.000000 1.000000
0.998614 -0.052139 0.007144 -0.000000 0.050606 0.988642 0.141511 9.617900 -0.014441 -0.140953 0.989911 1.685000 0.000000 0.000000 0.000000 1.000000
0.998544 -0.052759 0.011208 0.000000 0.050778 0.989622 0.134426 9.617900 -0.018184 -0.133661 0.990860 1.685000 0.000000 0.000000 0.000000 1.000000
0.998536 -0.052665 0.012323 0.000000 0.050538 0.989641 0.134378 9.617900 -0.019272 -0.133558 0.990854 1.685000 0.000000 0.000000 0.000000 1.000000
0.998808 -0.046341 0.015326 0.000000 0.043661 0.988628 0.143902 9.617900 -0.021820 -0.143061 0.989473 1.685000 0.000000 0.000000 0.000000 1.000000
0.999200 -0.032806 0.022873 0.000000 0.028696 0.986487 0.161308 9.617900 -0.027855 -0.160523 0.986639 1.685000 0.000000 0.000000 0.000000 1.000000
0.999302 -0.018953 0.032201 0.000000 0.013172 0.985166 0.171099 9.617900 -0.034966 -0.170556 0.984727 1.685000 0.000000 0.000000 0.000000 1.000000
0.999113 -0.005550 0.041738 0.000000 -0.001962 0.984058 0.177836 9.617900 -0.042060 -0.177760 0.983175 1.685000 0.000000 0.000000 0.000000 1.000000</float_array><technique_common><accessor source="#Head-Matrix-animation-output-transform-array" count="27" stride="16"><param type="float4x4"/></accessor></technique_common></source><source id="Head-Interpolations"><Name_array id="Head-Interpolations-array" count="27">
 LINEAR LINEAR LINEAR LINEAR LINEAR LINEAR LINEAR LINEAR LINEAR LINEAR LINEAR
LINEAR LINEAR LINEAR LINEAR LINEAR LINEAR LINEAR LINEAR LINEAR LINEAR LINEAR LINEAR
LINEAR LINEAR LINEAR LINEAR</Name_array><technique_common><accessor source="#Head-Interpolations-array" count="27"><param type="name"/></accessor></technique_common></source><sampler id="Head-Matrix-animation-transform"><input semantic="INPUT" source="#Head-Matrix-animation-input"/><input semantic="OUTPUT" source="#Head-Matrix-animation-output-transform"/><input semantic="INTERPOLATION" source="#Head-Interpolations"/></sampler><channel source="#Head-Matrix-animation-transform" target="Head/matrix"/></animation>
    <animation id="LeftShoulder-anim" name="LeftShoulder"><source id="LeftShoulder-Matrix-animation-input"><float_array id="LeftShoulder-Matrix-animation-input-array" count="27">

0.000000 0.033333 0.066667 0.100000 0.133333 0.166667 0.200000 0.233333 0.266667 0.300000 0.333333 0.366667 0.400000 0.433333 0.466667 0.500000
0.533333 0.566667 0.600000 0.633333 0.666667 0.700000 0.733333 0.766667 0.800000 0.833333 0.866667</float_array><technique_common><accessor source="#LeftShoulder-Matrix-animation-input-array" count="27"><param name="TIME" type="float"/></accessor></technique_common></source><source id="LeftShoulder-Matrix-animation-output-transform"><float_array id="LeftShoulder-Matrix-animation-output-transform-array" count="432">

0.974468 0.198818 -0.104321 4.570400 -0.201297 0.979435 -0.013689 10.946000 0.099454 0.034339 0.994449 -2.628000 0.000000 0.000000 0.000000 1.000000
0.974177 0.200923 -0.103001 4.570400 -0.203375 0.979004 -0.013771 10.946000 0.098072 0.034363 0.994586 -2.628000 0.000000 0.000000 0.000000 1.000000
0.974029 0.202421 -0.101451 4.570400 -0.204832 0.978700 -0.013827 10.946000 0.096491 0.034248 0.994744 -2.628000 0.000000 0.000000 0.000000 1.000000
0.974137 0.202615 -0.100026 4.570400 -0.204977 0.978669 -0.013823 10.946000 0.095091 0.033969 0.994889 -2.628000 0.000000 0.000000 0.000000 1.000000
0.974039 0.202955 -0.100284 4.570400 -0.205329 0.978595 -0.013839 10.946000 0.095328 0.034071 0.994863 -2.628000 0.000000 0.000000 0.000000 1.000000
0.973774 0.203933 -0.100873 4.570400 -0.206337 0.978383 -0.013882 10.946000 0.095862 0.034331 0.994802 -2.628000 0.000000 0.000000 0.000000 1.000000
0.973968 0.203900 -0.099047 4.570400 -0.206239 0.978403 -0.013866 10.946000 0.094080 0.033932 0.994986 -2.628000 0.000000 0.000000 0.000000 1.000000
0.975001 0.201366 -0.093943 4.570400 -0.203509 0.978977 -0.013716 10.946000 0.089207 0.032491 0.995483 -2.628000 0.000000 0.000000 0.000000 1.000000
0.976209 0.197890 -0.088635 4.570400 -0.199831 0.979738 -0.013496 10.946000 0.084168 0.030887 0.995973 -2.628000 0.000000 0.000000 0.000000 1.000000
0.976543 0.196676 -0.087651 4.570400 -0.198576 0.979994 -0.013426 10.946000 0.083257 0.030516 0.996061 -2.628000 0.000000 0.000000 0.000000 1.000000
0.975826 0.198089 -0.092328 4.570400 -0.200151 0.979671 -0.013551 10.946000 0.087766 0.031703 0.995636 -2.628000 0.000000 0.000000 0.000000 1.000000
0.974930 0.199030 -0.099489 4.570400 -0.201341 0.979426 -0.013655 10.946000 0.094724 0.033344 0.994945 -2.628000 0.000000 0.000000 0.000000 1.000000
0.974816 0.197063 -0.104400 4.570400 -0.199528 0.979798 -0.013611 10.946000 0.099608 0.034099 0.994442 -2.628000 0.000000 0.000000 0.000000 1.000000
0.975635 0.192903 -0.104525 4.570400 -0.195334 0.980645 -0.013446 10.946000 0.099908 0.033535 0.994431 -2.628000 0.000000 0.000000 0.000000 1.000000
0.976774 0.188800 -0.101327 4.570400 -0.191083 0.981485 -0.013232 10.946000 0.096953 0.032287 0.994765 -2.628000 0.000000 0.000000 0.000000 1.000000
0.977481 0.186451 -0.098833 4.570400 -0.188629 0.981961 -0.013089 10.946000 0.094610 0.031437 0.995018 -2.628000 0.000000 0.000000 0.000000 1.000000
0.977365 0.186626 -0.099642 4.570400 -0.188833 0.981922 -0.013109 10.946000 0.095394 0.031628 0.994937 -2.628000 0.000000 0.000000 0.000000 1.000000
0.976626 0.189024 -0.102331 4.570400 -0.191343 0.981434 -0.013251 10.946000 0.097927 0.032521 0.994662 -2.628000 0.000000 0.000000 0.000000 1.000000
0.975984 0.191681 -0.103506 4.570400 -0.194064 0.980898 -0.013376 10.946000 0.098965 0.033141 0.994539 -2.628000 0.000000 0.000000 0.000000 1.000000
0.976059 0.192080 -0.102046 4.570400 -0.194417 0.980828 -0.013379 10.946000 0.097519 0.032898 0.994690 -2.628000 0.000000 0.000000 0.000000 1.000000
0.976644 0.190039 -0.100260 4.570400 -0.192297 0.981247 -0.013269 10.946000 0.095858 0.032239 0.994873 -2.628000 0.000000 0.000000 0.000000 1.000000
0.976955 0.188186 -0.100718 4.570400 -0.190443 0.981610 -0.013190 10.946000 0.096383 0.032067 0.994828 -2.628000 0.000000 0.000000 0.000000 1.000000
0.976599 0.188713 -0.103157 4.570400 -0.191057 0.981490 -0.013245 10.946000 0.098748 0.032644 0.994577 -2.628000 0.000000 0.000000 0.000000 1.000000
0.975892 0.191141 -0.105357 4.570400 -0.193584 0.980993 -0.013374 10.946000 0.100798 0.033447 0.994345 -2.628000 0.000000 0.000000 0.000000 1.000000
0.975283 0.193849 -0.106045 4.570400 -0.196342 0.980443 -0.013496 10.946000 0.101355 0.033983 0.994270 -2.628000 0.000000 0.000000 0.000000 1.000000
0.974857 0.196356 -0.105349 4.570400 -0.198848 0.979936 -0.013593 10.946000 0.100566 0.034199 0.994342 -2.628000 0.000000 0.000000 0.000000 1.000000
0.974468 0.198818 -0.104321 4.570400 -0.201297 0.979435 -0.013688 10.946000 0.099454 0.034338 0.994449 -2.628000 0.000000 0.000000 0.000000 1.000000</float_array><technique_common><accessor source="#LeftShoulder-Matrix-animation-output-transform-array" count="27" stride="16"><param type="float4x4"/></accessor></technique_common></source><source id="LeftShoulder-Interpolations"><Name_array id="LeftShoulder-Interpolations-array" count="27">
 LINEAR LINEAR LINEAR LINEAR LINEAR LINEAR LINEAR LINEAR LINEAR LINEAR LINEAR
LINEAR LINEAR LINEAR LINEAR LINEAR LINEAR LINEAR LINEAR LINEAR LINEAR LINEAR LINEAR
