<?xml version="1.0" encoding="utf-8"?>
<COLLADA xmlns="http://www.collada.org/2005/11/COLLADASchema" version="1.4.1">
  <asset><contributor><author>Mixamo</author><authoring_tool>COLLADA Mixamo exporter</authoring_tool><comments></comments></contributor><created>2020-06-17T14:32:08Z</created><modified>2020-06-17T14:32:08Z</modified><revision></revision><title></title><unit meter="0.010000"/><up_axis>Y_UP</up_axis></asset>
  <library_animations>
    <animation id="Hips-anim" name="Hips"><source id="Hips-Matrix-animation-input"><float_array id="Hips-Matrix-animation-input-array" count="3">

0.000000 0.033333 0.066667</float_array><technique_common><accessor source="#Hips-Matrix-animation-input-array" count="3"><param name="TIME" type="float"/></accessor></technique_common></source><source id="Hips-Matrix-animation-output-transform"><float_array id="Hips-Matrix-animation-output-transform-array" count="48">

0.153072 -0.433079 -0.888263 -16.817970 -0.987885 -0.043824 -0.148872 18.741875 0.025546 0.900290 -0.434540 87.011459 0.000000 0.000000 0.000000 1.000000
0.153066 -0.433073 -0.888267 -16.816971 -0.987887 -0.043857 -0.148850 18.741776 0.025506 0.900291 -0.434541 87.010666 0.000000 0.000000 0.000000 1.000000
0.153057 -0.433072 -0.888269 -16.816164 -0.987889 -0.043869 -0.148834 18.741663 0.025488 0.900291 -0.434541 87.010483 0.000000 0.000000 0.000000 1.000000</float_array><technique_common><accessor source="#Hips-Matrix-animation-output-transform-array" count="3" stride="16"><param type="float4x4"/></accessor></technique_common></source><source id="Hips-Interpolations"><Name_array id="Hips-Interpolations-array" count="3">
 LINEAR LINEAR LINEAR</Name_array><technique_common><accessor source="#Hips-Interpolations-array" count="3"><param type="name"/></accessor></technique_common></source><sampler id="Hips-Matrix-animation-transform"><input semantic="INPUT" source="#Hips-Matrix-animation-input"/><input semantic="OUTPUT" source="#Hips-Matrix-animation-output-transform"/><input semantic="INTERPOLATION" source="#Hips-Interpolations"/></sampler><channel source="#Hips-Matrix-animation-transform" target="Hips/matrix"/></animation>
    <animation id="Spine-anim" name="Spine"><source id="Spine-Matrix-animation-input"><float_array id="Spine-Matrix-animation-input-array" count="3">

0.000000 0.033333 0.066667</float_array><technique_common><accessor source="#Spine-Matrix-animation-input-array" count="3"><param name="TIME" type="float"/></accessor></technique_common></source><source id="Spine-Matrix-animation-output-transform"><float_array id="Spine-Matrix-animation-output-transform-array" count="48">

0.999503 -0.025684 -0.018268 -0.000000 0.022966 0.990446 -0.135975 10.181600 0.021586 0.135488 0.990544 0.131500 0.000000 0.000000 0.000000 1.000000
0.999503 -0.025713 -0.018241 0.000000 0.022999 0.990445 -0.135976 10.181600 0.021564 0.135489 0.990544 0.131500 0.000000 0.000000 0.000000 1.000000
0.999503 -0.025723 -0.018224 -0.000000 0.023011 0.990445 -0.135976 10.181600 0.021547 0.135489 0.990544 0.131500 0.000000 0.000000 0.000000 1.000000</float_array><technique_common><accessor source="#Spine-Matrix-animation-output-transform-array" count="3" stride="16"><param type="float4x4"/></accessor></technique_common></source><source id="Spine-Interpolations"><Name_array id="Spine-Interpolations-array" count="3">
 LINEAR LINEAR LINEAR</Name_array><technique_common><accessor source="#Spine-Interpolations-array" count="3"><param type="name"/></accessor></technique_common></source><sampler id="Spine-Matrix-animation-transform"><input semantic="INPUT" source="#Spine-Matrix-animation-input"/><input semantic="OUTPUT" source="#Spine-Matrix-animation-output-transform"/><input semantic="INTERPOLATION" source="#Spine-Interpolations"/></sampler><channel source="#Spine-Matrix-animation-transform" target="Spine/matrix"/></animation>
    <animation id="Spine1-anim" name="Spine1"><source id="Spine1-Matrix-animation-input"><float_array id="Spine1-Matrix-animation-input-array" count="3">

0.000000 0.033333 0.066667</float_array><technique_common><accessor source="#Spine1-Matrix-animation-input-array" count="3"><param name="TIME" type="float"/></accessor></technique_common></source><source id="Spine1-Matrix-animation-output-transform"><float_array id="Spine1-Matrix-animation-output-transform-array" count="48">

0.989707 -0.132709 -0.053559 -0.000000 0.113486 0.955806 -0.271213 10.083500 0.087184 0.262343 0.961028 -1.000800 0.000000 0.000000 0.000000 1.000000
0.989683 -0.132798 -0.053788 0.000000 0.113510 0.955796 -0.271239 10.083500 0.087430 0.262335 0.961008 -1.000800 0.000000 0.000000 0.000000 1.000000
0.989675 -0.132824 -0.053855 0.000000 0.113517 0.955793 -0.271246 10.083500 0.087502 0.262332 0.961002 -1.000800 0.000000 0.000000 0.000000 1.000000</float_array><technique_common><accessor source="#Spine1-Matrix-animation-output-transform-array" count="3" stride="16"><param type="float4x4"/></accessor></technique_common></source><source id="Spine1-Interpolations"><Name_array id="Spine1-Interpolations-array" count="3">
 LINEAR LINEAR LINEAR</Name_array><technique_common><accessor source="#Spine1-Interpolations-array" count="3"><param type="name"/></accessor></technique_common></source><sampler id="Spine1-Matrix-animation-transform"><input semantic="INPUT" source="#Spine1-Matrix-animation-input"/><input semantic="OUTPUT" source="#Spine1-Matrix-animation-output-transform"/><input semantic="INTERPOLATION" source="#Spine1-Interpolations"/></sampler><channel source="#Spine1-Matrix-animation-transform" target="Spine1/matrix"/></animation>
    <animation id="Spine2-anim" name="Spine2"><source id="Spine2-Matrix-animation-input"><float_array id="Spine2-Matrix-animation-input-array" count="3">

0.000000 0.033333 0.066667</float_array><technique_common><accessor source="#Spine2-Matrix-animation-input-array" count="3"><param name="TIME" type="float"/></accessor></technique_common></source><source id="Spine2-Matrix-animation-output-transform"><float_array id="Spine2-Matrix-animation-output-transform-array" count="48">

0.990694 -0.132601 -0.030712 0.000000 0.119178 0.954068 -0.274865 9.100000 0.065749 0.268647 0.960992 -1.373400 0.000000 0.000000 0.000000 1.000000
0.990681 -0.132662 -0.030865 0.000000 0.119194 0.954061 -0.274884 9.100000 0.065914 0.268643 0.960982 -1.373400 0.000000 0.000000 0.000000 1.000000
0.990681 -0.132662 -0.030865 -0.000000 0.119194 0.954061 -0.274884 9.100000 0.065914 0.268643 0.960982 -1.373400 0.000000 0.000000 0.000000 1.000000</float_array><technique_common><accessor source="#Spine2-Matrix-animation-output-transform-array" count="3" stride="16"><param type="float4x4"/></accessor></technique_common></source><source id="Spine2-Interpolations"><Name_array id="Spine2-Interpolations-array" count="3">
 LINEAR LINEAR LINEAR</Name_array><technique_common><accessor source="#Spine2-Interpolations-array" count="3"><param type="name"/></accessor></technique_common></source><sampler id="Spine2-Matrix-animation-transform"><input semantic="INPUT" source="#Spine2-Matrix-animation-input"/><input semantic="OUTPUT" source="#Spine2-Matrix-animation-output-transform"/><input semantic="INTERPOLATION" source="#Spine2-Interpolations"/></sampler><channel source="#Spine2-Matrix-animation-transform" target="Spine2/matrix"/></animation>
    <animation id="Neck-anim" name="Neck"><source id="Neck-Matrix-animation-input"><float_array id="Neck-Matrix-animation-input-array" count="3">

0.000000 0.033333 0.066667</float_array><technique_common><accessor source="#Neck-Matrix-animation-input-array" count="3"><param name="TIME" type="float"/></accessor></technique_common></source><source id="Neck-Matrix-animation-output-transform"><float_array id="Neck-Matrix-animation-output-transform-array" count="48">

0.784274 0.489616 0.381038 0.000000 -0.283400 0.829069 -0.482004 16.671700 -0.551904 0.270037 0.788975 -2.516200 0.000000 0.000000 0.000000 1.000000
0.783234 0.490870 0.381564 -0.000000 -0.283856 0.828348 -0.482975 16.671700 -0.553146 0.269973 0.788127 -2.516200 0.000000 0.000000 0.000000 1.000000
0.782897 0.491314 0.381684 0.000000 -0.283947 0.828039 -0.483453 16.671700 -0.553576 0.270116 0.787776 -2.516200 0.000000 0.000000 0.000000 1.000000</float_array><technique_common><accessor source="#Neck-Matrix-animation-output-transform-array" count="3" stride="16"><param type="float4x4"/></accessor></technique_common></source><source id="Neck-Interpolations"><Name_array id="Neck-Interpolations-array" count="3">
 LINEAR LINEAR LINEAR</Name_array><technique_common><accessor source="#Neck-Interpolations-array" count="3"><param type="name"/></accessor></technique_common></source><sampler id="Neck-Matrix-animation-transform"><input semantic="INPUT" source="#Neck-Matrix-animation-input"/><input semantic="OUTPUT" source="#Neck-Matrix-animation-output-transform"/><input semantic="INTERPOLATION" source="#Neck-Interpolations"/></sampler><channel source="#Neck-Matrix-animation-transform" target="Neck/matrix"/></animation>
    <animation id="Head-anim" name="Head"><source id="Head-Matrix-animation-input"><float_array id="Head-Matrix-animation-input-array" count="3">

0.000000 0.033333 0.066667</float_array><technique_common><accessor source="#Head-Matrix-animation-input-array" count="3"><param name="TIME" type="float"/></accessor></technique_common></source><source id="Head-Matrix-animation-output-transform"><float_array id="Head-Matrix-animation-output-transform-array" count="48">

0.970913 -0.083656 0.224343 0.000000 0.118288 0.982238 -0.145657 9.617900 -0.208173 0.167957 0.963563 1.685000 0.000000 0.000000 0.000000 1.000000
0.970611 -0.083581 0.225671 0.000000 0.118327 0.982315 -0.145108 9.617900 -0.209552 0.167546 0.963336 1.685000 0.000000 0.000000 0.000000 1.000000
0.970269 -0.083308 0.227240 0.000000 0.118285 0.982348 -0.144916 9.617900 -0.211156 0.167487 0.962996 1.685000 0.000000 0.000000 0.000000 1.000000</float_array><technique_common><accessor source="#Head-Matrix-animation-output-transform-array" count="3" stride="16"><param type="float4x4"/></accessor></technique_common></source><source id="Head-Interpolations"><Name_array id="Head-Interpolations-array" count="3">
 LINEAR LINEAR LINEAR</Name_array><technique_common><accessor source="#Head-Interpolations-array" count="3"><param type="name"/></accessor></technique_common></source><sampler id="Head-Matrix-animation-transform"><input semantic="INPUT" source="#Head-Matrix-animation-input"/><input semantic="OUTPUT" source="#Head-Matrix-animation-output-transform"/><input semantic="INTERPOLATION" source="#Head-Interpolations"/></sampler><channel source="#Head-Matrix-animation-transform" target="Head/matrix"/></animation>
    <animation id="LeftShoulder-anim" name="LeftShoulder"><source id="LeftShoulder-Matrix-animation-input"><float_array id="LeftShoulder-Matrix-animation-input-array" count="3">

0.000000 0.033333 0.066667</float_array><technique_common><accessor source="#LeftShoulder-Matrix-animation-input-array" count="3"><param name="TIME" type="float"/></accessor></technique_common></source><source id="LeftShoulder-Matrix-animation-output-transform"><float_array id="LeftShoulder-Matrix-animation-output-transform-array" count="48">

0.657866 -0.038753 -0.752138 4.570400 0.077719 0.996837 0.016616 10.946000 0.749115 -0.069386 0.658797 -2.628000 0.000000 0.000000 0.000000 1.000000
0.657631 -0.040484 -0.752252 4.570400 0.077680 0.996876 0.014259 10.946000 0.749325 -0.067812 0.658722 -2.628000 0.000000 0.000000 0.000000 1.000000
0.657493 -0.041357 -0.752325 4.570400 0.077669 0.996893 0.013078 10.946000 0.749447 -0.067031 0.658662 -2.628000 0.000000 0.000000 0.000000 1.000000</float_array><technique_common><accessor source="#LeftShoulder-Matrix-animation-output-transform-array" count="3" stride="16"><param type="float4x4"/></accessor></technique_common></source><source id="LeftShoulder-Interpolations"><Name_array id="LeftShoulder-Interpolations-array" count="3">
 LINEAR LINEAR LINEAR</Name_array><technique_common><accessor source="#LeftShoulder-Interpolations-array" count="3"><param type="name"/></accessor></technique_common></source><sampler id="LeftShoulder-Matrix-animation-transform"><input semantic="INPUT" source="#LeftShoulder-Matrix-animation-input"/><input semantic="OUTPUT" source="#LeftShoulder-Matrix-animation-output-transform"/><input semantic="INTERPOLATION" source="#LeftShoulder-Interpolations"/></sampler><channel source="#LeftShoulder-Matrix-animation-transform" target="LeftShoulder/matrix"/></animation>
    <animation id="LeftArm-anim" name="LeftArm"><source id="LeftArm-Matrix-animation-input"><float_array id="LeftArm-Matrix-animation-input-array" count="3">

0.000000 0.033333 0.066667</float_array><technique_common><accessor source="#LeftArm-Matrix-animation-input-array" count="3"><param name="TIME" type="float"/></accessor></technique_common></source><source id="LeftArm-Matrix-animation-output-transform"><float_array id="LeftArm-Matrix-animation-output-transform-array" count="48">

0.298189 0.631020 0.716168 10.592400 -0.834971 -0.191110 0.516043 -0.524600 0.462501 -0.751858 0.469896 -2.232100 0.000000 0.000000 0.000000 1.000000
0.298334 0.630107 0.716911 10.592400 -0.834133 -0.192959 0.516710 -0.524600 0.463917 -0.752151 0.468027 -2.232100 0.000000 0.000000 0.000000 1.000000
0.298379 0.629993 0.716993 10.592400 -0.833604 -0.193846 0.517231 -0.524600 0.464838 -0.752019 0.467326 -2.232100 0.000000 0.000000 0.000000 1.000000</float_array><technique_common><accessor source="#LeftArm-Matrix-animation-output-transform-array" count="3" stride="16"><param type="float4x4"/></accessor></technique_common></source><source id="LeftArm-Interpolations"><Name_array id="LeftArm-Interpolations-array" count="3">
 LINEAR LINEAR LINEAR</Name_array><technique_common><accessor source="#LeftArm-Interpolations-array" count="3"><param type="name"/></accessor></technique_common></source><sampler id="LeftArm-Matrix-animation-transform"><input semantic="INPUT" source="#LeftArm-Matrix-animation-input"/><input semantic="OUTPUT" source="#LeftArm-Matrix-animation-output-transform"/><input semantic="INTERPOLATION" source="#LeftArm-Interpolations"/></sampler><channel source="#LeftArm-Matrix-animation-transform" target="LeftArm/matrix"/></animation>
    <animation id="LeftForeArm-anim" name="LeftForeArm"><source id="LeftForeArm-Matrix-animation-input"><float_array id="LeftForeArm-Matrix-animation-input-array" count="3">

0.000000 0.033333 0.066667</float_array><technique_common><accessor source="#LeftForeArm-Matrix-animation-input-array" count="3"><param name="TIME" type="float"/></accessor></technique_common></source><source id="LeftForeArm-Matrix-animation-output-transform"><float_array id="LeftForeArm-Matrix-animation-output-transform-array" count="48">

0.618370 0.013234 -0.785775 27.841499 -0.035073 0.999327 -0.010771 -0.000100 0.785104 0.034220 0.618418 0.000000 0.000000 0.000000 0.000000 1.000000
0.618133 0.013495 -0.785958 27.841499 -0.035503 0.999312 -0.010765 -0.000100 0.785271 0.034558 0.618187 0.000000 0.000000 0.000000 0.000000 1.000000
0.618134 0.013536 -0.785956 27.841499 -0.035571 0.999309 -0.010765 -0.000100 0.785267 0.034611 0.618189 -0.000000 0.000000 0.000000 0.000000 1.000000</float_array><technique_common><accessor source="#LeftForeArm-Matrix-animation-output-transform-array" count="3" stride="16"><param type="float4x4"/></accessor></technique_common></source><source id="LeftForeArm-Interpolations"><Name_array id="LeftForeArm-Interpolations-array" count="3">
 LINEAR LINEAR LINEAR</Name_array><technique_common><accessor source="#LeftForeArm-Interpolations-array" count="3"><param type="name"/></accessor></technique_common></source><sampler id="LeftForeArm-Matrix-animation-transform"><input semantic="INPUT" source="#LeftForeArm-Matrix-animation-input"/><input semantic="OUTPUT" source="#LeftForeArm-Matrix-animation-output-transform"/><input semantic="INTERPOLATION" source="#LeftForeArm-Interpolations"/></sampler><channel source="#LeftForeArm-Matrix-animation-transform" target="LeftForeArm/matrix"/></animation>
    <animation id="LeftHand-anim" name="LeftHand"><source id="LeftHand-Matrix-animation-input"><float_array id="LeftHand-Matrix-animation-input-array" count="3">

0.000000 0.033333 0.066667</float_array><technique_common><accessor source="#LeftHand-Matrix-animation-input-array" count="3"><param name="TIME" type="float"/></accessor></technique_common></source><source id="LeftHand-Matrix-animation-output-transform"><float_array id="LeftHand-Matrix-animation-output-transform-array" count="48">

0.965284 -0.171297 0.197190 28.328800 0.206160 0.963198 -0.172473 -0.000000 -0.160389 0.207138 0.965075 0.000000 0.000000 0.000000 0.000000 1.000000
0.965216 -0.171496 0.197352 28.328800 0.206380 0.963165 -0.172394 0.000000 -0.160518 0.207127 0.965056 0.000000 0.000000 0.000000 0.000000 1.000000
0.965182 -0.171643 0.197388 28.328800 0.206509 0.963165 -0.172240 0.000000 -0.160554 0.207005 0.965076 0.000000 0.000000 0.000000 0.000000 1.000000</float_array><technique_common><accessor source="#LeftHand-Matrix-animation-output-transform-array" count="3" stride="16"><param type="float4x4"/></accessor></technique_common></source><source id="LeftHand-Interpolations"><Name_array id="LeftHand-Interpolations-array" count="3">
 LINEAR LINEAR LINEAR</Name_array><technique_common><accessor source="#LeftHand-Interpolations-array" count="3"><param type="name"/></accessor></technique_common></source><sampler id="LeftHand-Matrix-animation-transform"><input semantic="INPUT" source="#LeftHand-Matrix-animation-input"/><input semantic="OUTPUT" source="#LeftHand-Matrix-animation-output-transform"/><input semantic="INTERPOLATION" source="#LeftHand-Interpolations"/></sampler><channel source="#LeftHand-Matrix-animation-transform" target="LeftHand/matrix"/></animation>
    <animation id="LeftHandThumb1-anim" name="LeftHandThumb1"><source id="LeftHandThumb1-Matrix-animation-input"><float_array id="LeftHandThumb1-Matrix-animation-input-array" count="3">

0.000000 0.033333 0.066667</float_array><technique_common><accessor source="#LeftHandThumb1-Matrix-animation-input-array" count="3"><param name="TIME" type="float"/></accessor></technique_common></source><source id="LeftHandThumb1-Matrix-animation-output-transform"><float_array id="LeftHandThumb1-Matrix-animation-output-transform-array" count="48">

0.961081 -0.263963 -0.081530 2.466100 0.271407 0.957233 0.100217 -1.575000 0.051590 -0.118445 0.991620 2.682400 0.000000 0.000000 0.000000 1.000000
0.961081 -0.263963 -0.081530 2.466100 0.271407 0.957233 0.100217 -1.575000 0.051590 -0.118444 0.991620 2.682400 0.000000 0.000000 0.000000 1.000000
0.961081 -0.263963 -0.081530 2.466100 0.271407 0.957233 0.100217 -1.575000 0.051590 -0.118445 0.991620 2.682400 0.000000 0.000000 0.000000 1.000000</float_array><technique_common><accessor source="#LeftHandThumb1-Matrix-animation-output-transform-array" count="3" stride="16"><param type="float4x4"/></accessor></technique_common></source><source id="LeftHandThumb1-Interpolations"><Name_array id="LeftHandThumb1-Interpolations-array" count="3">
 LINEAR LINEAR LINEAR</Name_array><technique_common><accessor source="#LeftHandThumb1-Interpolations-array" count="3"><param type="name"/></accessor></technique_common></source><sampler id="LeftHandThumb1-Matrix-animation-transform"><input semantic="INPUT" source="#LeftHandThumb1-Matrix-animation-input"/><input semantic="OUTPUT" source="#LeftHandThumb1-Matrix-animation-output-transform"/><input semantic="INTERPOLATION" source="#LeftHandThumb1-Interpolations"/></sampler><channel source="#LeftHandThumb1-Matrix-animation-transform" target="LeftHandThumb1/matrix"/></animation>
    <animation id="LeftHandThumb2-anim" name="LeftHandThumb2"><source id="LeftHandThumb2-Matrix-animation-input"><float_array id="LeftHandThumb2-Matrix-animation-input-array" count="3">

0.000000 0.033333 0.066667</float_array><technique_common><accessor source="#LeftHandThumb2-Matrix-animation-input-array" count="3"><param name="TIME" type="float"/></accessor></technique_common></source><source id="LeftHandThumb2-Matrix-animation-output-transform"><float_array id="LeftHandThumb2-Matrix-animation-output-transform-array" count="48">

0.988131 -0.032229 0.150196 3.229800 0.041923 0.997206 -0.061829 -1.864700 -0.147784 0.067391 0.986721 1.864700 0.000000 0.000000 0.000000 1.000000
0.988131 -0.032229 0.150197 3.229800 0.041923 0.997206 -0.061829 -1.864700 -0.147784 0.067391 0.986721 1.864700 0.000000 0.000000 0.000000 1.000000
0.988131 -0.032229 0.150196 3.229800 0.041923 0.997206 -0.061829 -1.864700 -0.147784 0.067391 0.986721 1.864700 0.000000 0.000000 0.000000 1.000000</float_array><technique_common><accessor source="#LeftHandThumb2-Matrix-animation-output-transform-array" count="3" stride="16"><param type="float4x4"/></accessor></technique_common></source><source id="LeftHandThumb2-Interpolations"><Name_array id="LeftHandThumb2-Interpolations-array" count="3">
 LINEAR LINEAR LINEAR</Name_array><technique_common><accessor source="#LeftHandThumb2-Interpolations-array" count="3"><param type="name"/></accessor></technique_common></source><sampler id="LeftHandThumb2-Matrix-animation-transform"><input semantic="INPUT" source="#LeftHandThumb2-Matrix-animation-input"/><input semantic="OUTPUT" source="#LeftHandThumb2-Matrix-animation-output-transform"/><input semantic="INTERPOLATION" source="#LeftHandThumb2-Interpolations"/></sampler><channel source="#LeftHandThumb2-Matrix-animation-transform" target="LeftHandThumb2/matrix"/></animation>
    <animation id="LeftHandThumb3-anim" name="LeftHandThumb3"><source id="LeftHandThumb3-Matrix-animation-input"><float_array id="LeftHandThumb3-Matrix-animation-input-array" count="3">

0.000000 0.033333 0.066667</float_array><technique_common><accessor source="#LeftHandThumb3-Matrix-animation-input-array" count="3"><param name="TIME" type="float"/></accessor></technique_common></source><source id="LeftHandThumb3-Matrix-animation-output-transform"><float_array id="LeftHandThumb3-Matrix-animation-output-transform-array" count="48">

0.965098 -0.004472 0.261850 2.652600 0.042796 0.989107 -0.140840 -1.531500 -0.258368 0.147130 0.954777 1.531500 0.000000 0.000000 0.000000 1.000000
0.965098 -0.004472 0.261850 2.652600 0.042796 0.989107 -0.140840 -1.531500 -0.258368 0.147130 0.954777 1.531500 0.000000 0.000000 0.000000 1.000000
0.965098 -0.004472 0.261850 2.652600 0.042796 0.989107 -0.140840 -1.531500 -0.258368 0.147130 0.954777 1.531500 0.000000 0.000000 0.000000 1.000000</float_array><technique_common><accessor source="#LeftHandThumb3-Matrix-animation-output-transform-array" count="3" stride="16"><param type="float4x4"/></accessor></technique_common></source><source id="LeftHandThumb3-Interpolations"><Name_array id="LeftHandThumb3-Interpolations-array" count="3">
 LINEAR LINEAR LINEAR</Name_array><technique_common><accessor source="#LeftHandThumb3-Interpolations-array" count="3"><param type="name"/></accessor></technique_common></source><sampler id="LeftHandThumb3-Matrix-animation-transform"><input semantic="INPUT" source="#LeftHandThumb3-Matrix-animation-input"/><input semantic="OUTPUT" source="#LeftHandThumb3-Matrix-animation-output-transform"/><input semantic="INTERPOLATION" source="#LeftHandThumb3-Interpolations"/></sampler><channel source="#LeftHandThumb3-Matrix-animation-transform" target="LeftHandThumb3/matrix"/></animation>
    <animation id="LeftHandIndex1-anim" name="LeftHandIndex1"><source id="LeftHandIndex1-Matrix-animation-input"><float_array id="LeftHandIndex1-Matrix-animation-input-array" count="3">

0.000000 0.033333 0.066667</float_array><technique_common><accessor source="#LeftHandIndex1-Matrix-animation-input-array" count="3"><param name="TIME" type="float"/></accessor></technique_common></source><source id="LeftHandIndex1-Matrix-animation-output-transform"><float_array id="LeftHandIndex1-Matrix-animation-output-transform-array" count="48">

0.977830 0.207985 -0.024316 9.109300 -0.209364 0.968839 -0.132355 -0.517100 -0.003970 0.134512 0.990904 2.260100 0.000000 0.000000 0.000000 1.000000
0.977830 0.207985 -0.024316 9.109300 -0.209364 0.968839 -0.132355 -0.517100 -0.003970 0.134512 0.990904 2.260100 0.000000 0.000000 0.000000 1.000000
0.977830 0.207985 -0.024316 9.109300 -0.209364 0.968839 -0.132355 -0.517100 -0.003970 0.134512 0.990904 2.260100 0.000000 0.000000 0.000000 1.000000</float_array><technique_common><accessor source="#LeftHandIndex1-Matrix-animation-output-transform-array" count="3" stride="16"><param type="float4x4"/></accessor></technique_common></source><source id="LeftHandIndex1-Interpolations"><Name_array id="LeftHandIndex1-Interpolations-array" count="3">
 LINEAR LINEAR LINEAR</Name_array><technique_common><accessor source="#LeftHandIndex1-Interpolations-array" count="3"><param type="name"/></accessor></technique_common></source><sampler id="LeftHandIndex1-Matrix-animation-transform"><input semantic="INPUT" source="#LeftHandIndex1-Matrix-animation-input"/><input semantic="OUTPUT" source="#LeftHandIndex1-Matrix-animation-output-transform"/><input semantic="INTERPOLATION" source="#LeftHandIndex1-Interpolations"/></sampler><channel source="#LeftHandIndex1-Matrix-animation-transform" target="LeftHandIndex1/matrix"/></animation>
    <animation id="LeftHandIndex2-anim" name="LeftHandIndex2"><source id="LeftHandIndex2-Matrix-animation-input"><float_array id="LeftHandIndex2-Matrix-animation-input-array" count="3">

0.000000 0.033333 0.066667</float_array><technique_common><accessor source="#LeftHandIndex2-Matrix-animation-input-array" count="3"><param name="TIME" type="float"/></accessor></technique_common></source><source id="LeftHandIndex2-Matrix-animation-output-transform"><float_array id="LeftHandIndex2-Matrix-animation-output-transform-array" count="48">

0.983421 0.164271 -0.076796 3.676400 -0.164770 0.986332 -0.000162 0.000000 0.075720 0.012813 0.997047 0.000000 0.000000 0.000000 0.000000 1.000000
0.983421 0.164271 -0.076796 3.676400 -0.164770 0.986332 -0.000162 0.000000 0.075720 0.012813 0.997047 -0.000000 0.000000 0.000000 0.000000 1.000000
0.983421 0.164271 -0.076797 3.676400 -0.164770 0.986332 -0.000162 0.000000 0.075720 0.012813 0.997047 0.000000 0.000000 0.000000 0.000000 1.000000</float_array><technique_common><accessor source="#LeftHandIndex2-Matrix-animation-output-transform-array" count="3" stride="16"><param type="float4x4"/></accessor></technique_common></source><source id="LeftHandIndex2-Interpolations"><Name_array id="LeftHandIndex2-Interpolations-array" count="3">
 LINEAR LINEAR LINEAR</Name_array><technique_common><accessor source="#LeftHandIndex2-Interpolations-array" count="3"><param type="name"/></accessor></technique_common></source><sampler id="LeftHandIndex2-Matrix-animation-transform"><input semantic="INPUT" source="#LeftHandIndex2-Matrix-animation-input"/><input semantic="OUTPUT" source="#LeftHandIndex2-Matrix-animation-output-transform"/><input semantic="INTERPOLATION" source="#LeftHandIndex2-Interpolations"/></sampler><channel source="#LeftHandIndex2-Matrix-animation-transform" target="LeftHandIndex2/matrix"/></animation>
    <animation id="LeftHandIndex3-anim" name="LeftHandIndex3"><source id="LeftHandIndex3-Matrix-animation-input"><float_array id="LeftHandIndex3-Matrix-animation-input-array" count="3">

0.000000 0.033333 0.066667</float_array><technique_common><accessor source="#LeftHandIndex3-Matrix-animation-input-array" count="3"><param name="TIME" type="float"/></accessor></technique_common></source><source id="LeftHandIndex3-Matrix-animation-output-transform"><float_array id="LeftHandIndex3-Matrix-animation-output-transform-array" count="48">

0.785164 0.618376 0.033602 2.883100 -0.618734 0.785601 0.000330 0.000000 -0.026194 -0.021050 0.999435 0.000000 0.000000 0.000000 0.000000 1.000000
0.785164 0.618376 0.033602 2.883100 -0.618734 0.785601 0.000330 0.000000 -0.026194 -0.021050 0.999435 0.000000 0.000000 0.000000 0.000000 1.000000
0.785164 0.618376 0.033602 2.883100 -0.618734 0.785601 0.000330 -0.000000 -0.026194 -0.021050 0.999435 0.000000 0.000000 0.000000 0.000000 1.000000</float_array><technique_common><accessor source="#LeftHandIndex3-Matrix-animation-output-transform-array" count="3" stride="16"><param type="float4x4"/></accessor></technique_common></source><source id="LeftHandIndex3-Interpolations"><Name_array id="LeftHandIndex3-Interpolations-array" count="3">
 LINEAR LINEAR LINEAR</Name_array><technique_common><accessor source="#LeftHandIndex3-Interpolations-array" count="3"><param type="name"/></accessor></technique_common></source><sampler id="LeftHandIndex3-Matrix-animation-transform"><input semantic="INPUT" source="#LeftHandIndex3-Matrix-animation-input"/><input semantic="OUTPUT" source="#LeftHandIndex3-Matrix-animation-output-transform"/><input semantic="INTERPOLATION" source="#LeftHandIndex3-Interpolations"/></sampler><channel source="#LeftHandIndex3-Matrix-animation-transform" target="LeftHandIndex3/matrix"/></animation>
    <animation id="LeftHandMiddle1-anim" name="LeftHandMiddle1"><source id="LeftHandMiddle1-Matrix-animation-input"><float_array id="LeftHandMiddle1-Matrix-animation-input-array" count="3">

0.000000 0.033333 0.066667</float_array><technique_common><accessor source="#LeftHandMiddle1-Matrix-animation-input-array" count="3"><param name="TIME" type="float"/></accessor></technique_common></source><source id="LeftHandMiddle1-Matrix-animation-output-transform"><float_array id="LeftHandMiddle1-Matrix-animation-output-transform-array" count="48">

0.987119 0.023187 0.158299 9.533400 -0.014252 0.998253 -0.057346 0.000000 -0.159352 0.054351 0.985724 0.000000 0.000000 0.000000 0.000000 1.000000
0.987119 0.023187 0.158300 9.533400 -0.014252 0.998253 -0.057346 0.000000 -0.159353 0.054351 0.985724 -0.000000 0.000000 0.000000 0.000000 1.000000
0.987119 0.023187 0.158300 9.533400 -0.014252 0.998253 -0.057346 -0.000000 -0.159353 0.054351 0.985724 0.000000 0.000000 0.000000 0.000000 1.000000</float_array><technique_common><accessor source="#LeftHandMiddle1-Matrix-animation-output-transform-array" count="3" stride="16"><param type="float4x4"/></accessor></technique_common></source><source id="LeftHandMiddle1-Interpolations"><Name_array id="LeftHandMiddle1-Interpolations-array" count="3">
 LINEAR LINEAR LINEAR</Name_array><technique_common><accessor source="#LeftHandMiddle1-Interpolations-array" count="3"><param type="name"/></accessor></technique_common></source><sampler id="LeftHandMiddle1-Matrix-animation-transform"><input semantic="INPUT" source="#LeftHandMiddle1-Matrix-animation-input"/><input semantic="OUTPUT" source="#LeftHandMiddle1-Matrix-animation-output-transform"/><input semantic="INTERPOLATION" source="#LeftHandMiddle1-Interpolations"/></sampler><channel source="#LeftHandMiddle1-Matrix-animation-transform" target="LeftHandMiddle1/matrix"/></animation>
    <animation id="LeftHandMiddle2-anim" name="LeftHandMiddle2"><source id="LeftHandMiddle2-Matrix-animation-input"><float_array id="LeftHandMiddle2-Matrix-animation-input-array" count="3">

0.000000 0.033333 0.066667</float_array><technique_common><accessor source="#LeftHandMiddle2-Matrix-animation-input-array" count="3"><param name="TIME" type="float"/></accessor></technique_common></source><source id="LeftHandMiddle2-Matrix-animation-output-transform"><float_array id="LeftHandMiddle2-Matrix-animation-output-transform-array" count="48">

0.954044 0.287426 -0.084768 3.698200 -0.288466 0.957490 -0.000015 0.000000 0.081161 0.024467 0.996401 0.000000 0.000000 0.000000 0.000000 1.000000
0.954044 0.287426 -0.084769 3.698200 -0.288466 0.957490 -0.000015 0.000000 0.081161 0.024467 0.996401 0.000000 0.000000 0.000000 0.000000 1.000000
0.954044 0.287426 -0.084769 3.698200 -0.288466 0.957490 -0.000015 0.000000 0.081161 0.024467 0.996401 0.000000 0.000000 0.000000 0.000000 1.000000</float_array><technique_common><accessor source="#LeftHandMiddle2-Matrix-animation-output-transform-array" count="3" stride="16"><param type="float4x4"/></accessor></technique_common></source><source id="LeftHandMiddle2-Interpolations"><Name_array id="LeftHandMiddle2-Interpolations-array" count="3">
 LINEAR LINEAR LINEAR</Name_array><technique_common><accessor source="#LeftHandMiddle2-Interpolations-array" count="3"><param type="name"/></accessor></technique_common></source><sampler id="LeftHandMiddle2-Matrix-animation-transform"><input semantic="INPUT" source="#LeftHandMiddle2-Matrix-animation-input"/><input semantic="OUTPUT" source="#LeftHandMiddle2-Matrix-animation-output-transform"/><input semantic="INTERPOLATION" source="#LeftHandMiddle2-Interpolations"/></sampler><channel source="#LeftHandMiddle2-Matrix-animation-transform" target="LeftHandMiddle2/matrix"/></animation>
    <animation id="LeftHandMiddle3-anim" name="LeftHandMiddle3"><source id="LeftHandMiddle3-Matrix-animation-input"><float_array id="LeftHandMiddle3-Matrix-animation-input-array" count="3">

0.000000 0.033333 0.066667</float_array><technique_common><accessor source="#LeftHandMiddle3-Matrix-animation-input-array" count="3"><param name="TIME" type="float"/></accessor></technique_common></source><source id="LeftHandMiddle3-Matrix-animation-output-transform"><float_array id="LeftHandMiddle3-Matrix-animation-output-transform-array" count="48">

0.742536 0.669251 0.027257 2.950900 -0.669526 0.742787 0.001316 -0.000000 -0.019365 -0.019226 0.999628 0.000000 0.000000 0.000000 0.000000 1.000000
0.742536 0.669251 0.027257 2.950900 -0.669526 0.742787 0.001316 -0.000000 -0.019365 -0.019226 0.999628 0.000000 0.000000 0.000000 0.000000 1.000000
0.742536 0.669251 0.027256 2.950900 -0.669526 0.742787 0.001316 0.000000 -0.019365 -0.019226 0.999628 0.000000 0.000000 0.000000 0.000000 1.000000</float_array><technique_common><accessor source="#LeftHandMiddle3-Matrix-animation-output-transform-array" count="3" stride="16"><param type="float4x4"/></accessor></technique_common></source><source id="LeftHandMiddle3-Interpolations"><Name_array id="LeftHandMiddle3-Interpolations-array" count="3">
 LINEAR LINEAR LINEAR</Name_array><technique_common><accessor source="#LeftHandMiddle3-Interpolations-array" count="3"><param type="name"/></accessor></technique_common></source><sampler id="LeftHandMiddle3-Matrix-animation-transform"><input semantic="INPUT" source="#LeftHandMiddle3-Matrix-animation-input"/><input semantic="OUTPUT" source="#LeftHandMiddle3-Matrix-animation-output-transform"/><input semantic="INTERPOLATION" source="#LeftHandMiddle3-Interpolations"/></sampler><channel source="#LeftHandMiddle3-Matrix-animation-transform" target="LeftHandMiddle3/matrix"/></animation>
    <animation id="LeftHandRing1-anim" name="LeftHandRing1"><source id="LeftHandRing1-Matrix-animation-input"><float_array id="LeftHandRing1-Matrix-animation-input-array" count="3">

0.000000 0.033333 0.066667</float_array><technique_common><accessor source="#LeftHandRing1-Matrix-animation-input-array" count="3"><param name="TIME" type="float"/></accessor></technique_common></source><source id="LeftHandRing1-Matrix-animation-output-transform"><float_array id="LeftHandRing1-Matrix-animation-output-transform-array" count="48">

0.979803 0.089009 0.179065 9.104500 -0.095152 0.995123 0.026000 -0.043900 -0.175877 -0.042514 0.983494 -1.865100 0.000000 0.000000 0.000000 1.000000
0.979803 0.089009 0.179065 9.104500 -0.095152 0.995123 0.026001 -0.043900 -0.175877 -0.042514 0.983494 -1.865100 0.000000 0.000000 0.000000 1.000000
0.979803 0.089009 0.179065 9.104500 -0.095152 0.995123 0.026001 -0.043900 -0.175877 -0.042514 0.983494 -1.865100 0.000000 0.000000 0.000000 1.000000</float_array><technique_common><accessor source="#LeftHandRing1-Matrix-animation-output-transform-array" count="3" stride="16"><param type="float4x4"/></accessor></technique_common></source><source id="LeftHandRing1-Interpolations"><Name_array id="LeftHandRing1-Interpolations-array" count="3">
 LINEAR LINEAR LINEAR</Name_array><technique_common><accessor source="#LeftHandRing1-Interpolations-array" count="3"><param type="name"/></accessor></technique_common></source><sampler id="LeftHandRing1-Matrix-animation-transform"><input semantic="INPUT" source="#LeftHandRing1-Matrix-animation-input"/><input semantic="OUTPUT" source="#LeftHandRing1-Matrix-animation-output-transform"/><input semantic="INTERPOLATION" source="#LeftHandRing1-Interpolations"/></sampler><channel source="#LeftHandRing1-Matrix-animation-transform" target="LeftHandRing1/matrix"/></animation>
    <animation id="LeftHandRing2-anim" name="LeftHandRing2"><source id="LeftHandRing2-Matrix-animation-input"><float_array id="LeftHandRing2-Matrix-animation-input-array" count="3">

0.000000 0.033333 0.066667</float_array><technique_common><accessor source="#LeftHandRing2-Matrix-animation-input-array" count="3"><param name="TIME" type="float"/></accessor></technique_common></source><source id="LeftHandRing2-Matrix-animation-output-transform"><float_array id="LeftHandRing2-Matrix-animation-output-transform-array" count="48">

0.933459 0.357973 -0.022602 3.154000 -0.358040 0.933706 0.001124 0.000000 0.021506 0.007043 0.999744 0.000000 0.000000 0.000000 0.000000 1.000000
0.933459 0.357973 -0.022602 3.154000 -0.358040 0.933706 0.001125 0.000000 0.021506 0.007043 0.999744 0.000000 0.000000 0.000000 0.000000 1.000000
0.933459 0.357972 -0.022601 3.154000 -0.358040 0.933706 0.001125 0.000000 0.021506 0.007043 0.999744 -0.000000 0.000000 0.000000 0.000000 1.000000</float_array><technique_common><accessor source="#LeftHandRing2-Matrix-animation-output-transform-array" count="3" stride="16"><param type="float4x4"/></accessor></technique_common></source><source id="LeftHandRing2-Interpolations"><Name_array id="LeftHandRing2-Interpolations-array" count="3">
 LINEAR LINEAR LINEAR</Name_array><technique_common><accessor source="#LeftHandRing2-Interpolations-array" count="3"><param type="name"/></accessor></technique_common></source><sampler id="LeftHandRing2-Matrix-animation-transform"><input semantic="INPUT" source="#LeftHandRing2-Matrix-animation-input"/><input semantic="OUTPUT" source="#LeftHandRing2-Matrix-animation-output-transform"/><input semantic="INTERPOLATION" source="#LeftHandRing2-Interpolations"/></sampler><channel source="#LeftHandRing2-Matrix-animation-transform" target="LeftHandRing2/matrix"/></animation>
    <animation id="LeftHandRing3-anim" name="LeftHandRing3"><source id="LeftHandRing3-Matrix-animation-input"><float_array id="LeftHandRing3-Matrix-animation-input-array" count="3">

0.000000 0.033333 0.066667</float_array><technique_common><accessor source="#LeftHandRing3-Matrix-animation-input-array" count="3"><param name="TIME" type="float"/></accessor></technique_common></source><source id="LeftHandRing3-Matrix-animation-output-transform"><float_array id="LeftHandRing3-Matrix-animation-output-transform-array" count="48">

0.762929 0.646151 0.020706 2.937700 -0.646309 0.763074 0.001278 0.000000 -0.014975 -0.014357 0.999785 0.000000 0.000000 0.000000 0.000000 1.000000
0.762928 0.646151 0.020706 2.937700 -0.646310 0.763074 0.001277 0.000000 -0.014975 -0.014357 0.999785 -0.000000 0.000000 0.000000 0.000000 1.000000
0.762928 0.646151 0.020706 2.937700 -0.646310 0.763074 0.001278 0.000000 -0.014975 -0.014357 0.999785 0.000000 0.000000 0.000000 0.000000 1.000000</float_array><technique_common><accessor source="#LeftHandRing3-Matrix-animation-output-transform-array" count="3" stride="16"><param type="float4x4"/></accessor></technique_common></source><source id="LeftHandRing3-Interpolations"><Name_array id="LeftHandRing3-Interpolations-array" count="3">
