<?xml version="1.0" encoding="utf-8"?>
<COLLADA xmlns="http://www.collada.org/2005/11/COLLADASchema" version="1.4.1">
  <asset><contributor><author>Mixamo</author><authoring_tool>COLLADA Mixamo exporter</authoring_tool><comments></comments></contributor><created>2020-06-16T20:53:49Z</created><modified>2020-06-16T20:53:49Z</modified><revision></revision><title></title><unit meter="0.010000"/><up_axis>Y_UP</up_axis></asset>
  <library_animations>
    <animation id="Hips-anim" name="Hips"><source id="Hips-Matrix-animation-input"><float_array id="Hips-Matrix-animation-input-array" count="78">

0.000000 0.033333 0.066667 0.100000 0.133333 0.166667 0.200000 0.233333 0.266667 0.300000 0.333333 0.366667 0.400000 0.433333 0.466667 0.500000
0.533333 0.566667 0.600000 0.633333 0.666667 0.700000 0.733333 0.766667 0.800000 0.833333 0.866667 0.900000 0.933333 0.966667 1.000000 1.033333
1.066667 1.100000 1.133333 1.166667 1.200000 1.233333 1.266667 1.300000 1.333333 1.366667 1.400000 1.433333 1.466667 1.500000 1.533333 1.566667
1.600000 1.633333 1.666667 1.700000 1.733333 1.766667 1.800000 1.833333 1.866667 1.900000 1.933333 1.966667 2.000000 2.033333 2.066667 2.100000
2.133333 2.166667 2.200000 2.233333 2.266667 2.300000 2.333333 2.366667 2.400000 2.433333 2.466667 2.500000 2.533333 2.566667</float_array><technique_common><accessor source="#Hips-Matrix-animation-input-array" count="78"><param name="TIME" type="float"/></accessor></technique_common></source><source id="Hips-Matrix-animation-output-transform"><float_array id="Hips-Matrix-animation-output-transform-array" count="1248">

0.581678 -0.118301 -0.804770 -0.840318 -0.019563 0.987047 -0.159235 87.898666 0.813184 0.108367 0.571829 0.738358 0.000000 0.000000 0.000000 1.000000
0.550153 -0.077553 -0.831455 -0.921806 -0.016522 0.994472 -0.103690 87.890709 0.834901 0.070783 0.545830 0.482287 0.000000 0.000000 0.000000 1.000000
0.555276 -0.054029 -0.829909 -1.295408 -0.004457 0.997680 -0.067933 87.844597 0.831654 0.041420 0.553747 0.462515 0.000000 0.000000 0.000000 1.000000
0.564254 -0.030036 -0.825055 -2.052337 0.008549 0.999497 -0.030540 87.929832 0.825557 0.010179 0.564227 0.531924 0.000000 0.000000 0.000000 1.000000
0.575108 -0.009285 -0.818025 -3.141417 0.020178 0.999792 0.002838 88.148636 0.817829 -0.018138 0.575175 0.485978 0.000000 0.000000 0.000000 1.000000
0.583412 0.001017 -0.812176 -4.279474 0.029121 0.999330 0.022170 88.474541 0.811654 -0.036586 0.582991 0.219205 0.000000 0.000000 0.000000 1.000000
0.587245 -0.000999 -0.809409 -5.257669 0.034259 0.999134 0.023623 88.671448 0.808684 -0.041602 0.586770 -0.064097 0.000000 0.000000 0.000000 1.000000
0.571369 -0.023872 -0.820346 -6.004479 0.027761 0.999567 -0.009751 88.575539 0.820224 -0.017203 0.571784 -0.043424 0.000000 0.000000 0.000000 1.000000
0.508572 -0.047150 -0.859727 -6.330506 0.010430 0.998764 -0.048605 88.267906 0.860956 0.015752 0.508435 0.203480 0.000000 0.000000 0.000000 1.000000
0.426759 -0.065054 -0.902022 -6.374093 -0.025564 0.996143 -0.083937 87.803329 0.904004 0.058880 0.423450 0.929846 0.000000 0.000000 0.000000 1.000000
0.362247 -0.072765 -0.929238 -6.296738 -0.074748 0.991469 -0.106777 87.309181 0.929080 0.108138 0.353717 2.160339 0.000000 0.000000 0.000000 1.000000
0.325336 -0.059330 -0.943735 -6.106579 -0.136012 0.984715 -0.108794 86.416687 0.935765 0.163754 0.312294 3.629645 0.000000 0.000000 0.000000 1.000000
0.305249 -0.040574 -0.951408 -5.871259 -0.194406 0.975395 -0.103971 85.126801 0.932217 0.216697 0.289851 5.202380 0.000000 0.000000 0.000000 1.000000
0.294583 -0.029870 -0.955159 -5.669781 -0.257798 0.959971 -0.109529 83.574875 0.920196 0.278503 0.275090 7.021049 0.000000 0.000000 0.000000 1.000000
0.283040 -0.028402 -0.958688 -5.538507 -0.308315 0.943813 -0.118988 81.905357 0.908202 0.329256 0.258380 9.254405 0.000000 0.000000 0.000000 1.000000
0.246486 -0.041945 -0.968238 -5.281347 -0.341606 0.931182 -0.127303 79.666496 0.906945 0.362134 0.215195 11.640105 0.000000 0.000000 0.000000 1.000000
0.192519 -0.054553 -0.979776 -4.958447 -0.371319 0.920162 -0.124195 77.044174 0.908327 0.387719 0.156892 14.084633 0.000000 0.000000 0.000000 1.000000
0.128662 -0.067037 -0.989420 -4.532938 -0.394953 0.911709 -0.113131 73.872932 0.909647 0.405330 0.090826 16.703875 0.000000 0.000000 0.000000 1.000000
0.055598 -0.090543 -0.994339 -3.973580 -0.401598 0.909743 -0.105295 70.088684 0.914127 0.405179 0.014218 19.650780 0.000000 0.000000 0.000000 1.000000
-0.012111 -0.111838 -0.993653 -3.526986 -0.398840 0.911794 -0.097763 65.981857 0.916940 0.395125 -0.055648 22.877327 0.000000 0.000000 0.000000 1.000000
-0.075436 -0.128934 -0.988780 -3.233405 -0.379479 0.920704 -0.091106 61.717194 0.922120 0.368349 -0.118382 26.674517 0.000000 0.000000 0.000000 1.000000
-0.130526 -0.148027 -0.980332 -3.004624 -0.358277 0.929014 -0.092575 57.172310 0.924446 0.339147 -0.174295 30.874107 0.000000 0.000000 0.000000 1.000000
-0.158294 -0.162160 -0.973985 -2.855693 -0.359265 0.928268 -0.096160 52.313576 0.919713 0.334698 -0.205197 35.414104 0.000000 0.000000 0.000000 1.000000
-0.181922 -0.171334 -0.968271 -2.641930 -0.412184 0.907303 -0.083103 47.192631 0.892753 0.383988 -0.235679 40.258480 0.000000 0.000000 0.000000 1.000000
-0.157174 -0.215743 -0.963717 -2.445344 -0.496491 0.860821 -0.111734 41.931278 0.853694 0.460915 -0.242413 45.575710 0.000000 0.000000 0.000000 1.000000
-0.174428 -0.229402 -0.957575 -1.964704 -0.610993 0.787839 -0.077443 37.011078 0.772181 0.571563 -0.277584 50.759106 0.000000 0.000000 0.000000 1.000000
-0.230003 -0.297199 -0.926699 -1.961433 -0.733991 0.678239 -0.035342 31.589785 0.639027 0.672060 -0.374139 56.220772 0.000000 0.000000 0.000000 1.000000
-0.249392 -0.310860 -0.917153 -2.305626 -0.839794 0.541038 0.044977 26.635563 0.482234 0.781437 -0.395989 61.806927 0.000000 0.000000 0.000000 1.000000
-0.209265 -0.348459 -0.913665 -3.818829 -0.909743 0.411997 0.051237 25.325357 0.358574 0.841923 -0.403226 66.013290 0.000000 0.000000 0.000000 1.000000
-0.157782 -0.363492 -0.918139 -6.675761 -0.945046 0.325202 0.033658 25.254581 0.286346 0.872994 -0.394827 69.625000 0.000000 0.000000 0.000000 1.000000
-0.079812 -0.358971 -0.929930 -9.151542 -0.971157 0.238286 -0.008633 24.920805 0.224689 0.902419 -0.367635 72.699539 0.000000 0.000000 0.000000 1.000000
-0.016656 -0.381139 -0.924368 -11.220294 -0.984330 0.168567 -0.051768 23.970804 0.175549 0.909021 -0.377974 75.092705 0.000000 0.000000 0.000000 1.000000
0.009113 -0.433569 -0.901074 -13.206091 -0.991016 0.116325 -0.065995 22.585957 0.133431 0.893581 -0.428614 77.520943 0.000000 0.000000 0.000000 1.000000
-0.009470 -0.454289 -0.890804 -15.047866 -0.996429 0.079038 -0.029715 21.241129 0.083907 0.887341 -0.453415 80.472191 0.000000 0.000000 0.000000 1.000000
-0.002741 -0.464977 -0.885318 -16.685112 -0.999955 -0.006748 0.006640 19.776464 -0.009062 0.885297 -0.464938 83.194168 0.000000 0.000000 0.000000 1.000000
-0.029349 -0.540299 -0.840961 -17.728638 -0.992979 -0.080690 0.086496 19.733988 -0.114591 0.837595 -0.534138 84.658028 0.000000 0.000000 0.000000 1.000000
-0.071171 -0.559035 -0.826084 -18.127378 -0.991278 -0.052455 0.120901 20.518002 -0.110920 0.827483 -0.550426 85.956924 0.000000 0.000000 0.000000 1.000000
-0.086471 -0.553034 -0.828659 -18.231861 -0.994358 -0.003386 0.106022 21.096182 -0.061439 0.833152 -0.549621 86.981117 0.000000 0.000000 0.000000 1.000000
-0.095665 -0.536747 -0.838302 -18.093729 -0.994727 0.020283 0.100529 21.062429 -0.036956 0.843499 -0.535857 88.189209 0.000000 0.000000 0.000000 1.000000
-0.106633 -0.526463 -0.843485 -17.900255 -0.992081 -0.000292 0.125601 20.463142 -0.066371 0.850198 -0.522262 89.229095 0.000000 0.000000 0.000000 1.000000
-0.122342 -0.530119 -0.839051 -17.624046 -0.985567 -0.034778 0.165678 19.594097 -0.117009 0.847210 -0.518213 90.007614 0.000000 0.000000 0.000000 1.000000
-0.120135 -0.532720 -0.837721 -17.073908 -0.978385 -0.079537 0.190886 18.713022 -0.168318 0.842546 -0.511650 90.562668 0.000000 0.000000 0.000000 1.000000
-0.131793 -0.531053 -0.837026 -16.418129 -0.970850 -0.101388 0.217190 18.169647 -0.200204 0.841251 -0.502211 90.780266 0.000000 0.000000 0.000000 1.000000
-0.145616 -0.527817 -0.836783 -15.673735 -0.966591 -0.104438 0.234081 17.857155 -0.210944 0.842913 -0.494976 90.769974 0.000000 0.000000 0.000000 1.000000
-0.168880 -0.525281 -0.834002 -14.989735 -0.963317 -0.091088 0.252436 17.727058 -0.208568 0.846039 -0.490629 90.652908 0.000000 0.000000 0.000000 1.000000
-0.184953 -0.518893 -0.834591 -14.424704 -0.961632 -0.079539 0.262558 17.601332 -0.202622 0.851131 -0.484273 90.571823 0.000000 0.000000 0.000000 1.000000
-0.193572 -0.510181 -0.838001 -13.992097 -0.960939 -0.073616 0.266788 17.513470 -0.197800 0.856911 -0.476003 90.482384 0.000000 0.000000 0.000000 1.000000
-0.192187 -0.496576 -0.846449 -13.731290 -0.961954 -0.075347 0.262616 17.469631 -0.194186 0.864717 -0.463203 90.427406 0.000000 0.000000 0.000000 1.000000
-0.180952 -0.483318 -0.856539 -13.652704 -0.964567 -0.082813 0.250503 17.495291 -0.192005 0.871519 -0.451208 90.352081 0.000000 0.000000 0.000000 1.000000
-0.166925 -0.470904 -0.866248 -13.763140 -0.968035 -0.088538 0.234670 17.581003 -0.187203 0.877730 -0.441072 90.286911 0.000000 0.000000 0.000000 1.000000
-0.149433 -0.460688 -0.874892 -14.019272 -0.972202 -0.092850 0.214945 17.699665 -0.180256 0.882692 -0.434007 90.202545 0.000000 0.000000 0.000000 1.000000
-0.123812 -0.458128 -0.880221 -14.372458 -0.978317 -0.092062 0.185526 17.841415 -0.166030 0.884106 -0.436797 89.994011 0.000000 0.000000 0.000000 1.000000
-0.093254 -0.457839 -0.884131 -14.777639 -0.984589 -0.089543 0.150219 17.985802 -0.147944 0.884514 -0.442433 89.692505 0.000000 0.000000 0.000000 1.000000
-0.060183 -0.455857 -0.888016 -15.170703 -0.990041 -0.086167 0.111331 18.141308 -0.127268 0.885872 -0.446131 89.294006 0.000000 0.000000 0.000000 1.000000
-0.024568 -0.453126 -0.891108 -15.554668 -0.994275 -0.081648 0.068930 18.300148 -0.103991 0.887699 -0.448526 88.835846 0.000000 0.000000 0.000000 1.000000
0.011755 -0.449713 -0.893096 -15.922537 -0.996749 -0.076464 0.025384 18.445969 -0.079706 0.889894 -0.449150 88.321518 0.000000 0.000000 0.000000 1.000000
0.048991 -0.445598 -0.893892 -16.297846 -0.997302 -0.070807 -0.019362 18.539356 -0.054666 0.892428 -0.447865 87.797195 0.000000 0.000000 0.000000 1.000000
0.083724 -0.441727 -0.893234 -16.522060 -0.996020 -0.064598 -0.061413 18.612568 -0.030573 0.894821 -0.445377 87.471237 0.000000 0.000000 0.000000 1.000000
0.112082 -0.438585 -0.891673 -16.575838 -0.993643 -0.059030 -0.095864 18.675098 -0.010590 0.896749 -0.442413 87.177467 0.000000 0.000000 0.000000 1.000000
0.135501 -0.437699 -0.888853 -16.699814 -0.990760 -0.054547 -0.124175 18.704451 0.005868 0.897465 -0.441046 87.078445 0.000000 0.000000 0.000000 1.000000
0.150843 -0.436840 -0.886802 -16.738865 -0.988423 -0.051858 -0.142583 18.697542 0.016298 0.898043 -0.439605 87.060692 0.000000 0.000000 0.000000 1.000000
0.159995 -0.436165 -0.885529 -16.766443 -0.986862 -0.050272 -0.153542 18.690266 0.022452 0.898461 -0.438479 87.053123 0.000000 0.000000 0.000000 1.000000
0.164038 -0.435747 -0.884995 -16.803082 -0.986130 -0.049424 -0.158448 18.688026 0.025303 0.898711 -0.437810 87.037727 0.000000 0.000000 0.000000 1.000000
0.164197 -0.435223 -0.885223 -16.814396 -0.986083 -0.048720 -0.158952 18.692965 0.026052 0.899004 -0.437166 87.034058 0.000000 0.000000 0.000000 1.000000
0.163622 -0.434513 -0.885678 -16.825909 -0.986160 -0.047680 -0.158793 18.700258 0.026768 0.899403 -0.436301 87.031029 0.000000 0.000000 0.000000 1.000000
0.162333 -0.433832 -0.886249 -16.827822 -0.986358 -0.046483 -0.157915 18.710136 0.027314 0.899794 -0.435460 87.031845 0.000000 0.000000 0.000000 1.000000
0.160671 -0.433335 -0.886795 -16.825417 -0.986618 -0.045249 -0.156646 18.720596 0.027754 0.900096 -0.434806 87.033752 0.000000 0.000000 0.000000 1.000000
0.158997 -0.433016 -0.887252 -16.824682 -0.986879 -0.044120 -0.155318 18.730425 0.028109 0.900306 -0.434350 87.033669 0.000000 0.000000 0.000000 1.000000
0.157375 -0.432731 -0.887681 -16.822380 -0.987139 -0.043365 -0.153868 18.737663 0.028089 0.900480 -0.433990 87.033264 0.000000 0.000000 0.000000 1.000000
0.155989 -0.432625 -0.887977 -16.819073 -0.987374 -0.043207 -0.152400 18.740971 0.027565 0.900538 -0.433903 87.031853 0.000000 0.000000 0.000000 1.000000
0.154755 -0.432771 -0.888122 -16.817905 -0.987587 -0.043313 -0.150981 18.742155 0.026873 0.900463 -0.434102 87.028320 0.000000 0.000000 0.000000 1.000000
0.153778 -0.432904 -0.888227 -16.817400 -0.987757 -0.043480 -0.149819 18.742727 0.026237 0.900391 -0.434290 87.024399 0.000000 0.000000 0.000000 1.000000
0.153192 -0.433023 -0.888270 -16.817358 -0.987860 -0.043647 -0.149090 18.742559 0.025789 0.900326 -0.434452 87.020500 0.000000 0.000000 0.000000 1.000000
0.153025 -0.433096 -0.888263 -16.818205 -0.987889 -0.043713 -0.148875 18.742542 0.025649 0.900287 -0.434540 87.016403 0.000000 0.000000 0.000000 1.000000
0.153064 -0.433086 -0.888261 -16.818691 -0.987885 -0.043777 -0.148887 18.742043 0.025596 0.900289 -0.434540 87.013069 0.000000 0.000000 0.000000 1.000000
0.153072 -0.433079 -0.888263 -16.817970 -0.987885 -0.043824 -0.148872 18.741875 0.025546 0.900290 -0.434540 87.011459 0.000000 0.000000 0.000000 1.000000
0.153066 -0.433073 -0.888267 -16.816971 -0.987887 -0.043857 -0.148850 18.741776 0.025506 0.900291 -0.434541 87.010666 0.000000 0.000000 0.000000 1.000000
0.153057 -0.433072 -0.888269 -16.816164 -0.987889 -0.043869 -0.148834 18.741663 0.025488 0.900291 -0.434541 87.010483 0.000000 0.000000 0.000000 1.000000</float_array><technique_common><accessor source="#Hips-Matrix-animation-output-transform-array" count="78" stride="16"><param type="float4x4"/></accessor></technique_common></source><source id="Hips-Interpolations"><Name_array id="Hips-Interpolations-array" count="78">
 LINEAR LINEAR LINEAR LINEAR LINEAR LINEAR LINEAR LINEAR LINEAR LINEAR LINEAR
LINEAR LINEAR LINEAR LINEAR LINEAR LINEAR LINEAR LINEAR LINEAR LINEAR LINEAR LINEAR
LINEAR LINEAR LINEAR LINEAR LINEAR LINEAR LINEAR LINEAR LINEAR LINEAR LINEAR LINEAR
LINEAR LINEAR LINEAR LINEAR LINEAR LINEAR LINEAR LINEAR LINEAR LINEAR LINEAR LINEAR
LINEAR LINEAR LINEAR LINEAR LINEAR LINEAR LINEAR LINEAR LINEAR LINEAR LINEAR LINEAR
LINEAR LINEAR LINEAR LINEAR LINEAR LINEAR LINEAR LINEAR LINEAR LINEAR LINEAR LINEAR
LINEAR LINEAR LINEAR LINEAR LINEAR LINEAR LINEAR</Name_array><technique_common><accessor source="#Hips-Interpolations-array" count="78"><param type="name"/></accessor></technique_common></source><sampler id="Hips-Matrix-animation-transform"><input semantic="INPUT" source="#Hips-Matrix-animation-input"/><input semantic="OUTPUT" source="#Hips-Matrix-animation-output-transform"/><input semantic="INTERPOLATION" source="#Hips-Interpolations"/></sampler><channel source="#Hips-Matrix-animation-transform" target="Hips/matrix"/></animation>
    <animation id="Spine-anim" name="Spine"><source id="Spine-Matrix-animation-input"><float_array id="Spine-Matrix-animation-input-array" count="78">

0.000000 0.033333 0.066667 0.100000 0.133333 0.166667 0.200000 0.233333 0.266667 0.300000 0.333333 0.366667 0.400000 0.433333 0.466667 0.500000
0.533333 0.566667 0.600000 0.633333 0.666667 0.700000 0.733333 0.766667 0.800000 0.833333 0.866667 0.900000 0.933333 0.966667 1.000000 1.033333
1.066667 1.100000 1.133333 1.166667 1.200000 1.233333 1.266667 1.300000 1.333333 1.366667 1.400000 1.433333 1.466667 1.500000 1.533333 1.566667
1.600000 1.633333 1.666667 1.700000 1.733333 1.766667 1.800000 1.833333 1.866667 1.900000 1.933333 1.966667 2.000000 2.033333 2.066667 2.100000
2.133333 2.166667 2.200000 2.233333 2.266667 2.300000 2.333333 2.366667 2.400000 2.433333 2.466667 2.500000 2.533333 2.566667</float_array><technique_common><accessor source="#Spine-Matrix-animation-input-array" count="78"><param name="TIME" type="float"/></accessor></technique_common></source><source id="Spine-Matrix-animation-output-transform"><float_array id="Spine-Matrix-animation-output-transform-array" count="1248">

0.996712 0.049713 0.063987 0.000000 -0.041177 0.990866 -0.128411 10.181600 -0.069786 0.125354 0.989655 0.131500 0.000000 0.000000 0.000000 1.000000
0.996816 0.048927 0.062967 -0.000000 -0.040979 0.991702 -0.121849 10.181600 -0.068407 0.118881 0.990549 0.131500 0.000000 0.000000 0.000000 1.000000
0.997039 0.047253 0.060673 0.000000 -0.040715 0.993659 -0.104801 10.181600 -0.065241 0.102020 0.992641 0.131500 0.000000 0.000000 0.000000 1.000000
0.997350 0.044739 0.057364 0.000000 -0.040005 0.995897 -0.081172 10.181600 -0.060760 0.078662 0.995048 0.131500 0.000000 0.000000 0.000000 1.000000
0.997701 0.041785 0.053364 0.000000 -0.038849 0.997735 -0.054924 10.181600 -0.055538 0.052724 0.997064 0.131500 0.000000 0.000000 0.000000 1.000000
0.998046 0.038711 0.049044 0.000000 -0.037266 0.998853 -0.030051 10.181600 -0.050151 0.028165 0.998344 0.131500 0.000000 0.000000 0.000000 1.000000
0.998366 0.035583 0.044704 0.000000 -0.035116 0.999321 -0.011185 10.181600 -0.045071 0.009597 0.998938 0.131500 0.000000 0.000000 0.000000 1.000000
0.998654 0.032182 0.040664 -0.000000 -0.032192 0.999482 -0.000393 10.181600 -0.040656 -0.000917 0.999173 0.131500 0.000000 0.000000 0.000000 1.000000
0.998955 0.026360 0.037344 0.000000 -0.026623 0.999624 0.006557 10.181600 -0.037157 -0.007544 0.999281 0.131500 0.000000 0.000000 0.000000 1.000000
0.999253 0.015089 0.035567 0.000000 -0.015483 0.999821 0.010834 10.181600 -0.035397 -0.011376 0.999309 0.131500 0.000000 0.000000 0.000000 1.000000
0.999524 0.000871 0.030851 0.000000 -0.001265 0.999918 0.012759 10.181600 -0.030837 -0.012792 0.999443 0.131500 0.000000 0.000000 0.000000 1.000000
0.999638 -0.017228 0.020646 0.000000 0.017080 0.999827 0.007344 10.181600 -0.020769 -0.006988 0.999760 0.131500 0.000000 0.000000 0.000000 1.000000
0.999351 -0.035435 0.006544 -0.000000 0.035454 0.999367 -0.002797 10.181600 -0.006441 0.003027 0.999975 0.131500 0.000000 0.000000 0.000000 1.000000
0.998379 -0.056102 -0.009582 0.000000 0.055984 0.998358 -0.012102 10.181600 0.010246 0.011546 0.999881 0.131500 0.000000 0.000000 0.000000 1.000000
0.997062 -0.072875 -0.023573 0.000000 0.072392 0.997161 -0.020732 10.181600 0.025017 0.018965 0.999507 0.131500 0.000000 0.000000 0.000000 1.000000
0.996151 -0.082874 -0.028534 0.000000 0.082005 0.996169 -0.030385 10.181600 0.030943 0.027928 0.999131 0.131500 0.000000 0.000000 0.000000 1.000000
0.995747 -0.087944 -0.027464 -0.000000 0.086786 0.995389 -0.040865 10.181600 0.030931 0.038308 0.998787 0.131500 0.000000 0.000000 0.000000 1.000000
0.995892 -0.087335 -0.023892 -0.000000 0.086029 0.994982 -0.051090 10.181600 0.028234 0.048825 0.998408 0.131500 0.000000 0.000000 0.000000 1.000000
0.996747 -0.078471 -0.018353 0.000000 0.077231 0.995171 -0.060588 10.181600 0.023018 0.058973 0.997994 0.131500 0.000000 0.000000 0.000000 1.000000
0.997933 -0.063095 -0.012155 0.000000 0.062101 0.995635 -0.069674 10.181600 0.016498 0.068775 0.997496 0.131500 0.000000 0.000000 0.000000 1.000000
0.999076 -0.042499 -0.006351 0.000000 0.041869 0.996020 -0.078678 10.181600 0.009669 0.078340 0.996880 0.131500 0.000000 0.000000 0.000000 1.000000
0.999756 -0.021967 -0.002522 -0.000000 0.021677 0.996218 -0.084144 10.181600 0.004361 0.084069 0.996450 0.131500 0.000000 0.000000 0.000000 1.000000
0.999912 -0.013175 -0.001562 0.000000 0.012978 0.995732 -0.091379 10.181600 0.002759 0.091351 0.995815 0.131500 0.000000 0.000000 0.000000 1.000000
0.999891 -0.014672 0.001840 0.000000 0.014782 0.995001 -0.098767 10.181600 -0.000382 0.098783 0.995109 0.131500 0.000000 0.000000 0.000000 1.000000
0.999748 -0.022351 -0.002051 -0.000000 0.021999 0.993910 -0.107974 10.181600 0.004451 0.107902 0.994152 0.131500 0.000000 0.000000 0.000000 1.000000
0.999581 -0.027050 0.010330 0.000000 0.028173 0.990942 -0.131298 10.181600 -0.006685 0.131534 0.991289 0.131500 0.000000 0.000000 0.000000 1.000000
0.999245 -0.028285 0.026626 0.000000 0.031691 0.989970 -0.137674 10.181600 -0.022465 0.138414 0.990120 0.131500 0.000000 0.000000 0.000000 1.000000
0.998791 -0.037548 0.031713 0.000000 0.041919 0.987676 -0.150795 10.181600 -0.025660 0.151943 0.988056 0.131500 0.000000 0.000000 0.000000 1.000000
0.997935 -0.052937 0.036384 -0.000000 0.057981 0.986130 -0.155520 10.181600 -0.027647 0.157309 0.987162 0.131500 0.000000 0.000000 0.000000 1.000000
0.997350 -0.059166 0.042333 0.000000 0.064757 0.987170 -0.145952 10.181600 -0.033154 0.148307 0.988385 0.131500 0.000000 0.000000 0.000000 1.000000
0.997059 -0.061274 0.046024 -0.000000 0.066990 0.988555 -0.135171 10.181600 -0.037215 0.137856 0.989753 0.131500 0.000000 0.000000 0.000000 1.000000
0.997421 -0.055487 0.045530 -0.000000 0.060860 0.990079 -0.126648 10.181600 -0.038051 0.129092 0.990902 0.131500 0.000000 0.000000 0.000000 1.000000
0.997762 -0.050100 0.044273 0.000000 0.055221 0.990838 -0.123247 10.181600 -0.037692 0.125416 0.991388 0.131500 0.000000 0.000000 0.000000 1.000000
0.998652 -0.039473 0.033710 -0.000000 0.043399 0.991205 -0.125017 10.181600 -0.028478 0.126311 0.991582 0.131500 0.000000 0.000000 0.000000 1.000000
0.998954 -0.041310 0.019600 0.000000 0.043483 0.990839 -0.127857 10.181600 -0.014139 0.128576 0.991599 0.131500 0.000000 0.000000 0.000000 1.000000
0.998655 -0.043054 0.028897 0.000000 0.045866 0.993418 -0.104964 10.181600 -0.024188 0.106148 0.994056 0.131500 0.000000 0.000000 0.000000 1.000000
0.999173 -0.027208 0.030214 0.000000 0.030174 0.994276 -0.102491 10.181600 -0.027252 0.103318 0.994275 0.131500 0.000000 0.000000 0.000000 1.000000
0.999754 -0.007708 0.020776 0.000000 0.009873 0.994297 -0.106193 10.181600 -0.019838 0.106372 0.994128 0.131500 0.000000 0.000000 0.000000 1.000000
0.999872 0.001209 0.015964 0.000000 0.000605 0.993576 -0.113167 10.181600 -0.015999 0.113163 0.993448 0.131500 0.000000 0.000000 0.000000 1.000000
0.999866 -0.002520 0.016191 0.000000 0.004413 0.993013 -0.117919 10.181600 -0.015780 0.117974 0.992891 0.131500 0.000000 0.000000 0.000000 1.000000
0.999770 -0.012278 0.017594 0.000000 0.014329 0.992468 -0.121660 10.181600 -0.015968 0.121884 0.992416 0.131500 0.000000 0.000000 0.000000 1.000000
0.999661 -0.018349 0.018498 -0.000000 0.020493 0.992155 -0.123326 10.181600 -0.016090 0.123664 0.992194 0.131500 0.000000 0.000000 0.000000 1.000000
0.999592 -0.020308 0.020099 0.000000 0.022665 0.991898 -0.124999 10.181600 -0.017397 0.125404 0.991953 0.131500 0.000000 0.000000 0.000000 1.000000
0.999510 -0.020432 0.023727 0.000000 0.023253 0.991831 -0.125420 10.181600 -0.020971 0.125910 0.991820 0.131500 0.000000 0.000000 0.000000 1.000000
0.999463 -0.017724 0.027549 -0.000000 0.021057 0.991829 -0.125821 10.181600 -0.025094 0.126333 0.991670 0.131500 0.000000 0.000000 0.000000 1.000000
0.999451 -0.014842 0.029619 0.000000 0.018502 0.991680 -0.127394 10.181600 -0.027482 0.127872 0.991410 0.131500 0.000000 0.000000 0.000000 1.000000
0.999423 -0.013754 0.031071 -0.000000 0.017659 0.991473 -0.129108 10.181600 -0.029030 0.129582 0.991144 0.131500 0.000000 0.000000 0.000000 1.000000
0.999388 -0.014615 0.031791 0.000000 0.018696 0.991058 -0.132115 10.181600 -0.029576 0.132628 0.990724 0.131500 0.000000 0.000000 0.000000 1.000000
0.999341 -0.015903 0.032642 0.000000 0.020166 0.990674 -0.134751 10.181600 -0.030195 0.135320 0.990342 0.131500 0.000000 0.000000 0.000000 1.000000
0.999314 -0.017297 0.032748 0.000000 0.021650 0.990252 -0.137596 10.181600 -0.030049 0.138211 0.989947 0.131500 0.000000 0.000000 0.000000 1.000000
0.999348 -0.019004 0.030687 0.000000 0.023105 0.989972 -0.139364 10.181600 -0.027731 0.139982 0.989766 0.131500 0.000000 0.000000 0.000000 1.000000
0.999413 -0.020711 0.027273 0.000000 0.024311 0.989988 -0.139044 10.181600 -0.024120 0.139625 0.989911 0.131500 0.000000 0.000000 0.000000 1.000000
0.999465 -0.022468 0.023749 0.000000 0.025535 0.990114 -0.137921 10.181600 -0.020415 0.138454 0.990158 0.131500 0.000000 0.000000 0.000000 1.000000
0.999491 -0.024319 0.020655 -0.000000 0.026926 0.990184 -0.137149 10.181600 -0.017117 0.137635 0.990335 0.131500 0.000000 0.000000 0.000000 1.000000
0.999520 -0.026252 0.016461 -0.000000 0.028254 0.990258 -0.136347 10.181600 -0.012721 0.136747 0.990524 0.131500 0.000000 0.000000 0.000000 1.000000
0.999538 -0.028124 0.011535 0.000000 0.029429 0.990347 -0.135449 10.181600 -0.007614 0.135726 0.990717 0.131500 0.000000 0.000000 0.000000 1.000000
0.999537 -0.030009 0.005000 -0.000000 0.030409 0.990412 -0.134758 10.181600 -0.000908 0.134848 0.990866 0.131500 0.000000 0.000000 0.000000 1.000000
0.999502 -0.031570 -0.000100 0.000000 0.031272 0.990483 -0.134035 10.181600 0.004331 0.133965 0.990977 0.131500 0.000000 0.000000 0.000000 1.000000
0.999464 -0.032554 -0.003554 -0.000000 0.031790 0.990564 -0.133312 10.181600 0.007860 0.133128 0.991068 0.131500 0.000000 0.000000 0.000000 1.000000
0.999412 -0.033040 -0.009190 0.000000 0.031532 0.990673 -0.132560 10.181600 0.013485 0.132192 0.991132 0.131500 0.000000 0.000000 0.000000 1.000000
0.999379 -0.033269 -0.011576 0.000000 0.031455 0.990767 -0.131876 10.181600 0.015856 0.131430 0.991199 0.131500 0.000000 0.000000 0.000000 1.000000
0.999356 -0.033368 -0.013193 0.000000 0.031348 0.990831 -0.131423 10.181600 0.017457 0.130925 0.991239 0.131500 0.000000 0.000000 0.000000 1.000000
0.999334 -0.033321 -0.014901 -0.000000 0.031083 0.990869 -0.131196 10.181600 0.019137 0.130645 0.991244 0.131500 0.000000 0.000000 0.000000 1.000000
0.999337 -0.032771 -0.015843 0.000000 0.030408 0.990851 -0.131489 10.181600 0.020007 0.130920 0.991191 0.131500 0.000000 0.000000 0.000000 1.000000
0.999352 -0.031802 -0.016831 0.000000 0.029302 0.990784 -0.132241 10.181600 0.020881 0.131663 0.991075 0.131500 0.000000 0.000000 0.000000 1.000000
0.999380 -0.030566 -0.017449 0.000000 0.027977 0.990712 -0.133071 10.181600 0.021355 0.132500 0.990953 0.131500 0.000000 0.000000 0.000000 1.000000
0.999415 -0.029232 -0.017775 0.000000 0.026595 0.990642 -0.133868 10.181600 0.021522 0.133317 0.990840 0.131500 0.000000 0.000000 0.000000 1.000000
0.999445 -0.027996 -0.018063 -0.000000 0.025312 0.990557 -0.134745 10.181600 0.021664 0.134213 0.990716 0.131500 0.000000 0.000000 0.000000 1.000000
0.999469 -0.027027 -0.018222 0.000000 0.024311 0.990465 -0.135600 10.181600 0.021713 0.135085 0.990596 0.131500 0.000000 0.000000 0.000000 1.000000
0.999484 -0.026452 -0.018209 0.000000 0.023734 0.990425 -0.135995 10.181600 0.021632 0.135493 0.990542 0.131500 0.000000 0.000000 0.000000 1.000000
0.999495 -0.026073 -0.018177 0.000000 0.023363 0.990435 -0.135985 10.181600 0.021548 0.135492 0.990544 0.131500 0.000000 0.000000 0.000000 1.000000
0.999500 -0.025834 -0.018212 0.000000 0.023122 0.990442 -0.135979 10.181600 0.021550 0.135490 0.990544 0.131500 0.000000 0.000000 0.000000 1.000000
0.999504 -0.025672 -0.018243 -0.000000 0.022958 0.990446 -0.135976 10.181600 0.021559 0.135489 0.990544 0.131500 0.000000 0.000000 0.000000 1.000000
0.999506 -0.025572 -0.018287 0.000000 0.022853 0.990449 -0.135973 10.181600 0.021589 0.135488 0.990544 0.131500 0.000000 0.000000 0.000000 1.000000
0.999504 -0.025638 -0.018289 0.000000 0.022918 0.990447 -0.135974 10.181600 0.021601 0.135488 0.990544 0.131500 0.000000 0.000000 0.000000 1.000000
0.999503 -0.025684 -0.018268 -0.000000 0.022966 0.990446 -0.135975 10.181600 0.021586 0.135488 0.990544 0.131500 0.000000 0.000000 0.000000 1.000000
0.999503 -0.025713 -0.018241 0.000000 0.022999 0.990445 -0.135976 10.181600 0.021564 0.135489 0.990544 0.131500 0.000000 0.000000 0.000000 1.000000
0.999503 -0.025723 -0.018224 -0.000000 0.023011 0.990445 -0.135976 10.181600 0.021547 0.135489 0.990544 0.131500 0.000000 0.000000 0.000000 1.000000</float_array><technique_common><accessor source="#Spine-Matrix-animation-output-transform-array" count="78" stride="16"><param type="float4x4"/></accessor></technique_common></source><source id="Spine-Interpolations"><Name_array id="Spine-Interpolations-array" count="78">
 LINEAR LINEAR LINEAR LINEAR LINEAR LINEAR LINEAR LINEAR LINEAR LINEAR LINEAR
LINEAR LINEAR LINEAR LINEAR LINEAR LINEAR LINEAR LINEAR LINEAR LINEAR LINEAR LINEAR
LINEAR LINEAR LINEAR LINEAR LINEAR LINEAR LINEAR LINEAR LINEAR LINEAR LINEAR LINEAR
LINEAR LINEAR LINEAR LINEAR LINEAR LINEAR LINEAR LINEAR LINEAR LINEAR LINEAR LINEAR
LINEAR LINEAR LINEAR LINEAR LINEAR LINEAR LINEAR LINEAR LINEAR LINEAR LINEAR LINEAR
LINEAR LINEAR LINEAR LINEAR LINEAR LINEAR LINEAR LINEAR LINEAR LINEAR LINEAR LINEAR
LINEAR LINEAR LINEAR LINEAR LINEAR LINEAR LINEAR</Name_array><technique_common><accessor source="#Spine-Interpolations-array" count="78"><param type="name"/></accessor></technique_common></source><sampler id="Spine-Matrix-animation-transform"><input semantic="INPUT" source="#Spine-Matrix-animation-input"/><input semantic="OUTPUT" source="#Spine-Matrix-animation-output-transform"/><input semantic="INTERPOLATION" source="#Spine-Interpolations"/></sampler><channel source="#Spine-Matrix-animation-transform" target="Spine/matrix"/></animation>
    <animation id="Spine1-anim" name="Spine1"><source id="Spine1-Matrix-animation-input"><float_array id="Spine1-Matrix-animation-input-array" count="78">

0.000000 0.033333 0.066667 0.100000 0.133333 0.166667 0.200000 0.233333 0.266667 0.300000 0.333333 0.366667 0.400000 0.433333 0.466667 0.500000
0.533333 0.566667 0.600000 0.633333 0.666667 0.700000 0.733333 0.766667 0.800000 0.833333 0.866667 0.900000 0.933333 0.966667 1.000000 1.033333
1.066667 1.100000 1.133333 1.166667 1.200000 1.233333 1.266667 1.300000 1.333333 1.366667 1.400000 1.433333 1.466667 1.500000 1.533333 1.566667
1.600000 1.633333 1.666667 1.700000 1.733333 1.766667 1.800000 1.833333 1.866667 1.900000 1.933333 1.966667 2.000000 2.033333 2.066667 2.100000
2.133333 2.166667 2.200000 2.233333 2.266667 2.300000 2.333333 2.366667 2.400000 2.433333 2.466667 2.500000 2.533333 2.566667</float_array><technique_common><accessor source="#Spine1-Matrix-animation-input-array" count="78"><param name="TIME" type="float"/></accessor></technique_common></source><source id="Spine1-Matrix-animation-output-transform"><float_array id="Spine1-Matrix-animation-output-transform-array" count="1248">

0.998870 -0.040557 0.024793 0.000000 0.041083 0.998933 -0.021097 10.083500 -0.023910 0.022092 0.999470 -1.000800 0.000000 0.000000 0.000000 1.000000
0.999050 -0.034703 0.026358 0.000000 0.035276 0.999144 -0.021604 10.083500 -0.025586 0.022513 0.999419 -1.000800 0.000000 0.000000 0.000000 1.000000
0.999341 -0.019582 0.030566 0.000000 0.020288 0.999531 -0.022948 10.083500 -0.030103 0.023553 0.999269 -1.000800 0.000000 0.000000 0.000000 1.000000
0.999326 0.001139 0.036686 0.000000 -0.000225 0.999690 -0.024903 10.083500 -0.036702 0.024878 0.999017 -1.000800 0.000000 0.000000 0.000000 1.000000
0.998750 0.023783 0.043974 -0.000000 -0.022601 0.999375 -0.027165 10.083500 -0.044593 0.026138 0.998663 -1.000800 0.000000 0.000000 0.000000 1.000000
0.997663 0.044666 0.051696 0.000000 -0.043194 0.998638 -0.029264 10.083500 -0.052933 0.026963 0.998234 -1.000800 0.000000 0.000000 0.000000 1.000000
0.996437 0.060122 0.059149 0.000000 -0.058838 0.997998 -0.023207 10.083500 -0.060425 0.019644 0.997979 -1.000800 0.000000 0.000000 0.000000 1.000000
0.995625 0.066493 0.065648 0.000000 -0.066357 0.997787 -0.004262 10.083500 -0.065786 -0.000113 0.997834 -1.000800 0.000000 0.000000 0.000000 1.000000
0.995832 0.057536 0.070769 -0.000000 -0.058366 0.998248 0.009719 10.083500 -0.070085 -0.013809 0.997445 -1.000800 0.000000 0.000000 0.000000 1.000000
0.996751 0.037554 0.071252 -0.000000 -0.039098 0.999027 0.020392 10.083500 -0.070416 -0.023112 0.997250 -1.000800 0.000000 0.000000 0.000000 1.000000
0.998037 0.009808 0.061850 -0.000000 -0.011378 0.999621 0.025079 10.083500 -0.061580 -0.025734 0.997770 -1.000800 0.000000 0.000000 0.000000 1.000000
0.998860 -0.023632 0.041481 0.000000 0.023039 0.999626 0.014699 10.083500 -0.041813 -0.013727 0.999031 -1.000800 0.000000 0.000000 0.000000 1.000000
0.998387 -0.055097 0.013732 0.000000 0.055177 0.998461 -0.005508 10.083500 -0.013408 0.006257 0.999891 -1.000800 0.000000 0.000000 0.000000 1.000000
0.995935 -0.088273 -0.017945 0.000000 0.087825 0.995838 -0.024370 10.083500 0.020021 0.022695 0.999542 -1.000800 0.000000 0.000000 0.000000 1.000000
0.992278 -0.115368 -0.045539 0.000000 0.113483 0.992650 -0.042032 10.083500 0.050053 0.036540 0.998078 -1.000800 0.000000 0.000000 0.000000 1.000000
0.989802 -0.131136 -0.055641 -0.000000 0.127691 0.989904 -0.061518 10.083500 0.063146 0.053786 0.996554 -1.000800 0.000000 0.000000 0.000000 1.000000
0.988851 -0.138843 -0.053811 0.000000 0.134172 0.987524 -0.082423 10.083500 0.064583 0.074284 0.995144 -1.000800 0.000000 0.000000 0.000000 1.000000
0.989385 -0.137350 -0.047450 0.000000 0.131945 0.985925 -0.102678 10.083500 0.060885 0.095328 0.993582 -1.000800 0.000000 0.000000 0.000000 1.000000
0.991135 -0.127456 -0.037490 0.000000 0.122078 0.985054 -0.121511 10.083500 0.052417 0.115857 0.991882 -1.000800 0.000000 0.000000 0.000000 1.000000
0.993487 -0.111415 -0.023871 0.000000 0.107048 0.984426 -0.139451 10.083500 0.039036 0.135988 0.989941 -1.000800 0.000000 0.000000 0.000000 1.000000
0.996032 -0.088525 -0.009196 0.000000 0.085990 0.983834 -0.157088 10.083500 0.022954 0.155674 0.987542 -1.000800 0.000000 0.000000 0.000000 1.000000
0.997596 -0.069168 0.004168 -0.000000 0.068886 0.983438 -0.167642 10.083500 0.007497 0.167526 0.985839 -1.000800 0.000000 0.000000 0.000000 1.000000
0.998175 -0.059555 0.010024 0.000000 0.060384 0.981479 -0.181805 10.083500 0.000989 0.182078 0.983284 -1.000800 0.000000 0.000000 0.000000 1.000000
0.998262 -0.055225 0.020588 0.000000 0.058244 0.977805 -0.201258 10.083500 -0.009016 0.202107 0.979322 -1.000800 0.000000 0.000000 0.000000 1.000000
0.999381 -0.032982 0.012246 0.000000 0.034968 0.969491 -0.242621 10.083500 -0.003870 0.242899 0.970044 -1.000800 0.000000 0.000000 0.000000 1.000000
0.999362 0.017922 0.030886 0.000000 -0.007380 0.949911 -0.312434 10.083500 -0.034938 0.312007 0.949437 -1.000800 0.000000 0.000000 0.000000 1.000000
0.996019 0.072890 0.051312 0.000000 -0.051819 0.941841 -0.332040 10.083500 -0.072530 0.328059 0.941869 -1.000800 0.000000 0.000000 0.000000 1.000000
0.996249 0.056336 0.065685 0.000000 -0.030666 0.939638 -0.340794 10.083500 -0.080920 0.337502 0.937840 -1.000800 0.000000 0.000000 0.000000 1.000000
0.995371 -0.047575 0.083503 -0.000000 0.072618 0.941454 -0.329229 10.083500 -0.062951 0.333769 0.940551 -1.000800 0.000000 0.000000 0.000000 1.000000
0.988519 -0.122300 0.088728 0.000000 0.142840 0.947859 -0.284884 10.083500 -0.049260 0.294288 0.954447 -1.000800 0.000000 0.000000 0.000000 1.000000
0.986373 -0.137762 0.089947 0.000000 0.155506 0.959170 -0.236243 10.083500 -0.053730 0.247011 0.967522 -1.000800 0.000000 0.000000 0.000000 1.000000
0.988889 -0.116905 0.091829 0.000000 0.134553 0.966507 -0.218542 10.083500 -0.063204 0.228470 0.971497 -1.000800 0.000000 0.000000 0.000000 1.000000
0.989940 -0.104183 0.095730 0.000000 0.124386 0.963284 -0.237932 10.083500 -0.067427 0.247446 0.966553 -1.000800 0.000000 0.000000 0.000000 1.000000
0.988486 -0.126920 0.082385 -0.000000 0.143831 0.957227 -0.251055 10.083500 -0.046998 0.260014 0.964460 -1.000800 0.000000 0.000000 0.000000 1.000000
0.984951 -0.161924 0.060438 0.000000 0.172218 0.949007 -0.264059 10.083500 -0.014599 0.270494 0.962611 -1.000800 0.000000 0.000000 0.000000 1.000000
0.981028 -0.175925 0.081448 0.000000 0.189188 0.960493 -0.204109 10.083500 -0.042322 0.215646 0.975554 -1.000800 0.000000 0.000000 0.000000 1.000000
0.985980 -0.144039 0.084243 -0.000000 0.158208 0.967445 -0.197534 10.083500 -0.053048 0.208092 0.976670 -1.000800 0.000000 0.000000 0.000000 1.000000
0.990624 -0.115728 0.072601 0.000000 0.128390 0.970254 -0.205239 10.083500 -0.046690 0.212636 0.976015 -1.000800 0.000000 0.000000 0.000000 1.000000
0.992631 -0.103242 0.063439 0.000000 0.114894 0.968258 -0.221983 10.083500 -0.038507 0.227636 0.972985 -1.000800 0.000000 0.000000 0.000000 1.000000
0.990257 -0.123397 0.064538 -0.000000 0.135444 0.961152 -0.240501 10.083500 -0.032354 0.246899 0.968501 -1.000800 0.000000 0.000000 0.000000 1.000000
0.987483 -0.143059 0.066421 0.000000 0.155118 0.957108 -0.244711 10.083500 -0.028564 0.251951 0.967318 -1.000800 0.000000 0.000000 0.000000 1.000000
0.987515 -0.142933 0.066215 0.000000 0.155088 0.955834 -0.249657 10.083500 -0.027607 0.256809 0.966068 -1.000800 0.000000 0.000000 0.000000 1.000000
0.988307 -0.136935 0.067074 0.000000 0.149682 0.955142 -0.255538 10.083500 -0.029074 0.262589 0.964470 -1.000800 0.000000 0.000000 0.000000 1.000000
0.989261 -0.128196 0.070200 0.000000 0.142196 0.955240 -0.259416 10.083500 -0.033802 0.266613 0.963211 -1.000800 0.000000 0.000000 0.000000 1.000000
0.990630 -0.115181 0.073382 0.000000 0.130509 0.956699 -0.260182 10.083500 -0.040236 0.267321 0.962767 -1.000800 0.000000 0.000000 0.000000 1.000000
0.991418 -0.107976 0.073697 0.000000 0.123837 0.956325 -0.264776 10.083500 -0.041889 0.271631 0.961490 -1.000800 0.000000 0.000000 0.000000 1.000000
0.991685 -0.106784 0.071825 0.000000 0.122361 0.955281 -0.269193 10.083500 -0.039868 0.275744 0.960404 -1.000800 0.000000 0.000000 0.000000 1.000000
0.991551 -0.110255 0.068346 0.000000 0.125007 0.952877 -0.276402 10.083500 -0.034651 0.282610 0.958609 -1.000800 0.000000 0.000000 0.000000 1.000000
0.991210 -0.115435 0.064635 0.000000 0.129103 0.950710 -0.281928 10.083500 -0.028905 0.287794 0.957256 -1.000800 0.000000 0.000000 0.000000 1.000000
0.990696 -0.121805 0.060703 0.000000 0.134200 0.948486 -0.286991 10.083500 -0.022619 0.292467 0.956008 -1.000800 0.000000 0.000000 0.000000 1.000000
0.990334 -0.127845 0.053797 0.000000 0.138002 0.947127 -0.289665 10.083500 -0.013921 0.294290 0.955615 -1.000800 0.000000 0.000000 0.000000 1.000000
0.990282 -0.131232 0.046031 -0.000000 0.138945 0.947657 -0.287472 10.083500 -0.005896 0.291074 0.956682 -1.000800 0.000000 0.000000 0.000000 1.000000
0.990290 -0.134266 0.036045 0.000000 0.138966 0.948806 -0.283646 10.083500 0.003885 0.285901 0.958251 -1.000800 0.000000 0.000000 0.000000 1.000000
0.990298 -0.136610 0.025447 0.000000 0.138242 0.949921 -0.280250 10.083500 0.014113 0.281049 0.959590 -1.000800 0.000000 0.000000 0.000000 1.000000
0.990311 -0.138095 0.014621 -0.000000 0.136722 0.951164 -0.276756 10.083500 0.024312 0.276073 0.960829 -1.000800 0.000000 0.000000 0.000000 1.000000
0.990319 -0.138772 0.003247 0.000000 0.134367 0.952489 -0.273333 10.083500 0.034839 0.271123 0.961914 -1.000800 0.000000 0.000000 0.000000 1.000000
0.990296 -0.138796 -0.007052 0.000000 0.131755 0.953782 -0.270075 10.083500 0.044211 0.266525 0.962813 -1.000800 0.000000 0.000000 0.000000 1.000000
0.990366 -0.137811 -0.013523 -0.000000 0.129226 0.954904 -0.267319 10.083500 0.049753 0.262996 0.963513 -1.000800 0.000000 0.000000 0.000000 1.000000
0.990451 -0.136468 -0.019602 0.000000 0.126435 0.955774 -0.265538 10.083500 0.054972 0.260524 0.963901 -1.000800 0.000000 0.000000 0.000000 1.000000
0.990451 -0.135840 -0.023561 0.000000 0.124853 0.956237 -0.264617 10.083500 0.058475 0.259149 0.964066 -1.000800 0.000000 0.000000 0.000000 1.000000
0.990273 -0.136614 -0.026376 -0.000000 0.124861 0.956194 -0.264768 10.083500 0.061392 0.258899 0.963951 -1.000800 0.000000 0.000000 0.000000 1.000000
0.990101 -0.137289 -0.029170 -0.000000 0.124739 0.956008 -0.265498 10.083500 0.064337 0.259231 0.963670 -1.000800 0.000000 0.000000 0.000000 1.000000
0.989999 -0.137378 -0.032097 0.000000 0.123998 0.955834 -0.266471 10.083500 0.067286 0.259826 0.963308 -1.000800 0.000000 0.000000 0.000000 1.000000
0.989950 -0.136995 -0.035089 0.000000 0.122765 0.955669 -0.267628 10.083500 0.070197 0.260631 0.962883 -1.000800 0.000000 0.000000 0.000000 1.000000
0.989928 -0.136372 -0.038022 0.000000 0.121310 0.955533 -0.268777 10.083500 0.072985 0.261457 0.962452 -1.000800 0.000000 0.000000 0.000000 1.000000
0.989928 -0.135571 -0.040790 -0.000000 0.119728 0.955431 -0.269847 10.083500 0.075555 0.262245 0.962039 -1.000800 0.000000 0.000000 0.000000 1.000000
