<?xml version="1.0" encoding="utf-8"?>
<COLLADA xmlns="http://www.collada.org/2005/11/COLLADASchema" version="1.4.1">
  <asset><contributor><author>Mixamo</author><authoring_tool>COLLADA Mixamo exporter</authoring_tool><comments></comments></contributor><created>2020-03-25T10:34:16Z</created><modified>2020-03-25T10:34:16Z</modified><revision></revision><title></title><unit meter="0.010000"/><up_axis>Y_UP</up_axis></asset>
  <library_animations>
    <animation id="Hips-anim" name="Hips"><source id="Hips-Matrix-animation-input"><float_array id="Hips-Matrix-animation-input-array" count="154">

0.000000 0.033333 0.066667 0.100000 0.133333 0.166667 0.200000 0.233333 0.266667 0.300000 0.333333 0.366667 0.400000 0.433333 0.466667 0.500000
0.533333 0.566667 0.600000 0.633333 0.666667 0.700000 0.733333 0.766667 0.800000 0.833333 0.866667 0.900000 0.933333 0.966667 1.000000 1.033333
1.066667 1.100000 1.133333 1.166667 1.200000 1.233333 1.266667 1.300000 1.333333 1.366667 1.400000 1.433333 1.466667 1.500000 1.533333 1.566667
1.600000 1.633333 1.666667 1.700000 1.733333 1.766667 1.800000 1.833333 1.866667 1.900000 1.933333 1.966667 2.000000 2.033333 2.066667 2.100000
2.133333 2.166667 2.200000 2.233333 2.266667 2.300000 2.333333 2.366667 2.400000 2.433333 2.466667 2.500000 2.533333 2.566667 2.600000 2.633333
2.666667 2.700000 2.733333 2.766667 2.800000 2.833333 2.866667 2.900000 2.933333 2.966667 3.000000 3.033333 3.066667 3.100000 3.133333 3.166667
3.200000 3.233333 3.266667 3.300000 3.333333 3.366667 3.400000 3.433333 3.466667 3.500000 3.533333 3.566667 3.600000 3.633333 3.666667 3.700000
3.733333 3.766667 3.800000 3.833333 3.866667 3.900000 3.933333 3.966667 4.000000 4.033333 4.066667 4.100000 4.133333 4.166667 4.200000 4.233333
4.266667 4.300000 4.333333 4.366667 4.400000 4.433333 4.466667 4.500000 4.533333 4.566667 4.600000 4.633333 4.666667 4.700000 4.733333 4.766667
4.800000 4.833333 4.866667 4.900000 4.933333 4.966667 5.000000 5.033333 5.066667 5.100000</float_array><technique_common><accessor source="#Hips-Matrix-animation-input-array" count="154"><param name="TIME" type="float"/></accessor></technique_common></source><source id="Hips-Matrix-animation-output-transform"><float_array id="Hips-Matrix-animation-output-transform-array" count="2464">

0.467338 -0.083750 -0.880103 -0.000005 0.030092 0.996433 -0.078842 93.965210 0.883567 0.010362 0.468191 -0.000022 0.000000 0.000000 0.000000 1.000000
0.467569 -0.083248 -0.880028 -0.037362 0.029415 0.996469 -0.078634 94.008171 0.883467 0.010880 0.468367 0.005276 0.000000 0.000000 0.000000 1.000000
0.468199 -0.082616 -0.879752 -0.149189 0.028828 0.996518 -0.078239 94.127090 0.883152 0.011270 0.468951 0.013272 0.000000 0.000000 0.000000 1.000000
0.469201 -0.081865 -0.879289 -0.326433 0.028326 0.996577 -0.077669 94.307976 0.882637 0.011536 0.469913 0.023790 0.000000 0.000000 0.000000 1.000000
0.470531 -0.081006 -0.878657 -0.560051 0.027907 0.996645 -0.076940 94.536942 0.881942 0.011682 0.471213 0.036656 0.000000 0.000000 0.000000 1.000000
0.472153 -0.080051 -0.877874 -0.840996 0.027565 0.996722 -0.076063 94.800049 0.881085 0.011715 0.472812 0.051703 0.000000 0.000000 0.000000 1.000000
0.474033 -0.079010 -0.876955 -1.160203 0.027298 0.996806 -0.075053 95.083321 0.880084 0.011638 0.474676 0.068784 0.000000 0.000000 0.000000 1.000000
0.476134 -0.077896 -0.875916 -1.508648 0.027102 0.996896 -0.073922 95.372856 0.878955 0.011458 0.476767 0.087691 0.000000 0.000000 0.000000 1.000000
0.478417 -0.076718 -0.874775 -1.877278 0.026973 0.996990 -0.072684 95.654709 0.877718 0.011178 0.479047 0.108265 0.000000 0.000000 0.000000 1.000000
0.480850 -0.075488 -0.873547 -2.257041 0.026908 0.997088 -0.071352 95.914993 0.876390 0.010804 0.481481 0.130349 0.000000 0.000000 0.000000 1.000000
0.483396 -0.074219 -0.872250 -2.639244 0.026903 0.997188 -0.069940 96.139763 0.874988 0.010342 0.484034 0.154803 0.000000 0.000000 0.000000 1.000000
0.486013 -0.072920 -0.870904 -2.971600 0.026956 0.997290 -0.068460 96.301704 0.873536 0.009797 0.486661 0.187387 0.000000 0.000000 0.000000 1.000000
0.488671 -0.071604 -0.869525 -3.215376 0.027061 0.997391 -0.066925 96.388672 0.872048 0.009174 0.489334 0.226355 0.000000 0.000000 0.000000 1.000000
0.491333 -0.070281 -0.868131 -3.387756 0.027218 0.997491 -0.065349 96.417984 0.870546 0.008479 0.492013 0.268455 0.000000 0.000000 0.000000 1.000000
0.493966 -0.068963 -0.866742 -3.506364 0.027424 0.997589 -0.063745 96.435036 0.869049 0.007719 0.494666 0.310446 0.000000 0.000000 0.000000 1.000000
0.496529 -0.067661 -0.865379 -3.588806 0.027674 0.997685 -0.062127 96.451050 0.867579 0.006899 0.497252 0.349092 0.000000 0.000000 0.000000 1.000000
0.498993 -0.066386 -0.864060 -3.652706 0.027969 0.997776 -0.060507 96.469444 0.866155 0.006025 0.499740 0.381156 0.000000 0.000000 0.000000 1.000000
0.501320 -0.065147 -0.862806 -3.715667 0.028305 0.997863 -0.058898 96.481422 0.864799 0.005105 0.502092 0.403429 0.000000 0.000000 0.000000 1.000000
0.503476 -0.063957 -0.861639 -3.763771 0.028681 0.997944 -0.057315 96.477371 0.863533 0.004144 0.504276 0.412709 0.000000 0.000000 0.000000 1.000000
0.505428 -0.062825 -0.860579 -3.745013 0.029094 0.998020 -0.055771 96.457359 0.862378 0.003151 0.506255 0.401311 0.000000 0.000000 0.000000 1.000000
0.507139 -0.061762 -0.859648 -3.717123 0.029544 0.998089 -0.054279 96.428825 0.861358 0.002130 0.507995 0.369537 0.000000 0.000000 0.000000 1.000000
0.508579 -0.060779 -0.858868 -3.669108 0.030029 0.998151 -0.052853 96.399559 0.860492 0.001089 0.509463 0.327850 0.000000 0.000000 0.000000 1.000000
0.509399 -0.059956 -0.858439 -3.600405 0.030776 0.998201 -0.051455 96.377388 0.859980 -0.000209 0.510328 0.284711 0.000000 0.000000 0.000000 1.000000
0.508565 -0.059666 -0.858954 -3.510236 0.032000 0.998217 -0.050394 96.363625 0.860429 -0.001858 0.509567 0.248340 0.000000 0.000000 0.000000 1.000000
0.507182 -0.059836 -0.859759 -3.417129 0.033441 0.998202 -0.049744 96.353256 0.861190 -0.003522 0.508271 0.233903 0.000000 0.000000 0.000000 1.000000
0.505376 -0.060295 -0.860790 -3.325568 0.035009 0.998167 -0.049363 96.345329 0.862189 -0.005188 0.506560 0.246812 0.000000 0.000000 0.000000 1.000000
0.502721 -0.060874 -0.862303 -3.230794 0.036590 0.998122 -0.049130 96.338974 0.863674 -0.006852 0.504004 0.273545 0.000000 0.000000 0.000000 1.000000
0.500657 -0.061393 -0.863466 -3.150469 0.038149 0.998078 -0.048844 96.333443 0.864805 -0.008487 0.502037 0.301256 0.000000 0.000000 0.000000 1.000000
0.499534 -0.061679 -0.864096 -3.081486 0.039608 0.998045 -0.048343 96.328522 0.865388 -0.010076 0.501001 0.327219 0.000000 0.000000 0.000000 1.000000
0.499044 -0.061564 -0.864387 -3.024922 0.040858 0.998036 -0.047494 96.327904 0.865613 -0.011615 0.500579 0.344249 0.000000 0.000000 0.000000 1.000000
0.498722 -0.060881 -0.864621 -2.954063 0.041786 0.998059 -0.046175 96.329330 0.865754 -0.013100 0.500298 0.354720 0.000000 0.000000 0.000000 1.000000
0.499324 -0.059230 -0.864389 -2.897950 0.042213 0.998139 -0.044010 96.329422 0.865387 -0.014513 0.500895 0.349109 0.000000 0.000000 0.000000 1.000000
0.500619 -0.056751 -0.863806 -2.841489 0.041645 0.998272 -0.041450 96.323456 0.864666 -0.015223 0.502117 0.315702 0.000000 0.000000 0.000000 1.000000
0.502013 -0.054264 -0.863156 -2.772451 0.039945 0.998419 -0.039536 96.308784 0.863937 -0.014632 0.503387 0.279926 0.000000 0.000000 0.000000 1.000000
0.503394 -0.052203 -0.862478 -2.700246 0.038116 0.998543 -0.038192 96.289246 0.863216 -0.013649 0.504651 0.243163 0.000000 0.000000 0.000000 1.000000
0.504324 -0.050315 -0.862047 -2.615769 0.036284 0.998654 -0.037061 96.269768 0.862752 -0.012588 0.505471 0.210075 0.000000 0.000000 0.000000 1.000000
0.505006 -0.048482 -0.861753 -2.532568 0.034646 0.998755 -0.035886 96.254730 0.862420 -0.011734 0.506057 0.189248 0.000000 0.000000 0.000000 1.000000
0.505912 -0.046596 -0.861326 -2.452697 0.033410 0.998849 -0.034412 96.242538 0.861938 -0.011368 0.506886 0.172069 0.000000 0.000000 0.000000 1.000000
0.507449 -0.044551 -0.860529 -2.375571 0.032517 0.998941 -0.032542 96.232323 0.861068 -0.011468 0.508361 0.145731 0.000000 0.000000 0.000000 1.000000
0.509173 -0.042248 -0.859627 -2.301010 0.031651 0.999038 -0.030352 96.223831 0.860082 -0.011753 0.510021 0.106721 0.000000 0.000000 0.000000 1.000000
0.510751 -0.039561 -0.858818 -2.228002 0.030728 0.999142 -0.027750 96.217087 0.859179 -0.012216 0.511529 0.060121 0.000000 0.000000 0.000000 1.000000
0.512122 -0.036518 -0.858136 -2.158525 0.029768 0.999250 -0.024758 96.211868 0.858397 -0.012866 0.512825 0.014957 0.000000 0.000000 0.000000 1.000000
0.512577 -0.033308 -0.857995 -2.098509 0.028865 0.999351 -0.021551 96.207397 0.858156 -0.013720 0.513206 -0.027227 0.000000 0.000000 0.000000 1.000000
0.511712 -0.030119 -0.858629 -2.029755 0.028128 0.999437 -0.018296 96.203209 0.858697 -0.014789 0.512271 -0.070002 0.000000 0.000000 0.000000 1.000000
0.510046 -0.027137 -0.859719 -1.964541 0.027676 0.999502 -0.015130 96.199272 0.859702 -0.016077 0.510543 -0.111097 0.000000 0.000000 0.000000 1.000000
0.507846 -0.024657 -0.861095 -1.904245 0.027676 0.999541 -0.012299 96.195267 0.861003 -0.017585 0.508295 -0.138405 0.000000 0.000000 0.000000 1.000000
0.506093 -0.022195 -0.862193 -1.844245 0.027891 0.999567 -0.009359 96.192184 0.862028 -0.019311 0.506493 -0.155697 0.000000 0.000000 0.000000 1.000000
0.503635 -0.019921 -0.863687 -1.787498 0.028717 0.999568 -0.006309 96.190048 0.863439 -0.021625 0.503990 -0.175694 0.000000 0.000000 0.000000 1.000000
0.501649 -0.017681 -0.864890 -1.731118 0.030214 0.999539 -0.002909 96.189453 0.864543 -0.024672 0.501952 -0.187592 0.000000 0.000000 0.000000 1.000000
0.499426 -0.015741 -0.866214 -1.677603 0.031997 0.999488 0.000285 96.189728 0.865765 -0.027858 0.499674 -0.199051 0.000000 0.000000 0.000000 1.000000
0.496985 -0.014390 -0.867640 -1.626018 0.033646 0.999430 0.002696 96.190094 0.867107 -0.030533 0.497186 -0.208112 0.000000 0.000000 0.000000 1.000000
0.494706 -0.013507 -0.868955 -1.575619 0.034740 0.999387 0.004244 96.189781 0.868366 -0.032287 0.494872 -0.210559 0.000000 0.000000 0.000000 1.000000
0.492521 -0.012706 -0.870208 -1.525733 0.035578 0.999352 0.005545 96.189743 0.869573 -0.033692 0.492654 -0.210358 0.000000 0.000000 0.000000 1.000000
0.490372 -0.011974 -0.871431 -1.478359 0.036288 0.999319 0.006689 96.190300 0.870758 -0.034902 0.490472 -0.207988 0.000000 0.000000 0.000000 1.000000
0.488214 -0.011319 -0.872651 -1.435575 0.036949 0.999287 0.007710 96.191948 0.871942 -0.036008 0.488284 -0.203638 0.000000 0.000000 0.000000 1.000000
0.486001 -0.010753 -0.873892 -1.399400 0.037642 0.999254 0.008639 96.194885 0.873147 -0.037094 0.486043 -0.197538 0.000000 0.000000 0.000000 1.000000
0.483813 -0.010493 -0.875109 -1.373272 0.038416 0.999219 0.009257 96.199127 0.874328 -0.038097 0.483838 -0.188471 0.000000 0.000000 0.000000 1.000000
0.481429 -0.010717 -0.876419 -1.366920 0.039513 0.999174 0.009487 96.204826 0.875594 -0.039197 0.481455 -0.177657 0.000000 0.000000 0.000000 1.000000
0.478926 -0.011137 -0.877785 -1.392687 0.040905 0.999117 0.009642 96.212776 0.876902 -0.040524 0.478958 -0.164175 0.000000 0.000000 0.000000 1.000000
0.476491 -0.011293 -0.879107 -1.440573 0.042348 0.999052 0.010119 96.223602 0.878159 -0.042050 0.476517 -0.141492 0.000000 0.000000 0.000000 1.000000
0.474821 -0.010494 -0.880020 -1.498099 0.043375 0.998993 0.011490 96.234489 0.879013 -0.043627 0.474798 -0.118112 0.000000 0.000000 0.000000 1.000000
0.475043 -0.008115 -0.879925 -1.599298 0.043087 0.998973 0.014048 96.245224 0.878907 -0.044586 0.474904 -0.088417 0.000000 0.000000 0.000000 1.000000
0.476198 -0.005005 -0.879324 -1.714949 0.042149 0.998964 0.017140 96.254898 0.878327 -0.045225 0.475916 -0.066682 0.000000 0.000000 0.000000 1.000000
0.477794 -0.001527 -0.878471 -1.815777 0.040835 0.998956 0.020473 96.263321 0.877522 -0.045654 0.477358 -0.055451 0.000000 0.000000 0.000000 1.000000
0.479511 0.002110 -0.877533 -1.907297 0.039236 0.998945 0.023842 96.270584 0.876658 -0.045863 0.478922 -0.063908 0.000000 0.000000 0.000000 1.000000
0.481038 0.005700 -0.876681 -1.994038 0.037450 0.998933 0.027043 96.276764 0.875900 -0.045840 0.480311 -0.094596 0.000000 0.000000 0.000000 1.000000
0.482060 0.009034 -0.876092 -2.052238 0.035574 0.998920 0.029875 96.281975 0.875416 -0.045568 0.481218 -0.135298 0.000000 0.000000 0.000000 1.000000
0.482131 0.011831 -0.876019 -2.084881 0.033368 0.998935 0.031856 96.286087 0.875463 -0.044589 0.481223 -0.170544 0.000000 0.000000 0.000000 1.000000
0.481526 0.014003 -0.876320 -2.116527 0.031718 0.998939 0.033391 96.286621 0.875858 -0.043873 0.480570 -0.205481 0.000000 0.000000 0.000000 1.000000
0.479734 0.015446 -0.877278 -2.148289 0.031077 0.998919 0.034582 96.294357 0.876864 -0.043854 0.478735 -0.229673 0.000000 0.000000 0.000000 1.000000
0.476896 0.016702 -0.878801 -2.175916 0.030942 0.998881 0.035775 96.308258 0.878415 -0.044253 0.475845 -0.245020 0.000000 0.000000 0.000000 1.000000
0.473289 0.017414 -0.880735 -2.202031 0.031333 0.998839 0.036588 96.322411 0.880350 -0.044913 0.472194 -0.251854 0.000000 0.000000 0.000000 1.000000
0.469330 0.017775 -0.882844 -2.225196 0.032020 0.998797 0.037131 96.332657 0.882442 -0.045695 0.468196 -0.244731 0.000000 0.000000 0.000000 1.000000
0.465042 0.018105 -0.885104 -2.243047 0.032731 0.998756 0.037627 96.340446 0.884683 -0.046469 0.463871 -0.224985 0.000000 0.000000 0.000000 1.000000
0.461508 0.018169 -0.886950 -2.256565 0.033426 0.998724 0.037851 96.346680 0.886506 -0.047116 0.460312 -0.197106 0.000000 0.000000 0.000000 1.000000
0.458697 0.017977 -0.888411 -2.265498 0.034220 0.998696 0.037877 96.350975 0.887934 -0.047776 0.457484 -0.169561 0.000000 0.000000 0.000000 1.000000
0.456542 0.017419 -0.889531 -2.265214 0.035156 0.998674 0.037600 96.352699 0.889007 -0.048438 0.455324 -0.146856 0.000000 0.000000 0.000000 1.000000
0.455407 0.016378 -0.890133 -2.256046 0.036135 0.998667 0.036863 96.350563 0.889550 -0.048953 0.454208 -0.126361 0.000000 0.000000 0.000000 1.000000
0.454945 0.014732 -0.890398 -2.242392 0.037088 0.998682 0.035474 96.344025 0.889747 -0.049162 0.453799 -0.116352 0.000000 0.000000 0.000000 1.000000
0.455255 0.012624 -0.890272 -2.226159 0.037809 0.998723 0.033497 96.335602 0.889558 -0.048910 0.454196 -0.122495 0.000000 0.000000 0.000000 1.000000
0.455944 0.010386 -0.889948 -2.208582 0.038415 0.998770 0.031337 96.328285 0.889179 -0.048475 0.454985 -0.133420 0.000000 0.000000 0.000000 1.000000
0.456925 0.008507 -0.889464 -2.189141 0.038844 0.998810 0.029507 96.322250 0.888656 -0.048033 0.456051 -0.143056 0.000000 0.000000 0.000000 1.000000
0.458043 0.006785 -0.888904 -2.172683 0.039212 0.998843 0.027829 96.316605 0.888065 -0.047603 0.457247 -0.143909 0.000000 0.000000 0.000000 1.000000
0.459188 0.005160 -0.888324 -2.162711 0.039532 0.998874 0.026236 96.311699 0.887459 -0.047165 0.458467 -0.132649 0.000000 0.000000 0.000000 1.000000
0.460255 0.003573 -0.887780 -2.162815 0.039816 0.998903 0.024661 96.307762 0.886894 -0.046698 0.459608 -0.120230 0.000000 0.000000 0.000000 1.000000
0.461140 0.001964 -0.887325 -2.174392 0.040075 0.998931 0.023037 96.304787 0.886422 -0.046183 0.460568 -0.102015 0.000000 0.000000 0.000000 1.000000
0.461738 0.000273 -0.887016 -2.193752 0.040320 0.998960 0.021296 96.302032 0.886099 -0.045598 0.461247 -0.081588 0.000000 0.000000 0.000000 1.000000
0.461947 -0.001553 -0.886906 -2.220093 0.040555 0.998989 0.019375 96.299706 0.885980 -0.044919 0.461543 -0.059839 0.000000 0.000000 0.000000 1.000000
0.461760 -0.003482 -0.886998 -2.252213 0.040707 0.999022 0.017270 96.298157 0.886070 -0.044082 0.461450 -0.036455 0.000000 0.000000 0.000000 1.000000
0.461255 -0.005474 -0.887251 -2.288784 0.040773 0.999055 0.015032 96.297798 0.886331 -0.043110 0.461042 -0.011679 0.000000 0.000000 0.000000 1.000000
0.460509 -0.007518 -0.887623 -2.328693 0.040807 0.999086 0.012710 96.299034 0.886716 -0.042074 0.460395 0.013970 0.000000 0.000000 0.000000 1.000000
0.459607 -0.009601 -0.888070 -2.370834 0.040866 0.999111 0.010348 96.302307 0.887182 -0.041048 0.459591 0.039970 0.000000 0.000000 0.000000 1.000000
0.458625 -0.011713 -0.888553 -2.414075 0.041007 0.999127 0.007995 96.307373 0.887683 -0.040104 0.458705 0.065759 0.000000 0.000000 0.000000 1.000000
0.457642 -0.013841 -0.889029 -2.457310 0.041285 0.999131 0.005697 96.313652 0.888177 -0.039311 0.457816 0.090857 0.000000 0.000000 0.000000 1.000000
0.456717 -0.015976 -0.889469 -2.499420 0.041757 0.999122 0.003495 96.320618 0.888632 -0.038738 0.456983 0.114730 0.000000 0.000000 0.000000 1.000000
0.455658 -0.018149 -0.889970 -2.539840 0.042444 0.999098 0.001357 96.327583 0.889143 -0.038392 0.456017 0.136829 0.000000 0.000000 0.000000 1.000000
0.454430 -0.020364 -0.890550 -2.577628 0.043301 0.999062 -0.000750 96.333977 0.889730 -0.038221 0.454885 0.157348 0.000000 0.000000 0.000000 1.000000
0.453173 -0.022601 -0.891136 -2.611672 0.044273 0.999015 -0.002823 96.339188 0.890322 -0.038174 0.453727 0.176673 0.000000 0.000000 0.000000 1.000000
0.452038 -0.024837 -0.891653 -2.643780 0.045306 0.998961 -0.004857 96.342712 0.890847 -0.038201 0.452694 0.195218 0.000000 0.000000 0.000000 1.000000
0.451170 -0.027050 -0.892028 -2.675163 0.046345 0.998902 -0.006850 96.345161 0.891234 -0.038251 0.451928 0.213400 0.000000 0.000000 0.000000 1.000000
0.450734 -0.029222 -0.892180 -2.705407 0.047349 0.998840 -0.008795 96.347183 0.891402 -0.038280 0.451595 0.231599 0.000000 0.000000 0.000000 1.000000
0.451010 -0.031363 -0.891968 -2.734246 0.048387 0.998772 -0.010652 96.348671 0.891206 -0.038356 0.451973 0.249629 0.000000 0.000000 0.000000 1.000000
0.451656 -0.033461 -0.891565 -2.761776 0.049448 0.998699 -0.012431 96.349548 0.890821 -0.038472 0.452723 0.266847 0.000000 0.000000 0.000000 1.000000
0.452038 -0.035486 -0.891293 -2.788161 0.050434 0.998627 -0.014180 96.349716 0.890572 -0.038541 0.453206 0.283105 0.000000 0.000000 0.000000 1.000000
0.451967 -0.037446 -0.891248 -2.813540 0.051334 0.998555 -0.015923 96.349091 0.890556 -0.038555 0.453236 0.298796 0.000000 0.000000 0.000000 1.000000
0.451808 -0.039287 -0.891250 -2.837131 0.052134 0.998485 -0.017586 96.347687 0.890591 -0.038519 0.453172 0.313392 0.000000 0.000000 0.000000 1.000000
0.451856 -0.040853 -0.891155 -2.857490 0.052735 0.998427 -0.019032 96.345726 0.890531 -0.038396 0.453299 0.326408 0.000000 0.000000 0.000000 1.000000
0.452284 -0.042152 -0.890877 -2.874560 0.052999 0.998388 -0.020332 96.342262 0.890298 -0.038020 0.453788 0.338202 0.000000 0.000000 0.000000 1.000000
0.453357 -0.043111 -0.890286 -2.887337 0.052926 0.998369 -0.021394 96.337471 0.889756 -0.037420 0.454900 0.342935 0.000000 0.000000 0.000000 1.000000
0.454689 -0.043960 -0.889565 -2.897735 0.052763 0.998357 -0.022367 96.331505 0.889086 -0.036766 0.456261 0.341857 0.000000 0.000000 0.000000 1.000000
0.456107 -0.044698 -0.888802 -2.906104 0.052507 0.998350 -0.023262 96.325005 0.888375 -0.036058 0.457701 0.341847 0.000000 0.000000 0.000000 1.000000
0.457437 -0.045325 -0.888086 -2.913400 0.052148 0.998349 -0.024091 96.318504 0.887712 -0.035292 0.459045 0.341480 0.000000 0.000000 0.000000 1.000000
0.458507 -0.045841 -0.887508 -2.919001 0.051682 0.998354 -0.024866 96.312569 0.887187 -0.034467 0.460122 0.339510 0.000000 0.000000 0.000000 1.000000
0.458938 -0.046077 -0.887273 -2.921079 0.050926 0.998377 -0.025506 96.308006 0.887008 -0.033479 0.460539 0.335038 0.000000 0.000000 0.000000 1.000000
0.458855 -0.046193 -0.887310 -2.919713 0.049841 0.998413 -0.026203 96.304977 0.887112 -0.032201 0.460429 0.328213 0.000000 0.000000 0.000000 1.000000
0.458327 -0.046410 -0.887571 -2.915431 0.048489 0.998454 -0.027169 96.303795 0.887460 -0.030585 0.459869 0.318441 0.000000 0.000000 0.000000 1.000000
0.457416 -0.046837 -0.888018 -2.907985 0.046857 0.998494 -0.028528 96.305717 0.888017 -0.028560 0.458922 0.305297 0.000000 0.000000 0.000000 1.000000
0.455923 -0.047404 -0.888756 -2.896215 0.044693 0.998540 -0.030333 96.313385 0.888896 -0.025892 0.457376 0.288141 0.000000 0.000000 0.000000 1.000000
0.453708 -0.048024 -0.889855 -2.882108 0.041472 0.998603 -0.032748 96.323700 0.890185 -0.022046 0.455066 0.271876 0.000000 0.000000 0.000000 1.000000
0.451016 -0.048714 -0.891186 -2.864755 0.038959 0.998632 -0.034871 96.334396 0.891665 -0.018992 0.452297 0.244200 0.000000 0.000000 0.000000 1.000000
0.448313 -0.049492 -0.892505 -2.839641 0.036698 0.998643 -0.036944 96.341911 0.893123 -0.016191 0.449521 0.211924 0.000000 0.000000 0.000000 1.000000
0.445552 -0.050376 -0.893838 -2.802773 0.034705 0.998637 -0.038983 96.342880 0.894583 -0.013651 0.446693 0.176567 0.000000 0.000000 0.000000 1.000000
0.442951 -0.051385 -0.895072 -2.749306 0.033083 0.998613 -0.040957 96.334015 0.895935 -0.011469 0.444037 0.139657 0.000000 0.000000 0.000000 1.000000
0.440446 -0.052538 -0.896241 -2.659463 0.031939 0.998571 -0.042841 96.313049 0.897211 -0.009756 0.441495 0.101253 0.000000 0.000000 0.000000 1.000000
0.437673 -0.053832 -0.897522 -2.538411 0.031278 0.998514 -0.044636 96.280128 0.898590 -0.008536 0.438706 0.059022 0.000000 0.000000 0.000000 1.000000
0.434756 -0.055298 -0.898849 -2.326470 0.030889 0.998441 -0.046485 96.235504 0.900018 -0.007555 0.435787 0.012916 0.000000 0.000000 0.000000 1.000000
0.432072 -0.056875 -0.900044 -2.082343 0.030570 0.998360 -0.048412 96.172234 0.901321 -0.006597 0.433102 -0.036979 0.000000 0.000000 0.000000 1.000000
0.429535 -0.058510 -0.901153 -1.835349 0.030265 0.998271 -0.050390 96.101715 0.902543 -0.005630 0.430563 -0.092590 0.000000 0.000000 0.000000 1.000000
0.427175 -0.060198 -0.902163 -1.616430 0.029928 0.998176 -0.052434 96.026070 0.903674 -0.004602 0.428197 -0.152212 0.000000 0.000000 0.000000 1.000000
0.425059 -0.061942 -0.903044 -1.410174 0.029508 0.998074 -0.054571 95.918282 0.904684 -0.003451 0.426069 -0.202842 0.000000 0.000000 0.000000 1.000000
0.423604 -0.063829 -0.903596 -1.202739 0.028943 0.997959 -0.056927 95.787239 0.905385 -0.002038 0.424587 -0.241705 0.000000 0.000000 0.000000 1.000000
0.422206 -0.065885 -0.904102 -1.002257 0.028409 0.997827 -0.059449 95.627808 0.906055 -0.000585 0.423160 -0.271863 0.000000 0.000000 0.000000 1.000000
0.420143 -0.068346 -0.904881 -0.818547 0.028013 0.997661 -0.062347 95.455338 0.907026 0.000846 0.421075 -0.295477 0.000000 0.000000 0.000000 1.000000
0.418296 -0.070830 -0.905545 -0.656013 0.027704 0.997486 -0.065224 95.276878 0.907888 0.002196 0.419206 -0.312062 0.000000 0.000000 0.000000 1.000000
0.417278 -0.072390 -0.905891 -0.515112 0.027388 0.997371 -0.067084 95.107834 0.908366 0.003182 0.418164 -0.323276 0.000000 0.000000 0.000000 1.000000
0.416181 -0.073656 -0.906294 -0.408662 0.027032 0.997275 -0.068638 94.950134 0.908880 0.004067 0.417038 -0.329190 0.000000 0.000000 0.000000 1.000000
0.415161 -0.074693 -0.906677 -0.344442 0.026662 0.997195 -0.069942 94.802246 0.909357 0.004864 0.415988 -0.330085 0.000000 0.000000 0.000000 1.000000
0.414381 -0.075561 -0.906962 -0.329879 0.026306 0.997126 -0.071053 94.675812 0.909723 0.005584 0.415177 -0.326191 0.000000 0.000000 0.000000 1.000000
0.414000 -0.076321 -0.907072 -0.353176 0.025993 0.997064 -0.072029 94.571877 0.909906 0.006242 0.414769 -0.317728 0.000000 0.000000 0.000000 1.000000
0.414182 -0.077035 -0.906928 -0.384329 0.025751 0.997005 -0.072925 94.487267 0.909830 0.006850 0.414926 -0.304950 0.000000 0.000000 0.000000 1.000000
0.415086 -0.077763 -0.906453 -0.411041 0.025607 0.996944 -0.073800 94.413223 0.909422 0.007422 0.415808 -0.288082 0.000000 0.000000 0.000000 1.000000
0.417852 -0.078449 -0.905122 -0.434173 0.025713 0.996887 -0.074532 94.353516 0.908151 0.007870 0.418569 -0.266522 0.000000 0.000000 0.000000 1.000000
0.422225 -0.079071 -0.903036 -0.453091 0.026023 0.996835 -0.075117 94.299797 0.906117 0.008217 0.422947 -0.241092 0.000000 0.000000 0.000000 1.000000
0.427148 -0.079698 -0.900662 -0.468319 0.026405 0.996782 -0.075681 94.253571 0.903796 0.008545 0.427878 -0.213429 0.000000 0.000000 0.000000 1.000000
0.432441 -0.080319 -0.898078 -0.479130 0.026843 0.996730 -0.076217 94.209419 0.901262 0.008852 0.433183 -0.184336 0.000000 0.000000 0.000000 1.000000
0.437922 -0.080922 -0.895364 -0.469727 0.027317 0.996679 -0.076718 94.166023 0.898598 0.009138 0.438678 -0.154710 0.000000 0.000000 0.000000 1.000000
0.443410 -0.081495 -0.892606 -0.436248 0.027807 0.996629 -0.077179 94.121956 0.895887 0.009401 0.444182 -0.125380 0.000000 0.000000 0.000000 1.000000
0.448727 -0.082027 -0.889897 -0.377880 0.028296 0.996583 -0.077593 94.079979 0.893221 0.009638 0.449515 -0.097205 0.000000 0.000000 0.000000 1.000000
0.453701 -0.082508 -0.887326 -0.302050 0.028763 0.996542 -0.077956 94.041702 0.890690 0.009847 0.454505 -0.071037 0.000000 0.000000 0.000000 1.000000
0.458152 -0.082926 -0.884997 -0.226387 0.029189 0.996505 -0.078263 94.011024 0.888394 0.010024 0.458972 -0.047723 0.000000 0.000000 0.000000 1.000000
0.461914 -0.083270 -0.883007 -0.153960 0.029555 0.996475 -0.078510 93.988411 0.886432 0.010167 0.462747 -0.028138 0.000000 0.000000 0.000000 1.000000
0.464813 -0.083529 -0.881460 -0.084077 0.029840 0.996452 -0.078691 93.973473 0.884906 0.010274 0.465656 -0.013075 0.000000 0.000000 0.000000 1.000000
0.466676 -0.083694 -0.880459 -0.034858 0.030026 0.996438 -0.078803 93.967392 0.883919 0.010339 0.467527 -0.003429 0.000000 0.000000 0.000000 1.000000
0.467337 -0.083751 -0.880103 -0.000007 0.030092 0.996433 -0.078842 93.965195 0.883567 0.010362 0.468190 -0.000024 0.000000 0.000000 0.000000 1.000000</float_array><technique_common><accessor source="#Hips-Matrix-animation-output-transform-array" count="154" stride="16"><param type="float4x4"/></accessor></technique_common></source><source id="Hips-Interpolations"><Name_array id="Hips-Interpolations-array" count="154">
 LINEAR LINEAR LINEAR LINEAR LINEAR LINEAR LINEAR LINEAR LINEAR LINEAR LINEAR
LINEAR LINEAR LINEAR LINEAR LINEAR LINEAR LINEAR LINEAR LINEAR LINEAR LINEAR LINEAR
LINEAR LINEAR LINEAR LINEAR LINEAR LINEAR LINEAR LINEAR LINEAR LINEAR LINEAR LINEAR
LINEAR LINEAR LINEAR LINEAR LINEAR LINEAR LINEAR LINEAR LINEAR LINEAR LINEAR LINEAR
LINEAR LINEAR LINEAR LINEAR LINEAR LINEAR LINEAR LINEAR LINEAR LINEAR LINEAR LINEAR
LINEAR LINEAR LINEAR LINEAR LINEAR LINEAR LINEAR LINEAR LINEAR LINEAR LINEAR LINEAR
LINEAR LINEAR LINEAR LINEAR LINEAR LINEAR LINEAR LINEAR LINEAR LINEAR LINEAR LINEAR
LINEAR LINEAR LINEAR LINEAR LINEAR LINEAR LINEAR LINEAR LINEAR LINEAR LINEAR LINEAR
LINEAR LINEAR LINEAR LINEAR LINEAR LINEAR LINEAR LINEAR LINEAR LINEAR LINEAR LINEAR
LINEAR LINEAR LINEAR LINEAR LINEAR LINEAR LINEAR LINEAR LINEAR LINEAR LINEAR LINEAR
LINEAR LINEAR LINEAR LINEAR LINEAR LINEAR LINEAR LINEAR LINEAR LINEAR LINEAR LINEAR
LINEAR LINEAR LINEAR LINEAR LINEAR LINEAR LINEAR LINEAR LINEAR LINEAR LINEAR LINEAR
LINEAR LINEAR LINEAR LINEAR LINEAR LINEAR LINEAR LINEAR LINEAR LINEAR LINEAR</Name_array><technique_common><accessor source="#Hips-Interpolations-array" count="154"><param type="name"/></accessor></technique_common></source><sampler id="Hips-Matrix-animation-transform"><input semantic="INPUT" source="#Hips-Matrix-animation-input"/><input semantic="OUTPUT" source="#Hips-Matrix-animation-output-transform"/><input semantic="INTERPOLATION" source="#Hips-Interpolations"/></sampler><channel source="#Hips-Matrix-animation-transform" target="Hips/matrix"/></animation>
    <animation id="Spine-anim" name="Spine"><source id="Spine-Matrix-animation-input"><float_array id="Spine-Matrix-animation-input-array" count="154">

0.000000 0.033333 0.066667 0.100000 0.133333 0.166667 0.200000 0.233333 0.266667 0.300000 0.333333 0.366667 0.400000 0.433333 0.466667 0.500000
0.533333 0.566667 0.600000 0.633333 0.666667 0.700000 0.733333 0.766667 0.800000 0.833333 0.866667 0.900000 0.933333 0.966667 1.000000 1.033333
1.066667 1.100000 1.133333 1.166667 1.200000 1.233333 1.266667 1.300000 1.333333 1.366667 1.400000 1.433333 1.466667 1.500000 1.533333 1.566667
1.600000 1.633333 1.666667 1.700000 1.733333 1.766667 1.800000 1.833333 1.866667 1.900000 1.933333 1.966667 2.000000 2.033333 2.066667 2.100000
2.133333 2.166667 2.200000 2.233333 2.266667 2.300000 2.333333 2.366667 2.400000 2.433333 2.466667 2.500000 2.533333 2.566667 2.600000 2.633333
2.666667 2.700000 2.733333 2.766667 2.800000 2.833333 2.866667 2.900000 2.933333 2.966667 3.000000 3.033333 3.066667 3.100000 3.133333 3.166667
3.200000 3.233333 3.266667 3.300000 3.333333 3.366667 3.400000 3.433333 3.466667 3.500000 3.533333 3.566667 3.600000 3.633333 3.666667 3.700000
3.733333 3.766667 3.800000 3.833333 3.866667 3.900000 3.933333 3.966667 4.000000 4.033333 4.066667 4.100000 4.133333 4.166667 4.200000 4.233333
4.266667 4.300000 4.333333 4.366667 4.400000 4.433333 4.466667 4.500000 4.533333 4.566667 4.600000 4.633333 4.666667 4.700000 4.733333 4.766667
4.800000 4.833333 4.866667 4.900000 4.933333 4.966667 5.000000 5.033333 5.066667 5.100000</float_array><technique_common><accessor source="#Spine-Matrix-animation-input-array" count="154"><param name="TIME" type="float"/></accessor></technique_common></source><source id="Spine-Matrix-animation-output-transform"><float_array id="Spine-Matrix-animation-output-transform-array" count="2464">

0.997185 0.074811 -0.005018 0.000000 -0.073541 0.962819 -0.259945 10.181600 -0.014616 0.259582 0.965610 0.131500 0.000000 0.000000 0.000000 1.000000
0.997246 0.074086 -0.003545 -0.000000 -0.072524 0.963974 -0.255920 10.181600 -0.015543 0.255472 0.966691 0.131500 0.000000 0.000000 0.000000 1.000000
0.997318 0.073178 -0.001152 0.000000 -0.071152 0.965781 -0.249407 10.181600 -0.017138 0.248820 0.968398 0.131500 0.000000 0.000000 0.000000 1.000000
0.997401 0.072017 0.002134 0.000000 -0.069393 0.968187 -0.240413 10.181600 -0.019380 0.239640 0.970668 0.131500 0.000000 0.000000 0.000000 1.000000
0.997475 0.070763 0.005983 0.000000 -0.067499 0.970894 -0.229803 10.181600 -0.022070 0.228819 0.973219 0.131500 0.000000 0.000000 0.000000 1.000000
0.997536 0.069384 0.010353 -0.000000 -0.065476 0.973830 -0.217643 10.181600 -0.025183 0.216429 0.975973 0.131500 0.000000 0.000000 0.000000 1.000000
0.997581 0.067841 0.015162 0.000000 -0.063333 0.976900 -0.204095 10.181600 -0.028658 0.202641 0.978834 0.131500 0.000000 0.000000 0.000000 1.000000
0.997603 0.066161 0.020297 -0.000000 -0.061137 0.979980 -0.189479 10.181600 -0.032426 0.187784 0.981675 0.131500 0.000000 0.000000 0.000000 1.000000
0.997592 0.064508 0.025482 -0.000000 -0.059101 0.982891 -0.174449 10.181600 -0.036299 0.172523 0.984336 0.131500 0.000000 0.000000 0.000000 1.000000
0.997559 0.062645 0.030851 0.000000 -0.056991 0.985682 -0.158694 10.181600 -0.040351 0.156548 0.986846 0.131500 0.000000 0.000000 0.000000 1.000000
0.997504 0.060595 0.036241 -0.000000 -0.054847 0.988245 -0.142703 10.181600 -0.044462 0.140359 0.989102 0.131500 0.000000 0.000000 0.000000 1.000000
0.997417 0.058689 0.041404 -0.000000 -0.052996 0.990453 -0.127256 10.181600 -0.048478 0.124733 0.991005 0.131500 0.000000 0.000000 0.000000 1.000000
0.997323 0.056518 0.046394 0.000000 -0.051018 0.992374 -0.112208 10.181600 -0.052382 0.109541 0.992601 0.131500 0.000000 0.000000 0.000000 1.000000
0.997233 0.054098 0.050984 0.000000 -0.048902 0.993967 -0.098175 10.181600 -0.055987 0.095410 0.993862 0.131500 0.000000 0.000000 0.000000 1.000000
0.997170 0.051062 0.055178 -0.000000 -0.046236 0.995268 -0.085457 10.181600 -0.059280 0.082664 0.994813 0.131500 0.000000 0.000000 0.000000 1.000000
0.997144 0.047531 0.058693 0.000000 -0.043102 0.996286 -0.074538 10.181600 -0.062018 0.071796 0.995489 0.131500 0.000000 0.000000 0.000000 1.000000
0.997156 0.044090 0.061129 0.000000 -0.040044 0.997022 -0.065908 10.181600 -0.063853 0.063272 0.995952 0.131500 0.000000 0.000000 0.000000 1.000000
0.997160 0.041188 0.063045 0.000000 -0.037472 0.997553 -0.059023 10.181600 -0.065322 0.056493 0.996264 0.131500 0.000000 0.000000 0.000000 1.000000
0.997166 0.038699 0.064509 0.000000 -0.035254 0.997934 -0.053707 10.181600 -0.066455 0.051281 0.996471 0.131500 0.000000 0.000000 0.000000 1.000000
0.997202 0.036428 0.065274 0.000000 -0.033199 0.998203 -0.049877 10.181600 -0.066974 0.047570 0.996620 0.131500 0.000000 0.000000 0.000000 1.000000
0.997236 0.034371 0.065871 -0.000000 -0.031310 0.998407 -0.046948 10.181600 -0.067380 0.044756 0.996723 0.131500 0.000000 0.000000 0.000000 1.000000
0.997284 0.032614 0.066031 0.000000 -0.029721 0.998574 -0.044337 10.181600 -0.067383 0.042254 0.996832 0.131500 0.000000 0.000000 0.000000 1.000000
0.997350 0.031225 0.065710 -0.000000 -0.028448 0.998679 -0.042789 10.181600 -0.066960 0.040806 0.996921 0.131500 0.000000 0.000000 0.000000 1.000000
0.997405 0.030151 0.065374 0.000000 -0.027434 0.998738 -0.042058 10.181600 -0.066560 0.040156 0.996974 0.131500 0.000000 0.000000 0.000000 1.000000
0.997437 0.029394 0.065232 0.000000 -0.026719 0.998781 -0.041513 10.181600 -0.066373 0.039663 0.997006 0.131500 0.000000 0.000000 0.000000 1.000000
0.997417 0.028995 0.065709 0.000000 -0.026360 0.998826 -0.040631 10.181600 -0.066810 0.038794 0.997011 0.131500 0.000000 0.000000 0.000000 1.000000
0.997358 0.028918 0.066644 -0.000000 -0.026310 0.998866 -0.039681 10.181600 -0.067716 0.037822 0.996987 0.131500 0.000000 0.000000 0.000000 1.000000
0.997277 0.029085 0.067765 0.000000 -0.026498 0.998897 -0.038767 10.181600 -0.068818 0.036866 0.996948 0.131500 0.000000 0.000000 0.000000 1.000000
0.997181 0.029483 0.069005 0.000000 -0.026913 0.998920 -0.037882 10.181600 -0.070047 0.035919 0.996897 0.131500 0.000000 0.000000 0.000000 1.000000
0.997076 0.030071 0.070245 0.000000 -0.027520 0.998936 -0.037003 10.181600 -0.071283 0.034961 0.996843 0.131500 0.000000 0.000000 0.000000 1.000000
0.996956 0.031145 0.071471 0.000000 -0.028624 0.998941 -0.036031 10.181600 -0.072518 0.033876 0.996792 0.131500 0.000000 0.000000 0.000000 1.000000
0.996857 0.032046 0.072450 0.000000 -0.029554 0.998943 -0.035211 10.181600 -0.073502 0.032959 0.996750 0.131500 0.000000 0.000000 0.000000 1.000000
0.996773 0.033027 0.073157 -0.000000 -0.030575 0.998941 -0.034384 10.181600 -0.074215 0.032036 0.996728 0.131500 0.000000 0.000000 0.000000 1.000000
0.996723 0.033909 0.073446 0.000000 -0.031523 0.998945 -0.033405 10.181600 -0.074501 0.030981 0.996740 0.131500 0.000000 0.000000 0.000000 1.000000
0.996688 0.034676 0.073552 -0.000000 -0.032393 0.998963 -0.032002 10.181600 -0.074586 0.029514 0.996778 0.131500 0.000000 0.000000 0.000000 1.000000
0.996623 0.035781 0.073911 -0.000000 -0.033582 0.998962 -0.030782 10.181600 -0.074936 0.028196 0.996790 0.131500 0.000000 0.000000 0.000000 1.000000
0.996492 0.036979 0.075074 0.000000 -0.034843 0.998955 -0.029571 10.181600 -0.076089 0.026852 0.996739 0.131500 0.000000 0.000000 0.000000 1.000000
0.996331 0.038199 0.076586 0.000000 -0.036116 0.998944 -0.028408 10.181600 -0.077591 0.025538 0.996658 0.131500 0.000000 0.000000 0.000000 1.000000
0.996157 0.039394 0.078225 -0.000000 -0.037366 0.998931 -0.027231 10.181600 -0.079214 0.024203 0.996564 0.131500 0.000000 0.000000 0.000000 1.000000
0.995992 0.040514 0.079743 0.000000 -0.038557 0.998920 -0.025942 10.181600 -0.080708 0.022763 0.996478 0.131500 0.000000 0.000000 0.000000 1.000000
0.995855 0.041513 0.080924 -0.000000 -0.039644 0.998912 -0.024572 10.181600 -0.081856 0.021262 0.996417 0.131500 0.000000 0.000000 0.000000 1.000000
0.995772 0.042342 0.081521 -0.000000 -0.040579 0.998908 -0.023162 10.181600 -0.082413 0.019756 0.996402 0.131500 0.000000 0.000000 0.000000 1.000000
0.995738 0.042963 0.081611 -0.000000 -0.041316 0.998909 -0.021761 10.181600 -0.082457 0.018297 0.996427 0.131500 0.000000 0.000000 0.000000 1.000000
0.995749 0.043287 0.081309 0.000000 -0.041738 0.998915 -0.020652 10.181600 -0.082115 0.017171 0.996475 0.131500 0.000000 0.000000 0.000000 1.000000
0.995761 0.043631 0.080966 -0.000000 -0.042181 0.998919 -0.019529 10.181600 -0.081730 0.016031 0.996526 0.131500 0.000000 0.000000 0.000000 1.000000
0.995781 0.044011 0.080516 0.000000 -0.042657 0.998919 -0.018459 10.181600 -0.081241 0.014947 0.996582 0.131500 0.000000 0.000000 0.000000 1.000000
0.995805 0.044588 0.079898 0.000000 -0.043325 0.998908 -0.017476 10.181600 -0.080590 0.013942 0.996650 0.131500 0.000000 0.000000 0.000000 1.000000
0.995805 0.044970 0.079689 0.000000 -0.043745 0.998897 -0.017061 10.181600 -0.080368 0.013504 0.996674 0.131500 0.000000 0.000000 0.000000 1.000000
0.995792 0.045379 0.079617 0.000000 -0.044149 0.998878 -0.017148 10.181600 -0.080306 0.013561 0.996678 0.131500 0.000000 0.000000 0.000000 1.000000
0.995774 0.045822 0.079586 -0.000000 -0.044554 0.998851 -0.017632 10.181600 -0.080302 0.014012 0.996672 0.131500 0.000000 0.000000 0.000000 1.000000
0.995752 0.046313 0.079576 -0.000000 -0.044992 0.998819 -0.018317 10.181600 -0.080330 0.014659 0.996660 0.131500 0.000000 0.000000 0.000000 1.000000
0.995727 0.046866 0.079568 0.000000 -0.045491 0.998784 -0.019007 10.181600 -0.080362 0.015306 0.996648 0.131500 0.000000 0.000000 0.000000 1.000000
0.995700 0.047495 0.079535 0.000000 -0.046082 0.998747 -0.019505 10.181600 -0.080362 0.015756 0.996641 0.131500 0.000000 0.000000 0.000000 1.000000
0.995672 0.048212 0.079450 0.000000 -0.046777 0.998709 -0.019820 10.181600 -0.080303 0.016017 0.996642 0.131500 0.000000 0.000000 0.000000 1.000000
0.995638 0.049236 0.079253 0.000000 -0.047798 0.998658 -0.019952 10.181600 -0.080129 0.016077 0.996655 0.131500 0.000000 0.000000 0.000000 1.000000
0.995620 0.050089 0.078948 0.000000 -0.048644 0.998613 -0.020125 10.181600 -0.079847 0.016196 0.996676 0.131500 0.000000 0.000000 0.000000 1.000000
0.995560 0.051627 0.078711 0.000000 -0.050218 0.998542 -0.019780 10.181600 -0.079617 0.015739 0.996701 0.131500 0.000000 0.000000 0.000000 1.000000
0.995443 0.053083 0.079219 -0.000000 -0.051782 0.998489 -0.018384 10.181600 -0.080076 0.014198 0.996688 0.131500 0.000000 0.000000 0.000000 1.000000
0.995254 0.054438 0.080663 0.000000 -0.053311 0.998449 -0.016062 10.181600 -0.081412 0.011686 0.996612 0.131500 0.000000 0.000000 0.000000 1.000000
0.994955 0.057218 0.082402 0.000000 -0.056301 0.998324 -0.013410 10.181600 -0.083032 0.008703 0.996509 0.131500 0.000000 0.000000 0.000000 1.000000
0.994581 0.060943 0.084230 -0.000000 -0.060263 0.998126 -0.010599 10.181600 -0.084718 0.005465 0.996390 0.131500 0.000000 0.000000 0.000000 1.000000
0.994197 0.064558 0.086047 0.000000 -0.064128 0.997912 -0.007757 10.181600 -0.086368 0.002194 0.996261 0.131500 0.000000 0.000000 0.000000 1.000000
0.993880 0.067159 0.087705 0.000000 -0.066979 0.997742 -0.004993 10.181600 -0.087843 -0.000912 0.996134 0.131500 0.000000 0.000000 0.000000 1.000000
0.993652 0.068796 0.089012 -0.000000 -0.068839 0.997624 -0.002584 10.181600 -0.088978 -0.003559 0.996027 0.131500 0.000000 0.000000 0.000000 1.000000
0.993501 0.070131 0.089651 0.000000 -0.070358 0.997522 -0.000634 10.181600 -0.089473 -0.005678 0.995973 0.131500 0.000000 0.000000 0.000000 1.000000
0.993463 0.071209 0.089217 -0.000000 -0.071565 0.997436 0.000797 10.181600 -0.088931 -0.007177 0.996012 0.131500 0.000000 0.000000 0.000000 1.000000
0.993492 0.071967 0.088281 0.000000 -0.072414 0.997373 0.001867 10.181600 -0.087915 -0.008248 0.996094 0.131500 0.000000 0.000000 0.000000 1.000000
0.993558 0.072537 0.087065 -0.000000 -0.073056 0.997324 0.002786 10.181600 -0.086630 -0.009129 0.996199 0.131500 0.000000 0.000000 0.000000 1.000000
0.993659 0.072897 0.085603 -0.000000 -0.073462 0.997292 0.003475 10.181600 -0.085118 -0.009741 0.996323 0.131500 0.000000 0.000000 0.000000 1.000000
0.993734 0.073509 0.084199 -0.000000 -0.074094 0.997244 0.003840 10.181600 -0.083684 -0.010054 0.996442 0.131500 0.000000 0.000000 0.000000 1.000000
0.993821 0.073730 0.082970 -0.000000 -0.074297 0.997229 0.003764 10.181600 -0.082462 -0.009905 0.996545 0.131500 0.000000 0.000000 0.000000 1.000000
0.993883 0.073937 0.082033 -0.000000 -0.074484 0.997216 0.003622 10.181600 -0.081537 -0.009710 0.996623 0.131500 0.000000 0.000000 0.000000 1.000000
0.993930 0.074098 0.081317 -0.000000 -0.074621 0.997206 0.003410 10.181600 -0.080837 -0.009458 0.996682 0.131500 0.000000 0.000000 0.000000 1.000000
