<?xml version="1.0" encoding="utf-8"?>
<COLLADA xmlns="http://www.collada.org/2005/11/COLLADASchema" version="1.4.1">
  <asset><contributor><author>Mixamo</author><authoring_tool>COLLADA Mixamo exporter</authoring_tool><comments></comments></contributor><created>2020-02-24T18:31:55Z</created><modified>2020-02-24T18:31:55Z</modified><revision></revision><title></title><unit meter="0.010000"/><up_axis>Y_UP</up_axis></asset>
  <library_animations>
    <animation id="mixamorig_Hips-anim" name="mixamorig_Hips"><source id="mixamorig_Hips-Matrix-animation-input"><float_array id="mixamorig_Hips-Matrix-animation-input-array" count="137">

0.000000 0.033333 0.066667 0.100000 0.133333 0.166667 0.200000 0.233333 0.266667 0.300000 0.333333 0.366667 0.400000 0.433333 0.466667 0.500000
0.533333 0.566667 0.600000 0.633333 0.666667 0.700000 0.733333 0.766667 0.800000 0.833333 0.866667 0.900000 0.933333 0.966667 1.000000 1.033333
1.066667 1.100000 1.133333 1.166667 1.200000 1.233333 1.266667 1.300000 1.333333 1.366667 1.400000 1.433333 1.466667 1.500000 1.533333 1.566667
1.600000 1.633333 1.666667 1.700000 1.733333 1.766667 1.800000 1.833333 1.866667 1.900000 1.933333 1.966667 2.000000 2.033333 2.066667 2.100000
2.133333 2.166667 2.200000 2.233333 2.266667 2.300000 2.333333 2.366667 2.400000 2.433333 2.466667 2.500000 2.533333 2.566667 2.600000 2.633333
2.666667 2.700000 2.733333 2.766667 2.800000 2.833333 2.866667 2.900000 2.933333 2.966667 3.000000 3.033333 3.066667 3.100000 3.133333 3.166667
3.200000 3.233333 3.266667 3.300000 3.333333 3.366667 3.400000 3.433333 3.466667 3.500000 3.533333 3.566667 3.600000 3.633333 3.666667 3.700000
3.733333 3.766667 3.800000 3.833333 3.866667 3.900000 3.933333 3.966667 4.000000 4.033333 4.066667 4.100000 4.133333 4.166667 4.200000 4.233333
4.266667 4.300000 4.333333 4.366667 4.400000 4.433333 4.466667 4.500000 4.533333</float_array><technique_common><accessor source="#mixamorig_Hips-Matrix-animation-input-array" count="137"><param name="TIME" type="float"/></accessor></technique_common></source><source id="mixamorig_Hips-Matrix-animation-output-transform"><float_array id="mixamorig_Hips-Matrix-animation-output-transform-array" count="2192">

0.996472 -0.013558 -0.082827 -6.933926 0.007336 0.997158 -0.074979 102.870506 0.083608 0.074107 0.993739 -7.573741 0.000000 0.000000 0.000000 1.000000
0.995168 -0.017916 -0.096538 -6.479491 0.010202 0.996758 -0.079814 103.051140 0.097655 0.078443 0.992124 -4.455868 0.000000 0.000000 0.000000 1.000000
0.994113 -0.021564 -0.106183 -5.980648 0.011960 0.995846 -0.090269 103.069946 0.107688 0.088468 0.990241 -1.345544 0.000000 0.000000 0.000000 1.000000
0.993988 -0.023559 -0.106924 -5.507321 0.013138 0.995184 -0.097139 102.932632 0.108698 0.095150 0.989511 1.978074 0.000000 0.000000 0.000000 1.000000
0.994274 -0.024997 -0.103895 -4.959792 0.015008 0.995284 -0.095833 102.597229 0.105800 0.093725 0.989961 5.589532 0.000000 0.000000 0.000000 1.000000
0.994256 -0.023595 -0.104394 -4.195315 0.014222 0.995874 -0.089629 101.951683 0.106078 0.087630 0.990489 9.617120 0.000000 0.000000 0.000000 1.000000
0.993946 -0.024257 -0.107156 -3.333510 0.015025 0.996171 -0.086129 101.261749 0.108835 0.083998 0.990505 13.920615 0.000000 0.000000 0.000000 1.000000
0.993022 -0.028442 -0.114448 -2.397305 0.018580 0.996094 -0.086325 100.682549 0.116456 0.083596 0.989671 18.496408 0.000000 0.000000 0.000000 1.000000
0.991022 -0.036093 -0.128736 -1.285087 0.025010 0.995921 -0.086693 100.142990 0.131340 0.082695 0.987882 23.440950 0.000000 0.000000 0.000000 1.000000
0.989237 -0.049529 -0.137682 -0.130578 0.038406 0.995867 -0.082298 99.775482 0.141190 0.076124 0.987051 28.469393 0.000000 0.000000 0.000000 1.000000
0.988916 -0.060861 -0.135431 1.028519 0.052011 0.996332 -0.067953 99.540894 0.139070 0.060156 0.988454 33.415363 0.000000 0.000000 0.000000 1.000000
0.988013 -0.074150 -0.135393 2.224005 0.067847 0.996412 -0.050596 99.740746 0.138659 0.040803 0.989499 37.971031 0.000000 0.000000 0.000000 1.000000
0.985447 -0.091239 -0.143419 3.323393 0.085890 0.995373 -0.043069 100.087578 0.146685 0.030124 0.988724 41.968456 0.000000 0.000000 0.000000 1.000000
0.983949 -0.101247 -0.146946 4.097384 0.096009 0.994480 -0.042332 100.504646 0.150421 0.027544 0.988238 45.603653 0.000000 0.000000 0.000000 1.000000
0.985706 -0.097721 -0.137240 4.544123 0.093541 0.994943 -0.036595 101.135719 0.140122 0.023234 0.989862 49.139034 0.000000 0.000000 0.000000 1.000000
0.989186 -0.089689 -0.116044 4.890233 0.087129 0.995832 -0.026955 101.837624 0.117977 0.016552 0.992878 52.632412 0.000000 0.000000 0.000000 1.000000
0.992485 -0.084720 -0.088297 5.227152 0.083639 0.996370 -0.015872 102.413033 0.089321 0.008368 0.995968 56.030067 0.000000 0.000000 0.000000 1.000000
0.994913 -0.080501 -0.060560 5.537585 0.080424 0.996754 -0.003726 102.821075 0.060663 -0.001164 0.998158 59.347763 0.000000 0.000000 0.000000 1.000000
0.996326 -0.075040 -0.041283 5.848552 0.075258 0.997157 0.003756 103.023994 0.040884 -0.006849 0.999140 62.617168 0.000000 0.000000 0.000000 1.000000
0.996977 -0.070523 -0.032613 6.119252 0.070660 0.997496 0.003052 103.038116 0.032316 -0.005347 0.999463 65.890015 0.000000 0.000000 0.000000 1.000000
0.997223 -0.068227 -0.029857 6.302163 0.068076 0.997662 -0.006060 102.906876 0.030201 0.004010 0.999536 69.199883 0.000000 0.000000 0.000000 1.000000
0.997243 -0.068231 -0.029173 6.455126 0.067604 0.997470 -0.021975 102.563774 0.030598 0.019943 0.999333 72.580353 0.000000 0.000000 0.000000 1.000000
0.997103 -0.070278 -0.029111 6.612778 0.069225 0.996962 -0.035715 102.107056 0.031533 0.033596 0.998938 76.161255 0.000000 0.000000 0.000000 1.000000
0.997084 -0.073139 -0.021757 6.670924 0.072212 0.996559 -0.040699 101.545975 0.024658 0.039009 0.998935 80.113632 0.000000 0.000000 0.000000 1.000000
0.996934 -0.078157 -0.003876 6.542508 0.077946 0.996187 -0.039197 100.661484 0.006925 0.038774 0.999224 84.546120 0.000000 0.000000 0.000000 1.000000
0.996916 -0.077693 0.011052 6.275698 0.078033 0.996347 -0.034698 99.922226 -0.008316 0.035454 0.999337 89.251633 0.000000 0.000000 0.000000 1.000000
0.996796 -0.073393 0.031790 5.825174 0.074334 0.996797 -0.029512 99.166382 -0.029522 0.031781 0.999059 94.452751 0.000000 0.000000 0.000000 1.000000
0.996105 -0.056892 0.067363 5.290423 0.058949 0.997841 -0.028951 98.750214 -0.065570 0.032809 0.997308 99.538803 0.000000 0.000000 0.000000 1.000000
0.995925 -0.030602 0.084838 4.753679 0.032813 0.999154 -0.024784 98.459396 -0.084008 0.027467 0.996086 104.170647 0.000000 0.000000 0.000000 1.000000
0.997269 -0.001654 0.073839 4.133809 0.002399 0.999947 -0.010007 98.110008 -0.073818 0.010157 0.997220 108.633057 0.000000 0.000000 0.000000 1.000000
0.996872 0.025311 0.074871 3.482442 -0.025509 0.999673 0.001696 98.065125 -0.074803 -0.003601 0.997192 112.869507 0.000000 0.000000 0.000000 1.000000
0.995996 0.038403 0.080725 3.118191 -0.038618 0.999253 0.001101 98.366402 -0.080622 -0.004214 0.996736 116.747749 0.000000 0.000000 0.000000 1.000000
0.997544 0.034984 0.060687 3.087167 -0.034613 0.999375 -0.007153 98.862228 -0.060899 0.005035 0.998131 120.348618 0.000000 0.000000 0.000000 1.000000
0.999222 0.028501 0.027271 3.159736 -0.028218 0.999544 -0.010712 99.501602 -0.027564 0.009934 0.999571 123.999146 0.000000 0.000000 0.000000 1.000000
0.999595 0.026941 -0.009160 3.225987 -0.027027 0.999591 -0.009386 100.121506 0.008903 0.009630 0.999914 127.760666 0.000000 0.000000 0.000000 1.000000
0.997714 0.025195 -0.062713 3.254249 -0.026049 0.999578 -0.012845 100.601120 0.062363 0.014450 0.997949 131.385269 0.000000 0.000000 0.000000 1.000000
0.989091 0.019918 -0.145951 3.353647 -0.022724 0.999587 -0.017581 100.958328 0.145540 0.020706 0.989136 134.647690 0.000000 0.000000 0.000000 1.000000
0.968325 0.009524 -0.249510 4.139189 -0.014711 0.999712 -0.018935 101.205009 0.249258 0.022006 0.968187 137.817825 0.000000 0.000000 0.000000 1.000000
0.923303 -0.018406 -0.383632 5.892244 0.008193 0.999568 -0.028239 101.361816 0.383985 0.022931 0.923054 141.174438 0.000000 0.000000 0.000000 1.000000
0.813486 -0.052320 -0.579226 8.158982 0.025464 0.998194 -0.054403 100.876060 0.581027 0.029507 0.813349 143.748978 0.000000 0.000000 0.000000 1.000000
0.617766 -0.096404 -0.780430 10.721146 0.029747 0.994611 -0.099314 99.726852 0.785799 0.038138 0.617305 145.569168 0.000000 0.000000 0.000000 1.000000
0.371455 -0.158963 -0.914742 13.152943 0.049006 0.987218 -0.151657 98.008095 0.927157 0.011506 0.374497 147.335175 0.000000 0.000000 0.000000 1.000000
0.127707 -0.191390 -0.973170 15.910130 0.017889 0.981490 -0.190679 97.720009 0.991651 0.006942 0.128767 149.574509 0.000000 0.000000 0.000000 1.000000
-0.070576 -0.220655 -0.972795 19.157372 -0.072610 0.973776 -0.215610 99.160248 0.994860 0.055418 -0.084747 152.467712 0.000000 0.000000 0.000000 1.000000
-0.212076 -0.248402 -0.945156 21.657721 -0.130668 0.965679 -0.224476 100.068649 0.968478 0.075896 -0.237256 155.730865 0.000000 0.000000 0.000000 1.000000
-0.323582 -0.241435 -0.914879 22.995491 -0.117809 0.969654 -0.214223 99.639793 0.938838 0.038462 -0.342206 158.916702 0.000000 0.000000 0.000000 1.000000
-0.425707 -0.209992 -0.880158 23.895489 -0.096658 0.977687 -0.186510 99.435371 0.899684 0.005676 -0.436505 162.202209 0.000000 0.000000 0.000000 1.000000
-0.517906 -0.194687 -0.832989 24.327175 -0.113987 0.980780 -0.158358 100.374924 0.847809 0.012935 -0.530144 166.094116 0.000000 0.000000 0.000000 1.000000
-0.592186 -0.187606 -0.783658 24.025948 -0.132123 0.981964 -0.135239 101.165092 0.794896 0.023452 -0.606293 169.587814 0.000000 0.000000 0.000000 1.000000
-0.655458 -0.172749 -0.735209 23.562111 -0.132670 0.984688 -0.113090 101.377502 0.743487 0.023414 -0.668340 172.131866 0.000000 0.000000 0.000000 1.000000
-0.714677 -0.145783 -0.684094 23.559525 -0.113866 0.989241 -0.091854 101.056198 0.690124 0.012249 -0.723587 173.707016 0.000000 0.000000 0.000000 1.000000
-0.769233 -0.118954 -0.627798 23.937532 -0.098200 0.992854 -0.067800 100.865128 0.631377 0.009496 -0.775417 174.886246 0.000000 0.000000 0.000000 1.000000
-0.814611 -0.100070 -0.571310 24.402552 -0.094208 0.994752 -0.039911 101.117218 0.572305 0.021311 -0.819764 175.978210 0.000000 0.000000 0.000000 1.000000
-0.852867 -0.086424 -0.514925 25.006056 -0.091322 0.995695 -0.015858 101.539413 0.514079 0.033500 -0.857088 177.109879 0.000000 0.000000 0.000000 1.000000
-0.888150 -0.071759 -0.453917 25.942585 -0.081101 0.996705 0.001119 101.727913 0.452341 0.037807 -0.891043 178.561035 0.000000 0.000000 0.000000 1.000000
-0.918392 -0.050905 -0.392384 27.378973 -0.060378 0.998105 0.011830 101.434288 0.391039 0.034556 -0.919725 180.511520 0.000000 0.000000 0.000000 1.000000
-0.944826 -0.022986 -0.326765 29.253811 -0.028280 0.999534 0.011459 100.534050 0.326350 0.020068 -0.945036 183.171356 0.000000 0.000000 0.000000 1.000000
-0.968755 -0.003540 -0.247995 31.003828 -0.002967 0.999992 -0.002685 99.467613 0.248002 -0.001865 -0.968758 186.546509 0.000000 0.000000 0.000000 1.000000
-0.988902 0.006207 -0.148440 32.537426 0.010621 0.999524 -0.028961 98.399918 0.148189 -0.030216 -0.988497 190.503052 0.000000 0.000000 0.000000 1.000000
-0.999274 0.024547 -0.029146 34.079533 0.026582 0.997078 -0.071615 96.703415 0.027303 -0.072338 -0.997006 195.363953 0.000000 0.000000 0.000000 1.000000
-0.994609 0.042232 0.094707 35.025978 0.028588 0.989590 -0.141049 94.924118 -0.099678 -0.137581 -0.985462 200.766357 0.000000 0.000000 0.000000 1.000000
-0.974250 0.093245 0.205286 35.526779 0.045917 0.973450 -0.224247 93.139557 -0.220745 -0.209047 -0.952665 206.133545 0.000000 0.000000 0.000000 1.000000
-0.946296 0.166823 0.276937 35.861843 0.085184 0.954976 -0.284190 92.314163 -0.311878 -0.245338 -0.917901 210.410110 0.000000 0.000000 0.000000 1.000000
-0.921387 0.212447 0.325442 35.609886 0.100875 0.939402 -0.327640 92.875809 -0.375327 -0.269055 -0.886983 213.592773 0.000000 0.000000 0.000000 1.000000
-0.893142 0.238237 0.381497 35.053677 0.088992 0.925032 -0.369319 93.742897 -0.440883 -0.295905 -0.847386 216.327393 0.000000 0.000000 0.000000 1.000000
-0.861373 0.260054 0.436357 34.635849 0.067365 0.909911 -0.409296 94.584305 -0.503486 -0.323162 -0.801292 218.803421 0.000000 0.000000 0.000000 1.000000
-0.840276 0.277584 0.465708 34.524448 0.049592 0.894739 -0.443828 95.112900 -0.539886 -0.349842 -0.765593 220.781830 0.000000 0.000000 0.000000 1.000000
-0.830248 0.288327 0.477027 34.602066 0.041158 0.885194 -0.463399 95.342896 -0.555872 -0.365103 -0.746798 222.171829 0.000000 0.000000 0.000000 1.000000
-0.824994 0.291855 0.483948 34.864834 0.047167 0.888902 -0.455664 95.469307 -0.563170 -0.353093 -0.747104 223.001068 0.000000 0.000000 0.000000 1.000000
-0.824431 0.284762 0.489105 35.349770 0.063851 0.905482 -0.419554 95.531403 -0.562349 -0.314663 -0.764690 223.297302 0.000000 0.000000 0.000000 1.000000
-0.833503 0.262507 0.486171 35.981094 0.073569 0.924820 -0.373224 95.521202 -0.547595 -0.275316 -0.790153 223.336044 0.000000 0.000000 0.000000 1.000000
-0.848494 0.231868 0.475705 36.737915 0.073699 0.941918 -0.327656 95.564758 -0.524048 -0.242955 -0.816300 223.194382 0.000000 0.000000 0.000000 1.000000
-0.861604 0.203002 0.465219 37.559937 0.070590 0.955557 -0.286231 95.759537 -0.502649 -0.213778 -0.837641 222.818298 0.000000 0.000000 0.000000 1.000000
-0.871021 0.179590 0.457242 38.337505 0.067296 0.965626 -0.251072 96.111008 -0.486614 -0.187919 -0.853166 222.266205 0.000000 0.000000 0.000000 1.000000
-0.878691 0.160575 0.449576 39.069302 0.065203 0.973276 -0.220186 96.580765 -0.472918 -0.164162 -0.865679 221.628784 0.000000 0.000000 0.000000 1.000000
-0.886534 0.142037 0.440322 39.787983 0.062618 0.979789 -0.189982 97.166794 -0.458406 -0.140854 -0.877510 220.936081 0.000000 0.000000 0.000000 1.000000
-0.893743 0.125271 0.430732 40.436153 0.060265 0.985041 -0.161436 97.745697 -0.444512 -0.118324 -0.887923 220.201462 0.000000 0.000000 0.000000 1.000000
-0.899544 0.111116 0.422461 40.995808 0.059518 0.989265 -0.133465 98.250381 -0.432756 -0.094914 -0.896501 219.416473 0.000000 0.000000 0.000000 1.000000
-0.904698 0.098510 0.414509 41.482029 0.060313 0.992717 -0.104286 98.701012 -0.421763 -0.069347 -0.904050 218.581238 0.000000 0.000000 0.000000 1.000000
-0.909492 0.086274 0.406670 41.886162 0.061670 0.995405 -0.073251 99.121597 -0.411121 -0.041542 -0.910634 217.718811 0.000000 0.000000 0.000000 1.000000
-0.913898 0.075684 0.398825 42.230331 0.065276 0.997080 -0.039635 99.517975 -0.400660 -0.010189 -0.916170 216.842407 0.000000 0.000000 0.000000 1.000000
-0.917540 0.067393 0.391892 42.538609 0.070872 0.997470 -0.005600 99.879829 -0.391278 0.022636 -0.919994 215.937469 0.000000 0.000000 0.000000 1.000000
-0.921085 0.059416 0.384801 42.800568 0.075184 0.996829 0.026049 100.199219 -0.382034 0.052924 -0.922632 215.012894 0.000000 0.000000 0.000000 1.000000
-0.926392 0.051752 0.372989 43.060760 0.076967 0.995623 0.053019 100.449646 -0.368612 0.077824 -0.926320 214.185776 0.000000 0.000000 0.000000 1.000000
-0.932563 0.046675 0.357976 43.375439 0.078094 0.994210 0.073813 100.623253 -0.352458 0.096792 -0.930809 213.532272 0.000000 0.000000 0.000000 1.000000
-0.937269 0.044515 0.345752 43.744099 0.079675 0.992916 0.088149 100.756302 -0.339379 0.110168 -0.934176 213.048828 0.000000 0.000000 0.000000 1.000000
-0.940588 0.043560 0.336743 44.141117 0.080595 0.992036 0.096793 100.854713 -0.329845 0.118182 -0.936608 212.754272 0.000000 0.000000 0.000000 1.000000
-0.944018 0.042816 0.327102 44.546047 0.079991 0.991660 0.101051 100.907837 -0.320048 0.121560 -0.939570 212.641129 0.000000 0.000000 0.000000 1.000000
-0.948601 0.042948 0.313546 44.944141 0.078401 0.991757 0.101348 100.949783 -0.306609 0.120722 -0.944149 212.636642 0.000000 0.000000 0.000000 1.000000
-0.954460 0.043876 0.295096 45.297649 0.076228 0.992160 0.099034 100.975929 -0.288437 0.117019 -0.950321 212.709167 0.000000 0.000000 0.000000 1.000000
-0.960658 0.045973 0.273903 45.545925 0.074884 0.992556 0.096044 100.933746 -0.267449 0.112777 -0.956950 212.878586 0.000000 0.000000 0.000000 1.000000
-0.965935 0.049823 0.253943 45.666069 0.075485 0.992863 0.092329 100.814987 -0.247531 0.108352 -0.962802 213.125748 0.000000 0.000000 0.000000 1.000000
-0.969978 0.053907 0.237143 45.710270 0.076426 0.993289 0.086813 100.668411 -0.230871 0.102330 -0.967588 213.375366 0.000000 0.000000 0.000000 1.000000
-0.972880 0.057785 0.223977 45.730968 0.077522 0.993748 0.080347 100.551651 -0.217934 0.095531 -0.971277 213.558456 0.000000 0.000000 0.000000 1.000000
-0.974474 0.062022 0.215763 45.712448 0.079891 0.993970 0.075101 100.505493 -0.209804 0.090421 -0.973553 213.637726 0.000000 0.000000 0.000000 1.000000
-0.974838 0.066085 0.212891 45.636391 0.082944 0.994004 0.071251 100.553497 -0.206906 0.087116 -0.974475 213.602417 0.000000 0.000000 0.000000 1.000000
-0.974113 0.071593 0.214427 45.471432 0.087821 0.993872 0.067125 100.660980 -0.208308 0.084219 -0.974431 213.473328 0.000000 0.000000 0.000000 1.000000
-0.972808 0.078713 0.217826 45.222481 0.094136 0.993668 0.061340 100.763489 -0.211619 0.080178 -0.974058 213.305893 0.000000 0.000000 0.000000 1.000000
-0.971424 0.084373 0.221849 44.917950 0.098578 0.993678 0.053735 100.829163 -0.215913 0.074069 -0.973599 213.103867 0.000000 0.000000 0.000000 1.000000
-0.969818 0.088896 0.227047 44.593044 0.101658 0.993795 0.045126 100.889114 -0.221626 0.066845 -0.972838 212.818893 0.000000 0.000000 0.000000 1.000000
-0.967937 0.093339 0.233207 44.264606 0.104861 0.993780 0.037481 100.950897 -0.228258 0.060733 -0.971705 212.443161 0.000000 0.000000 0.000000 1.000000
-0.966018 0.096903 0.239621 43.929195 0.107749 0.993645 0.032550 101.022736 -0.234944 0.057263 -0.970321 212.010834 0.000000 0.000000 0.000000 1.000000
-0.964097 0.099372 0.246255 43.580345 0.109948 0.993498 0.029542 101.111473 -0.241719 0.055557 -0.968755 211.558105 0.000000 0.000000 0.000000 1.000000
-0.961682 0.101567 0.254659 43.237663 0.112222 0.993299 0.027631 101.204567 -0.250146 0.055150 -0.966636 211.062927 0.000000 0.000000 0.000000 1.000000
-0.958600 0.103772 0.265175 42.885334 0.115188 0.992954 0.027825 101.304443 -0.260419 0.057218 -0.963799 210.518280 0.000000 0.000000 0.000000 1.000000
-0.956040 0.104207 0.274097 42.502815 0.116336 0.992806 0.028327 101.465408 -0.269173 0.058969 -0.961285 209.982101 0.000000 0.000000 0.000000 1.000000
-0.953745 0.103403 0.282274 42.156410 0.115931 0.992862 0.028000 101.635269 -0.277364 0.059429 -0.958925 209.486008 0.000000 0.000000 0.000000 1.000000
-0.950764 0.103275 0.292202 41.847939 0.116181 0.992858 0.027117 101.755753 -0.287314 0.059730 -0.955972 209.037811 0.000000 0.000000 0.000000 1.000000
-0.947834 0.102634 0.301790 41.565472 0.115818 0.992928 0.026071 101.852547 -0.296980 0.059664 -0.953018 208.636230 0.000000 0.000000 0.000000 1.000000
-0.945378 0.100726 0.310024 41.318462 0.114082 0.993151 0.025208 101.949577 -0.305362 0.059199 -0.950394 208.275513 0.000000 0.000000 0.000000 1.000000
-0.941448 0.099644 0.322097 41.077145 0.113359 0.993263 0.024058 102.046486 -0.317529 0.059162 -0.946401 207.939194 0.000000 0.000000 0.000000 1.000000
-0.936212 0.099180 0.337152 40.850163 0.113600 0.993254 0.023261 102.129593 -0.332570 0.060078 -0.941163 207.618866 0.000000 0.000000 0.000000 1.000000
-0.932007 0.098426 0.348819 40.654739 0.113227 0.993320 0.022246 102.185608 -0.344299 0.060229 -0.936926 207.370377 0.000000 0.000000 0.000000 1.000000
-0.928392 0.097268 0.358646 40.483124 0.112088 0.993482 0.020709 102.215004 -0.354294 0.059426 -0.933244 207.209610 0.000000 0.000000 0.000000 1.000000
-0.924758 0.095608 0.368351 40.343441 0.110110 0.993747 0.018501 102.229019 -0.364279 0.057668 -0.929503 207.125275 0.000000 0.000000 0.000000 1.000000
-0.921369 0.094375 0.377058 40.247238 0.108191 0.994008 0.015582 102.240799 -0.373328 0.055151 -0.926059 207.092987 0.000000 0.000000 0.000000 1.000000
-0.918423 0.093293 0.384442 40.175148 0.106550 0.994219 0.013277 102.258270 -0.380981 0.053156 -0.923054 207.096573 0.000000 0.000000 0.000000 1.000000
-0.916168 0.091431 0.390227 40.135818 0.104397 0.994462 0.012097 102.277145 -0.386960 0.051821 -0.920639 207.139053 0.000000 0.000000 0.000000 1.000000
-0.914412 0.088729 0.394941 40.155159 0.101449 0.994775 0.011397 102.291901 -0.391866 0.050488 -0.918636 207.220413 0.000000 0.000000 0.000000 1.000000
-0.913257 0.085805 0.398244 40.211754 0.098212 0.995107 0.010816 102.294922 -0.395367 0.048990 -0.917216 207.333572 0.000000 0.000000 0.000000 1.000000
-0.912865 0.084029 0.399520 40.278622 0.096128 0.995316 0.010303 102.290253 -0.396783 0.047810 -0.916666 207.474335 0.000000 0.000000 0.000000 1.000000
-0.912728 0.083820 0.399877 40.362480 0.095464 0.995390 0.009251 102.273460 -0.397258 0.046618 -0.916522 207.659988 0.000000 0.000000 0.000000 1.000000
-0.912670 0.083778 0.400018 40.452347 0.094702 0.995477 0.007581 102.222908 -0.397574 0.044801 -0.916476 207.884796 0.000000 0.000000 0.000000 1.000000
-0.913633 0.082798 0.398020 40.561577 0.092659 0.995682 0.005568 102.194939 -0.395840 0.041967 -0.917360 208.057938 0.000000 0.000000 0.000000 1.000000
-0.915283 0.081847 0.394409 40.696930 0.090120 0.995928 0.002464 102.205246 -0.392602 0.037800 -0.918932 208.191315 0.000000 0.000000 0.000000 1.000000
-0.915752 0.081784 0.393331 40.784313 0.088150 0.996105 -0.001887 102.180031 -0.391953 0.032944 -0.919395 208.385345 0.000000 0.000000 0.000000 1.000000
-0.915658 0.081327 0.393645 40.851643 0.086128 0.996269 -0.005487 102.149750 -0.392623 0.028880 -0.919246 208.567032 0.000000 0.000000 0.000000 1.000000
-0.916293 0.080203 0.392397 40.956955 0.083909 0.996443 -0.007727 102.146126 -0.391621 0.025845 -0.919764 208.682877 0.000000 0.000000 0.000000 1.000000
-0.916928 0.079539 0.391045 41.030014 0.082021 0.996577 -0.010381 102.148308 -0.390532 0.022556 -0.920313 208.786758 0.000000 0.000000 0.000000 1.000000
-0.917307 0.079593 0.390145 41.031490 0.080727 0.996645 -0.013518 102.147865 -0.389911 0.019095 -0.920654 208.856369 0.000000 0.000000 0.000000 1.000000
-0.917557 0.080322 0.389406 41.015816 0.079906 0.996652 -0.017297 102.148750 -0.389492 0.015245 -0.920904 208.872162 0.000000 0.000000 0.000000 1.000000
-0.917747 0.080865 0.388845 41.002293 0.078851 0.996662 -0.021163 102.149124 -0.389259 0.011239 -0.921060 208.877335 0.000000 0.000000 0.000000 1.000000
-0.917917 0.081397 0.388334 40.962578 0.077922 0.996653 -0.024718 102.149094 -0.389046 0.007570 -0.921187 208.876648 0.000000 0.000000 0.000000 1.000000
-0.917448 0.084341 0.388813 40.882317 0.078615 0.996434 -0.030644 102.138191 -0.390011 0.002452 -0.920807 208.864532 0.000000 0.000000 0.000000 1.000000
-0.917357 0.085328 0.388812 40.833870 0.077744 0.996351 -0.035228 102.121552 -0.390399 -0.002089 -0.920643 208.818970 0.000000 0.000000 0.000000 1.000000
-0.919968 0.075159 0.384722 40.949963 0.069026 0.997171 -0.029748 102.140953 -0.385869 -0.000811 -0.922553 208.698425 0.000000 0.000000 0.000000 1.000000
-0.922687 0.065047 0.380024 41.039577 0.060678 0.997881 -0.023479 102.171631 -0.380746 0.001396 -0.924679 208.531906 0.000000 0.000000 0.000000 1.000000</float_array><technique_common><accessor source="#mixamorig_Hips-Matrix-animation-output-transform-array" count="137" stride="16"><param type="float4x4"/></accessor></technique_common></source><source id="mixamorig_Hips-Interpolations"><Name_array id="mixamorig_Hips-Interpolations-array" count="137">
 LINEAR LINEAR LINEAR LINEAR LINEAR LINEAR LINEAR LINEAR LINEAR LINEAR LINEAR
LINEAR LINEAR LINEAR LINEAR LINEAR LINEAR LINEAR LINEAR LINEAR LINEAR LINEAR LINEAR
LINEAR LINEAR LINEAR LINEAR LINEAR LINEAR LINEAR LINEAR LINEAR LINEAR LINEAR LINEAR
LINEAR LINEAR LINEAR LINEAR LINEAR LINEAR LINEAR LINEAR LINEAR LINEAR LINEAR LINEAR
LINEAR LINEAR LINEAR LINEAR LINEAR LINEAR LINEAR LINEAR LINEAR LINEAR LINEAR LINEAR
LINEAR LINEAR LINEAR LINEAR LINEAR LINEAR LINEAR LINEAR LINEAR LINEAR LINEAR LINEAR
LINEAR LINEAR LINEAR LINEAR LINEAR LINEAR LINEAR LINEAR LINEAR LINEAR LINEAR LINEAR
LINEAR LINEAR LINEAR LINEAR LINEAR LINEAR LINEAR LINEAR LINEAR LINEAR LINEAR LINEAR
LINEAR LINEAR LINEAR LINEAR LINEAR LINEAR LINEAR LINEAR LINEAR LINEAR LINEAR LINEAR
LINEAR LINEAR LINEAR LINEAR LINEAR LINEAR LINEAR LINEAR LINEAR LINEAR LINEAR LINEAR
LINEAR LINEAR LINEAR LINEAR LINEAR LINEAR LINEAR LINEAR LINEAR LINEAR LINEAR LINEAR
LINEAR LINEAR LINEAR LINEAR LINEAR LINEAR</Name_array><technique_common><accessor source="#mixamorig_Hips-Interpolations-array" count="137"><param type="name"/></accessor></technique_common></source><sampler id="mixamorig_Hips-Matrix-animation-transform"><input semantic="INPUT" source="#mixamorig_Hips-Matrix-animation-input"/><input semantic="OUTPUT" source="#mixamorig_Hips-Matrix-animation-output-transform"/><input semantic="INTERPOLATION" source="#mixamorig_Hips-Interpolations"/></sampler><channel source="#mixamorig_Hips-Matrix-animation-transform" target="mixamorig_Hips/matrix"/></animation>
    <animation id="mixamorig_Spine-anim" name="mixamorig_Spine"><source id="mixamorig_Spine-Matrix-animation-input"><float_array id="mixamorig_Spine-Matrix-animation-input-array" count="137">

0.000000 0.033333 0.066667 0.100000 0.133333 0.166667 0.200000 0.233333 0.266667 0.300000 0.333333 0.366667 0.400000 0.433333 0.466667 0.500000
0.533333 0.566667 0.600000 0.633333 0.666667 0.700000 0.733333 0.766667 0.800000 0.833333 0.866667 0.900000 0.933333 0.966667 1.000000 1.033333
1.066667 1.100000 1.133333 1.166667 1.200000 1.233333 1.266667 1.300000 1.333333 1.366667 1.400000 1.433333 1.466667 1.500000 1.533333 1.566667
1.600000 1.633333 1.666667 1.700000 1.733333 1.766667 1.800000 1.833333 1.866667 1.900000 1.933333 1.966667 2.000000 2.033333 2.066667 2.100000
2.133333 2.166667 2.200000 2.233333 2.266667 2.300000 2.333333 2.366667 2.400000 2.433333 2.466667 2.500000 2.533333 2.566667 2.600000 2.633333
2.666667 2.700000 2.733333 2.766667 2.800000 2.833333 2.866667 2.900000 2.933333 2.966667 3.000000 3.033333 3.066667 3.100000 3.133333 3.166667
3.200000 3.233333 3.266667 3.300000 3.333333 3.366667 3.400000 3.433333 3.466667 3.500000 3.533333 3.566667 3.600000 3.633333 3.666667 3.700000
3.733333 3.766667 3.800000 3.833333 3.866667 3.900000 3.933333 3.966667 4.000000 4.033333 4.066667 4.100000 4.133333 4.166667 4.200000 4.233333
4.266667 4.300000 4.333333 4.366667 4.400000 4.433333 4.466667 4.500000 4.533333</float_array><technique_common><accessor source="#mixamorig_Spine-Matrix-animation-input-array" count="137"><param name="TIME" type="float"/></accessor></technique_common></source><source id="mixamorig_Spine-Matrix-animation-output-transform"><float_array id="mixamorig_Spine-Matrix-animation-output-transform-array" count="2192">

0.997665 -0.001116 0.068291 0.000000 0.007158 0.996069 -0.088287 10.181600 -0.067924 0.088569 0.993751 0.131500 0.000000 0.000000 0.000000 1.000000
0.997048 0.007558 0.076411 0.000000 -0.000876 0.996198 -0.087111 10.181600 -0.076778 0.086787 0.993264 0.131500 0.000000 0.000000 0.000000 1.000000
0.996608 0.012100 0.081401 0.000000 -0.005291 0.996506 -0.083352 10.181600 -0.082125 0.082639 0.993190 0.131500 0.000000 0.000000 0.000000 1.000000
0.996557 0.017619 0.081013 0.000000 -0.011065 0.996681 -0.080651 10.181600 -0.082165 0.079477 0.993445 0.131500 0.000000 0.000000 0.000000 1.000000
0.996698 0.025330 0.077143 -0.000000 -0.019026 0.996501 -0.081389 10.181600 -0.078934 0.079652 0.993693 0.131500 0.000000 0.000000 0.000000 1.000000
0.996997 0.024796 0.073364 0.000000 -0.018806 0.996517 -0.081245 10.181600 -0.075123 0.079621 0.993990 0.131500 0.000000 0.000000 0.000000 1.000000
0.997325 0.022499 0.069539 -0.000000 -0.017011 0.996767 -0.078522 10.181600 -0.071081 0.077129 0.994484 0.131500 0.000000 0.000000 0.000000 1.000000
0.997311 0.024838 0.068955 0.000000 -0.019721 0.997070 -0.073914 10.181600 -0.070589 0.072356 0.994878 0.131500 0.000000 0.000000 0.000000 1.000000
0.996812 0.031139 0.073453 0.000000 -0.026166 0.997361 -0.067721 10.181600 -0.075368 0.065583 0.994997 0.131500 0.000000 0.000000 0.000000 1.000000
0.995986 0.044048 0.077914 0.000000 -0.039190 0.997255 -0.062818 10.181600 -0.080468 0.059512 0.994979 0.131500 0.000000 0.000000 0.000000 1.000000
0.995387 0.054028 0.079276 0.000000 -0.049218 0.996897 -0.061427 10.181600 -0.082349 0.057242 0.994958 0.131500 0.000000 0.000000 0.000000 1.000000
0.995101 0.061356 0.077517 0.000000 -0.056603 0.996464 -0.062091 10.181600 -0.081052 0.057399 0.995056 0.131500 0.000000 0.000000 0.000000 1.000000
0.994782 0.069110 0.075057 0.000000 -0.064601 0.996049 -0.060930 10.181600 -0.078971 0.055763 0.995316 0.131500 0.000000 0.000000 0.000000 1.000000
0.995040 0.072360 0.068257 0.000000 -0.068347 0.995891 -0.059405 10.181600 -0.072275 0.054445 0.995898 0.131500 0.000000 0.000000 0.000000 1.000000
0.996002 0.070063 0.055415 0.000000 -0.066604 0.995853 -0.061981 10.181600 -0.059528 0.058042 0.996538 0.131500 0.000000 0.000000 0.000000 1.000000
0.996930 0.067219 0.040162 0.000000 -0.064383 0.995595 -0.068160 10.181600 -0.044567 0.065365 0.996866 0.131500 0.000000 0.000000 0.000000 1.000000
0.997655 0.064690 0.022368 0.000000 -0.062847 0.995195 -0.075084 10.181600 -0.027118 0.073502 0.996926 0.131500 0.000000 0.000000 0.000000 1.000000
0.998199 0.059941 0.002406 0.000000 -0.059541 0.994828 -0.082299 10.181600 -0.007326 0.082007 0.996605 0.131500 0.000000 0.000000 0.000000 1.000000
0.998438 0.054473 -0.012425 0.000000 -0.055370 0.994431 -0.089669 10.181600 0.007471 0.090216 0.995894 0.131500 0.000000 0.000000 0.000000 1.000000
0.998515 0.050314 -0.020898 0.000000 -0.052081 0.994114 -0.094998 10.181600 0.015995 0.095945 0.995258 0.131500 0.000000 0.000000 0.000000 1.000000
0.998519 0.047243 -0.026967 0.000000 -0.049617 0.994193 -0.095487 10.181600 0.022299 0.096684 0.995065 0.131500 0.000000 0.000000 0.000000 1.000000
0.998451 0.045500 -0.032013 0.000000 -0.048223 0.994757 -0.090180 10.181600 0.027742 0.091585 0.995411 0.131500 0.000000 0.000000 0.000000 1.000000
0.998495 0.040639 -0.036825 0.000000 -0.043605 0.995539 -0.083674 10.181600 0.033260 0.085153 0.995813 0.131500 0.000000 0.000000 0.000000 1.000000
0.998517 0.035534 -0.041250 0.000000 -0.038762 0.996019 -0.080276 10.181600 0.038233 0.081756 0.995919 0.131500 0.000000 0.000000 0.000000 1.000000
0.998242 0.037588 -0.045834 -0.000000 -0.041120 0.996048 -0.078720 10.181600 0.042694 0.080466 0.995843 0.131500 0.000000 0.000000 0.000000 1.000000
0.998346 0.033301 -0.046862 0.000000 -0.036976 0.996120 -0.079857 10.181600 0.044021 0.081457 0.995704 0.131500 0.000000 0.000000 0.000000 1.000000
0.998418 0.026338 -0.049682 0.000000 -0.030068 0.996664 -0.075879 10.181600 0.047518 0.077252 0.995879 0.131500 0.000000 0.000000 0.000000 1.000000
0.998459 0.010738 -0.054443 0.000000 -0.014484 0.997519 -0.068888 10.181600 0.053569 0.069570 0.996138 0.131500 0.000000 0.000000 0.000000 1.000000
0.998646 -0.010298 -0.050987 0.000000 0.006854 0.997711 -0.067272 10.181600 0.051563 0.066832 0.996431 0.131500 0.000000 0.000000 0.000000 1.000000
0.998805 -0.028448 -0.039746 0.000000 0.025532 0.997074 -0.072053 10.181600 0.041680 0.070952 0.996609 0.131500 0.000000 0.000000 0.000000 1.000000
0.998351 -0.045024 -0.035621 0.000000 0.042118 0.996023 -0.078509 10.181600 0.039014 0.076879 0.996277 0.131500 0.000000 0.000000 0.000000 1.000000
0.998046 -0.053727 -0.031898 -0.000000 0.050954 0.995317 -0.082149 10.181600 0.036163 0.080363 0.996109 0.131500 0.000000 0.000000 0.000000 1.000000
0.998588 -0.050026 -0.017855 0.000000 0.048406 0.995468 -0.081859 10.181600 0.021869 0.080879 0.996484 0.131500 0.000000 0.000000 0.000000 1.000000
0.998900 -0.046857 -0.001605 0.000000 0.046568 0.995548 -0.081952 10.181600 0.005438 0.081788 0.996635 0.131500 0.000000 0.000000 0.000000 1.000000
0.998811 -0.047222 0.012149 0.000000 0.048067 0.995419 -0.082642 10.181600 -0.008191 0.083127 0.996505 0.131500 0.000000 0.000000 0.000000 1.000000
0.998871 -0.046070 0.011572 0.000000 0.046867 0.995521 -0.082106 10.181600 -0.007738 0.082556 0.996556 0.131500 0.000000 0.000000 0.000000 1.000000
0.998844 -0.046278 -0.013018 -0.000000 0.045069 0.995658 -0.081447 10.181600 0.016731 0.080766 0.996593 0.131500 0.000000 0.000000 0.000000 1.000000
0.997839 -0.049828 -0.042839 0.000000 0.046138 0.995466 -0.083179 10.181600 0.046790 0.081023 0.995613 0.131500 0.000000 0.000000 0.000000 1.000000
0.996625 -0.046199 -0.067850 0.000000 0.039829 0.994925 -0.092403 10.181600 0.071774 0.089389 0.993407 0.131500 0.000000 0.000000 0.000000 1.000000
0.995785 -0.035700 -0.084489 0.000000 0.026144 0.993406 -0.111627 10.181600 0.087917 0.108947 0.990152 0.131500 0.000000 0.000000 0.000000 1.000000
0.995558 -0.002144 -0.094123 -0.000000 -0.009445 0.992422 -0.122510 10.181600 0.093672 0.122855 0.987994 0.131500 0.000000 0.000000 0.000000 1.000000
0.990677 0.075876 -0.113141 0.000000 -0.087764 0.990688 -0.104089 10.181600 0.104190 0.113048 0.988112 0.131500 0.000000 0.000000 0.000000 1.000000
0.986625 0.099517 -0.129104 0.000000 -0.111039 0.990145 -0.085338 10.181600 0.119339 0.098532 0.987952 0.131500 0.000000 0.000000 0.000000 1.000000
0.989979 0.062108 -0.126824 0.000000 -0.073888 0.993161 -0.090396 10.181600 0.120342 0.098861 0.987798 0.131500 0.000000 0.000000 0.000000 1.000000
0.990610 0.050429 -0.127078 0.000000 -0.062820 0.993448 -0.095466 10.181600 0.121431 0.102553 0.987288 0.131500 0.000000 0.000000 0.000000 1.000000
0.985690 0.094194 -0.139796 0.000000 -0.106874 0.990534 -0.086139 10.181600 0.130359 0.099846 0.986426 0.131500 0.000000 0.000000 0.000000 1.000000
0.981648 0.130071 -0.139458 0.000000 -0.142609 0.986208 -0.083999 10.181600 0.126609 0.102346 0.986659 0.131500 0.000000 0.000000 0.000000 1.000000
0.987751 0.102529 -0.117627 0.000000 -0.114226 0.988666 -0.097424 10.181600 0.106305 0.109666 0.988267 0.131500 0.000000 0.000000 0.000000 1.000000
0.993478 0.063411 -0.094766 0.000000 -0.073088 0.992054 -0.102402 10.181600 0.087519 0.108660 0.990219 0.131500 0.000000 0.000000 0.000000 1.000000
0.996206 0.045738 -0.074033 0.000000 -0.052624 0.994190 -0.093903 10.181600 0.069308 0.097443 0.992825 0.131500 0.000000 0.000000 0.000000 1.000000
0.997691 0.039928 -0.054949 0.000000 -0.043998 0.996214 -0.074974 10.181600 0.051747 0.077219 0.995670 0.131500 0.000000 0.000000 0.000000 1.000000
0.999040 0.025373 -0.035717 -0.000000 -0.027334 0.998082 -0.055538 10.181600 0.034240 0.056461 0.997817 0.131500 0.000000 0.000000 0.000000 1.000000
0.999639 0.013183 -0.023410 0.000000 -0.014144 0.999044 -0.041362 10.181600 0.022842 0.041678 0.998870 0.131500 0.000000 0.000000 0.000000 1.000000
0.999853 0.002955 -0.016895 0.000000 -0.003398 0.999649 -0.026276 10.181600 0.016811 0.026329 0.999512 0.131500 0.000000 0.000000 0.000000 1.000000
0.999955 0.001584 -0.009327 -0.000000 -0.001693 0.999931 -0.011639 10.181600 0.009308 0.011654 0.999889 0.131500 0.000000 0.000000 0.000000 1.000000
0.999893 0.014649 -0.000552 -0.000000 -0.014652 0.999876 -0.005791 10.181600 0.000467 0.005799 0.999983 0.131500 0.000000 0.000000 0.000000 1.000000
0.999387 0.033902 0.008738 0.000000 -0.033826 0.999390 -0.008683 10.181600 -0.009027 0.008382 0.999924 0.131500 0.000000 0.000000 0.000000 1.000000
0.999046 0.037899 0.021707 0.000000 -0.037521 0.999141 -0.017589 10.181600 -0.022355 0.016758 0.999610 0.131500 0.000000 0.000000 0.000000 1.000000
0.998651 0.027746 0.043892 0.000000 -0.026120 0.998967 -0.037182 10.181600 -0.044879 0.035986 0.998344 0.131500 0.000000 0.000000 0.000000 1.000000
0.996894 0.030110 0.072771 0.000000 -0.025075 0.997292 -0.069130 10.181600 -0.074656 0.067091 0.994950 0.131500 0.000000 0.000000 0.000000 1.000000
0.994862 0.022542 0.098700 0.000000 -0.012911 0.995185 -0.097157 10.181600 -0.100415 0.095384 0.990363 0.131500 0.000000 0.000000 0.000000 1.000000
0.992960 0.035739 0.112931 0.000000 -0.021322 0.991752 -0.126384 10.181600 -0.116516 0.123087 0.985532 0.131500 0.000000 0.000000 0.000000 1.000000
0.993083 0.065068 0.097739 0.000000 -0.048261 0.985042 -0.165421 10.181600 -0.107041 0.159560 0.981368 0.131500 0.000000 0.000000 0.000000 1.000000
0.994970 0.065526 0.075775 0.000000 -0.048951 0.977969 -0.202929 10.181600 -0.087403 0.198199 0.976257 0.131500 0.000000 0.000000 0.000000 1.000000
0.995915 0.064754 0.062930 0.000000 -0.048185 0.970533 -0.236103 10.181600 -0.076364 0.232107 0.969688 0.131500 0.000000 0.000000 0.000000 1.000000
0.996184 0.074243 0.045895 0.000000 -0.059682 0.963085 -0.262498 10.181600 -0.063689 0.258757 0.963840 0.131500 0.000000 0.000000 0.000000 1.000000
0.996968 0.074197 0.023463 0.000000 -0.065063 0.960167 -0.271746 10.181600 -0.042691 0.269395 0.962083 0.131500 0.000000 0.000000 0.000000 1.000000
0.997760 0.066194 0.009698 0.000000 -0.061114 0.960808 -0.270393 10.181600 -0.027216 0.269194 0.962701 0.131500 0.000000 0.000000 0.000000 1.000000
0.998101 0.061374 0.005286 0.000000 -0.057684 0.961299 -0.269401 10.181600 -0.021616 0.268585 0.963013 0.131500 0.000000 0.000000 0.000000 1.000000
0.998372 0.056982 0.002617 0.000000 -0.054145 0.961115 -0.270788 10.181600 -0.017945 0.270205 0.962636 0.131500 0.000000 0.000000 0.000000 1.000000
0.998949 0.045825 0.000221 0.000000 -0.044105 0.962739 -0.266812 10.181600 -0.012440 0.266522 0.963749 0.131500 0.000000 0.000000 0.000000 1.000000
0.999469 0.032592 -0.000567 0.000000 -0.031659 0.966438 -0.254940 10.181600 -0.007761 0.254823 0.966957 0.131500 0.000000 0.000000 0.000000 1.000000
0.999737 0.022939 0.000144 0.000000 -0.022235 0.970562 -0.239823 10.181600 -0.005641 0.239756 0.970817 0.131500 0.000000 0.000000 0.000000 1.000000
0.999838 0.017704 0.003129 0.000000 -0.016555 0.974507 -0.223744 10.181600 -0.007011 0.223656 0.974643 0.131500 0.000000 0.000000 0.000000 1.000000
0.999882 0.013325 0.007608 0.000000 -0.011469 0.978417 -0.206319 10.181600 -0.010193 0.206208 0.978455 0.131500 0.000000 0.000000 0.000000 1.000000
0.999924 0.005594 0.010997 0.000000 -0.003416 0.981991 -0.188895 10.181600 -0.011855 0.188843 0.981936 0.131500 0.000000 0.000000 0.000000 1.000000
0.999898 -0.001251 0.014236 0.000000 0.003667 0.985273 -0.170951 10.181600 -0.013813 0.170986 0.985177 0.131500 0.000000 0.000000 0.000000 1.000000
0.999821 -0.007060 0.017556 0.000000 0.009673 0.988096 -0.153537 10.181600 -0.016263 0.153679 0.987987 0.131500 0.000000 0.000000 0.000000 1.000000
0.999697 -0.014266 0.020083 0.000000 0.016899 0.990324 -0.137741 10.181600 -0.017923 0.138039 0.990265 0.131500 0.000000 0.000000 0.000000 1.000000
0.999488 -0.021394 0.023805 0.000000 0.024199 0.991918 -0.124555 10.181600 -0.020948 0.125067 0.991927 0.131500 0.000000 0.000000 0.000000 1.000000
0.999221 -0.027643 0.028178 0.000000 0.030684 0.993015 -0.113925 10.181600 -0.024832 0.114701 0.993090 0.131500 0.000000 0.000000 0.000000 1.000000
0.998946 -0.033266 0.031638 0.000000 0.036350 0.994069 -0.102497 10.181600 -0.028041 0.103539 0.994230 0.131500 0.000000 0.000000 0.000000 1.000000
0.998828 -0.035515 0.032883 0.000000 0.038348 0.995208 -0.089949 10.181600 -0.029531 0.091105 0.995403 0.131500 0.000000 0.000000 0.000000 1.000000
0.998839 -0.037356 0.030417 -0.000000 0.039608 0.996232 -0.077150 10.181600 -0.027421 0.078265 0.996555 0.131500 0.000000 0.000000 0.000000 1.000000
0.998707 -0.044209 0.025108 0.000000 0.045767 0.996818 -0.065268 10.181600 -0.022143 0.066333 0.997552 0.131500 0.000000 0.000000 0.000000 1.000000
0.998469 -0.051974 0.018909 -0.000000 0.052989 0.996915 -0.057900 10.181600 -0.015842 0.058813 0.998143 0.131500 0.000000 0.000000 0.000000 1.000000
0.998283 -0.056030 0.017060 0.000000 0.056887 0.996876 -0.054784 10.181600 -0.013937 0.055661 0.998352 0.131500 0.000000 0.000000 0.000000 1.000000
0.998124 -0.056926 0.022530 0.000000 0.058039 0.996944 -0.052290 10.181600 -0.019484 0.053500 0.998378 0.131500 0.000000 0.000000 0.000000 1.000000
0.997884 -0.058123 0.029136 0.000000 0.059508 0.997016 -0.049172 10.181600 -0.026191 0.050802 0.998365 0.131500 0.000000 0.000000 0.000000 1.000000
0.997707 -0.060013 0.031302 0.000000 0.061441 0.997010 -0.046854 10.181600 -0.028397 0.048670 0.998411 0.131500 0.000000 0.000000 0.000000 1.000000
