<?xml version="1.0" encoding="utf-8"?>
<COLLADA xmlns="http://www.collada.org/2005/11/COLLADASchema" version="1.4.1">
  <asset><contributor><author>Mixamo</author><authoring_tool>COLLADA Mixamo exporter</authoring_tool><comments></comments></contributor><created>2020-06-16T18:03:00Z</created><modified>2020-06-16T18:03:00Z</modified><revision></revision><title></title><unit meter="0.010000"/><up_axis>Y_UP</up_axis></asset>
  <library_animations>
    <animation id="Hips-anim" name="Hips"><source id="Hips-Matrix-animation-input"><float_array id="Hips-Matrix-animation-input-array" count="251">

0.000000 0.033333 0.066667 0.100000 0.133333 0.166667 0.200000 0.233333 0.266667 0.300000 0.333333 0.366667 0.400000 0.433333 0.466667 0.500000
0.533333 0.566667 0.600000 0.633333 0.666667 0.700000 0.733333 0.766667 0.800000 0.833333 0.866667 0.900000 0.933333 0.966667 1.000000 1.033333
1.066667 1.100000 1.133333 1.166667 1.200000 1.233333 1.266667 1.300000 1.333333 1.366667 1.400000 1.433333 1.466667 1.500000 1.533333 1.566667
1.600000 1.633333 1.666667 1.700000 1.733333 1.766667 1.800000 1.833333 1.866667 1.900000 1.933333 1.966667 2.000000 2.033333 2.066667 2.100000
2.133333 2.166667 2.200000 2.233333 2.266667 2.300000 2.333333 2.366667 2.400000 2.433333 2.466667 2.500000 2.533333 2.566667 2.600000 2.633333
2.666667 2.700000 2.733333 2.766667 2.800000 2.833333 2.866667 2.900000 2.933333 2.966667 3.000000 3.033333 3.066667 3.100000 3.133333 3.166667
3.200000 3.233333 3.266667 3.300000 3.333333 3.366667 3.400000 3.433333 3.466667 3.500000 3.533333 3.566667 3.600000 3.633333 3.666667 3.700000
3.733333 3.766667 3.800000 3.833333 3.866667 3.900000 3.933333 3.966667 4.000000 4.033333 4.066667 4.100000 4.133333 4.166667 4.200000 4.233333
4.266667 4.300000 4.333333 4.366667 4.400000 4.433333 4.466667 4.500000 4.533333 4.566667 4.600000 4.633333 4.666667 4.700000 4.733333 4.766667
4.800000 4.833333 4.866667 4.900000 4.933333 4.966667 5.000000 5.033333 5.066667 5.100000 5.133333 5.166667 5.200000 5.233333 5.266667 5.300000
5.333333 5.366667 5.400000 5.433333 5.466667 5.500000 5.533333 5.566667 5.600000 5.633333 5.666667 5.700000 5.733333 5.766667 5.800000 5.833333
5.866667 5.900000 5.933333 5.966667 6.000000 6.033333 6.066667 6.100000 6.133333 6.166667 6.200000 6.233333 6.266667 6.300000 6.333333 6.366667
6.400000 6.433333 6.466667 6.500000 6.533333 6.566667 6.600000 6.633333 6.666667 6.700000 6.733333 6.766667 6.800000 6.833333 6.866667 6.900000
6.933333 6.966667 7.000000 7.033333 7.066667 7.100000 7.133333 7.166667 7.200000 7.233333 7.266667 7.300000 7.333333 7.366667 7.400000 7.433333
7.466667 7.500000 7.533333 7.566667 7.600000 7.633333 7.666667 7.700000 7.733333 7.766667 7.800000 7.833333 7.866667 7.900000 7.933333 7.966667
8.000000 8.033333 8.066667 8.100000 8.133333 8.166667 8.200000 8.233333 8.266667 8.300000 8.333333</float_array><technique_common><accessor source="#Hips-Matrix-animation-input-array" count="251"><param name="TIME" type="float"/></accessor></technique_common></source><source id="Hips-Matrix-animation-output-transform"><float_array id="Hips-Matrix-animation-output-transform-array" count="4016">

0.995318 0.092652 0.027509 -0.117634 -0.093109 0.995530 0.015806 36.062946 -0.025922 -0.018293 0.999497 -0.009100 0.000000 0.000000 0.000000 1.000000
0.995307 0.092750 0.027579 -0.113349 -0.093205 0.995523 0.015684 36.063892 -0.026001 -0.018181 0.999497 0.001303 0.000000 0.000000 0.000000 1.000000
0.995291 0.092870 0.027748 -0.109208 -0.093326 0.995513 0.015596 36.065372 -0.026175 -0.018113 0.999493 0.011881 0.000000 0.000000 0.000000 1.000000
0.995272 0.093005 0.027984 -0.105104 -0.093463 0.995502 0.015522 36.067005 -0.026415 -0.018064 0.999488 0.022429 0.000000 0.000000 0.000000 1.000000
0.995253 0.093146 0.028212 -0.100863 -0.093605 0.995490 0.015440 36.068283 -0.026647 -0.018008 0.999483 0.032639 0.000000 0.000000 0.000000 1.000000
0.995236 0.093286 0.028354 -0.096429 -0.093746 0.995478 0.015349 36.068974 -0.026794 -0.017934 0.999480 0.042255 0.000000 0.000000 0.000000 1.000000
0.995220 0.093441 0.028393 -0.091791 -0.093900 0.995465 0.015268 36.069374 -0.026838 -0.017861 0.999480 0.051253 0.000000 0.000000 0.000000 1.000000
0.995203 0.093626 0.028370 -0.087012 -0.094083 0.995448 0.015216 36.069801 -0.026816 -0.017812 0.999482 0.059762 0.000000 0.000000 0.000000 1.000000
0.995183 0.093846 0.028337 -0.082086 -0.094301 0.995428 0.015183 36.070229 -0.026782 -0.017782 0.999483 0.067885 0.000000 0.000000 0.000000 1.000000
0.995160 0.094095 0.028338 -0.077015 -0.094549 0.995405 0.015141 36.070263 -0.026783 -0.017747 0.999484 0.075553 0.000000 0.000000 0.000000 1.000000
0.995132 0.094374 0.028398 -0.071748 -0.094827 0.995380 0.015061 36.069649 -0.026845 -0.017681 0.999483 0.082565 0.000000 0.000000 0.000000 1.000000
0.995099 0.094687 0.028494 -0.066343 -0.095139 0.995352 0.014921 36.068703 -0.026949 -0.017559 0.999483 0.088741 0.000000 0.000000 0.000000 1.000000
0.995066 0.095019 0.028543 -0.061006 -0.095465 0.995324 0.014695 36.068035 -0.027013 -0.017348 0.999485 0.094019 0.000000 0.000000 0.000000 1.000000
0.995040 0.095322 0.028458 -0.056006 -0.095758 0.995301 0.014368 36.068222 -0.026955 -0.017022 0.999492 0.098449 0.000000 0.000000 0.000000 1.000000
0.995024 0.095546 0.028252 -0.051496 -0.095968 0.995287 0.013951 36.069427 -0.026786 -0.016593 0.999503 0.102134 0.000000 0.000000 0.000000 1.000000
0.995018 0.095669 0.028052 -0.047248 -0.096074 0.995283 0.013480 36.071598 -0.026630 -0.016108 0.999516 0.105230 0.000000 0.000000 0.000000 1.000000
0.995018 0.095687 0.027997 -0.042743 -0.096079 0.995289 0.012993 36.074585 -0.026621 -0.015619 0.999524 0.107988 0.000000 0.000000 0.000000 1.000000
0.995020 0.095627 0.028119 -0.037568 -0.096008 0.995302 0.012512 36.077930 -0.026791 -0.015149 0.999526 0.110751 0.000000 0.000000 0.000000 1.000000
0.995022 0.095541 0.028340 -0.031829 -0.095913 0.995317 0.012052 36.080845 -0.027056 -0.014710 0.999526 0.113803 0.000000 0.000000 0.000000 1.000000
0.995021 0.095488 0.028553 -0.025958 -0.095852 0.995328 0.011636 36.082520 -0.027309 -0.014314 0.999525 0.117200 0.000000 0.000000 0.000000 1.000000
0.995015 0.095501 0.028707 -0.020365 -0.095857 0.995331 0.011284 36.082897 -0.027495 -0.013980 0.999524 0.120762 0.000000 0.000000 0.000000 1.000000
0.995006 0.095569 0.028806 -0.015183 -0.095919 0.995328 0.011006 36.082764 -0.027620 -0.013714 0.999524 0.124259 0.000000 0.000000 0.000000 1.000000
0.994996 0.095660 0.028856 -0.010333 -0.096004 0.995322 0.010795 36.083256 -0.027688 -0.013511 0.999525 0.127506 0.000000 0.000000 0.000000 1.000000
0.994989 0.095739 0.028815 -0.005677 -0.096079 0.995317 0.010642 36.084881 -0.027661 -0.013357 0.999528 0.130267 0.000000 0.000000 0.000000 1.000000
0.994990 0.095792 0.028616 -0.001096 -0.096126 0.995313 0.010526 36.087284 -0.027473 -0.013224 0.999535 0.132141 0.000000 0.000000 0.000000 1.000000
0.994997 0.095828 0.028230 0.003564 -0.096154 0.995312 0.010407 36.089546 -0.027100 -0.013070 0.999547 0.132645 0.000000 0.000000 0.000000 1.000000
0.995007 0.095879 0.027710 0.008404 -0.096193 0.995310 0.010245 36.090782 -0.026597 -0.012860 0.999564 0.131473 0.000000 0.000000 0.000000 1.000000
0.995012 0.095987 0.027152 0.013404 -0.096289 0.995303 0.010042 36.090687 -0.026061 -0.012606 0.999581 0.128703 0.000000 0.000000 0.000000 1.000000
0.995008 0.096175 0.026628 0.018551 -0.096466 0.995288 0.009856 36.089554 -0.025555 -0.012376 0.999597 0.124761 0.000000 0.000000 0.000000 1.000000
0.994997 0.096420 0.026145 0.023887 -0.096702 0.995265 0.009762 36.088131 -0.025080 -0.012241 0.999610 0.120244 0.000000 0.000000 0.000000 1.000000
0.994985 0.096672 0.025671 0.029534 -0.096950 0.995241 0.009786 36.087032 -0.024603 -0.012226 0.999623 0.115737 0.000000 0.000000 0.000000 1.000000
0.994975 0.096899 0.025185 0.035619 -0.097174 0.995218 0.009900 36.086426 -0.024106 -0.012297 0.999634 0.111673 0.000000 0.000000 0.000000 1.000000
0.994967 0.097103 0.024718 0.042139 -0.097375 0.995197 0.010053 36.086182 -0.023623 -0.012410 0.999644 0.108220 0.000000 0.000000 0.000000 1.000000
0.994957 0.097298 0.024346 0.048963 -0.097569 0.995176 0.010210 36.085960 -0.023235 -0.012534 0.999651 0.105234 0.000000 0.000000 0.000000 1.000000
0.994943 0.097489 0.024161 0.055946 -0.097762 0.995156 0.010344 36.085461 -0.023035 -0.012654 0.999655 0.102395 0.000000 0.000000 0.000000 1.000000
0.994924 0.097676 0.024210 0.063128 -0.097951 0.995136 0.010446 36.084675 -0.023071 -0.012764 0.999652 0.099536 0.000000 0.000000 0.000000 1.000000
0.994900 0.097855 0.024459 0.070485 -0.098136 0.995117 0.010539 36.083969 -0.023308 -0.012886 0.999645 0.096900 0.000000 0.000000 0.000000 1.000000
0.994874 0.098032 0.024807 0.077927 -0.098320 0.995098 0.010679 36.083824 -0.023638 -0.013063 0.999635 0.095021 0.000000 0.000000 0.000000 1.000000
0.994849 0.098200 0.025131 0.085416 -0.098499 0.995077 0.010909 36.084236 -0.023936 -0.013328 0.999625 0.094265 0.000000 0.000000 0.000000 1.000000
0.994829 0.098351 0.025337 0.092976 -0.098659 0.995058 0.011213 36.084698 -0.024109 -0.013655 0.999616 0.094468 0.000000 0.000000 0.000000 1.000000
0.994814 0.098487 0.025397 0.100537 -0.098804 0.995040 0.011527 36.084698 -0.024136 -0.013976 0.999611 0.095056 0.000000 0.000000 0.000000 1.000000
0.994802 0.098623 0.025361 0.107616 -0.098946 0.995023 0.011793 36.084217 -0.024071 -0.014241 0.999609 0.095529 0.000000 0.000000 0.000000 1.000000
0.994787 0.098775 0.025335 0.113575 -0.099102 0.995005 0.012013 36.083874 -0.024022 -0.014461 0.999607 0.095898 0.000000 0.000000 0.000000 1.000000
0.994769 0.098937 0.025417 0.117876 -0.099271 0.994985 0.012240 36.084137 -0.024079 -0.014699 0.999602 0.096652 0.000000 0.000000 0.000000 1.000000
0.994749 0.099087 0.025635 0.120515 -0.099431 0.994966 0.012525 36.085098 -0.024265 -0.015008 0.999593 0.098312 0.000000 0.000000 0.000000 1.000000
0.994729 0.099200 0.025942 0.121917 -0.099557 0.994949 0.012870 36.086315 -0.024534 -0.015385 0.999581 0.101020 0.000000 0.000000 0.000000 1.000000
0.994713 0.099281 0.026266 0.122547 -0.099652 0.994934 0.013228 36.087238 -0.024820 -0.015775 0.999567 0.104569 0.000000 0.000000 0.000000 1.000000
0.994697 0.099363 0.026564 0.122599 -0.099747 0.994920 0.013556 36.087440 -0.025082 -0.016134 0.999555 0.108792 0.000000 0.000000 0.000000 1.000000
0.994678 0.099477 0.026831 0.122017 -0.099873 0.994904 0.013860 36.086872 -0.025316 -0.016466 0.999544 0.113770 0.000000 0.000000 0.000000 1.000000
0.994658 0.099613 0.027079 0.120831 -0.100021 0.994884 0.014167 36.085915 -0.025529 -0.016800 0.999533 0.119591 0.000000 0.000000 0.000000 1.000000
0.994642 0.099712 0.027310 0.119443 -0.100132 0.994869 0.014487 36.085224 -0.025726 -0.017144 0.999522 0.126022 0.000000 0.000000 0.000000 1.000000
0.994636 0.099714 0.027501 0.118385 -0.100146 0.994863 0.014788 36.085384 -0.025885 -0.017463 0.999512 0.132562 0.000000 0.000000 0.000000 1.000000
0.994643 0.099611 0.027611 0.117954 -0.100051 0.994869 0.015035 36.086430 -0.025972 -0.017717 0.999506 0.138772 0.000000 0.000000 0.000000 1.000000
0.994659 0.099449 0.027617 0.117948 -0.099894 0.994882 0.015224 36.087681 -0.025961 -0.017901 0.999503 0.144430 0.000000 0.000000 0.000000 1.000000
0.994675 0.099319 0.027534 0.117834 -0.099766 0.994892 0.015382 36.088181 -0.025866 -0.018047 0.999503 0.149435 0.000000 0.000000 0.000000 1.000000
0.994681 0.099290 0.027420 0.117197 -0.099739 0.994892 0.015541 36.087444 -0.025737 -0.018194 0.999503 0.153737 0.000000 0.000000 0.000000 1.000000
0.994677 0.099356 0.027326 0.116109 -0.099808 0.994883 0.015708 36.086033 -0.025626 -0.018352 0.999503 0.157427 0.000000 0.000000 0.000000 1.000000
0.994673 0.099417 0.027250 0.115097 -0.099872 0.994874 0.015859 36.085083 -0.025534 -0.018496 0.999503 0.160738 0.000000 0.000000 0.000000 1.000000
0.994682 0.099353 0.027132 0.114647 -0.099808 0.994879 0.015958 36.085552 -0.025407 -0.018581 0.999504 0.163894 0.000000 0.000000 0.000000 1.000000
0.994710 0.099130 0.026916 0.114846 -0.099581 0.994901 0.015985 36.087334 -0.025195 -0.018581 0.999510 0.166960 0.000000 0.000000 0.000000 1.000000
0.994748 0.098831 0.026621 0.115257 -0.099276 0.994932 0.015943 36.089451 -0.024910 -0.018503 0.999518 0.169884 0.000000 0.000000 0.000000 1.000000
0.994781 0.098574 0.026338 0.115370 -0.099011 0.994960 0.015851 36.091022 -0.024643 -0.018376 0.999527 0.172656 0.000000 0.000000 0.000000 1.000000
0.994802 0.098405 0.026172 0.114897 -0.098836 0.994979 0.015723 36.091923 -0.024494 -0.018228 0.999534 0.175420 0.000000 0.000000 0.000000 1.000000
0.994814 0.098289 0.026170 0.113836 -0.098716 0.994994 0.015570 36.092636 -0.024509 -0.018073 0.999536 0.178423 0.000000 0.000000 0.000000 1.000000
0.994822 0.098168 0.026308 0.112254 -0.098594 0.995009 0.015404 36.093719 -0.024664 -0.017918 0.999535 0.181883 0.000000 0.000000 0.000000 1.000000
0.994832 0.098015 0.026518 0.110221 -0.098441 0.995026 0.015243 36.095249 -0.024892 -0.017774 0.999532 0.185860 0.000000 0.000000 0.000000 1.000000
0.994844 0.097832 0.026729 0.107887 -0.098258 0.995046 0.015100 36.097000 -0.025120 -0.017648 0.999529 0.190264 0.000000 0.000000 0.000000 1.000000
0.994859 0.097630 0.026890 0.105518 -0.098056 0.995068 0.014977 36.098782 -0.025295 -0.017536 0.999526 0.194905 0.000000 0.000000 0.000000 1.000000
0.994879 0.097411 0.026977 0.103444 -0.097835 0.995092 0.014860 36.100349 -0.025397 -0.017423 0.999526 0.199514 0.000000 0.000000 0.000000 1.000000
0.994901 0.097182 0.026988 0.101758 -0.097603 0.995116 0.014738 36.101528 -0.025424 -0.017297 0.999527 0.203765 0.000000 0.000000 0.000000 1.000000
0.994924 0.096959 0.026922 0.100191 -0.097375 0.995140 0.014615 36.102325 -0.025374 -0.017163 0.999531 0.207347 0.000000 0.000000 0.000000 1.000000
0.994948 0.096750 0.026775 0.098302 -0.097162 0.995163 0.014505 36.102982 -0.025242 -0.017033 0.999536 0.210048 0.000000 0.000000 0.000000 1.000000
0.994974 0.096552 0.026541 0.095832 -0.096956 0.995184 0.014403 36.103783 -0.025022 -0.016904 0.999544 0.211781 0.000000 0.000000 0.000000 1.000000
0.995002 0.096353 0.026226 0.092898 -0.096749 0.995206 0.014288 36.104744 -0.024723 -0.016754 0.999554 0.212479 0.000000 0.000000 0.000000 1.000000
0.995029 0.096167 0.025853 0.089737 -0.096553 0.995227 0.014143 36.105461 -0.024370 -0.016569 0.999566 0.212032 0.000000 0.000000 0.000000 1.000000
0.995053 0.096026 0.025449 0.086443 -0.096402 0.995244 0.013977 36.105583 -0.023986 -0.016362 0.999578 0.210350 0.000000 0.000000 0.000000 1.000000
0.995072 0.095947 0.025028 0.083038 -0.096312 0.995255 0.013819 36.105259 -0.023584 -0.016161 0.999591 0.207507 0.000000 0.000000 0.000000 1.000000
0.995087 0.095901 0.024583 0.079715 -0.096256 0.995263 0.013680 36.104820 -0.023155 -0.015979 0.999604 0.203799 0.000000 0.000000 0.000000 1.000000
0.995105 0.095834 0.024103 0.076817 -0.096178 0.995272 0.013549 36.104374 -0.022690 -0.015801 0.999618 0.199659 0.000000 0.000000 0.000000 1.000000
0.995128 0.095720 0.023610 0.074565 -0.096053 0.995286 0.013414 36.103844 -0.022215 -0.015617 0.999631 0.195475 0.000000 0.000000 0.000000 1.000000
0.995153 0.095570 0.023176 0.072811 -0.095894 0.995303 0.013294 36.103043 -0.021796 -0.015452 0.999643 0.191505 0.000000 0.000000 0.000000 1.000000
0.995174 0.095416 0.022884 0.071138 -0.095734 0.995319 0.013233 36.102322 -0.021514 -0.015360 0.999651 0.187959 0.000000 0.000000 0.000000 1.000000
0.995191 0.095269 0.022778 0.069141 -0.095587 0.995333 0.013270 36.102184 -0.021407 -0.015383 0.999652 0.185045 0.000000 0.000000 0.000000 1.000000
0.995203 0.095129 0.022841 0.066684 -0.095450 0.995344 0.013401 36.102764 -0.021460 -0.015517 0.999649 0.182861 0.000000 0.000000 0.000000 1.000000
0.995213 0.094981 0.023020 0.063943 -0.095309 0.995355 0.013575 36.103653 -0.021623 -0.015704 0.999643 0.181217 0.000000 0.000000 0.000000 1.000000
0.995223 0.094822 0.023253 0.061206 -0.095157 0.995368 0.013732 36.104172 -0.021844 -0.015880 0.999635 0.179682 0.000000 0.000000 0.000000 1.000000
0.995231 0.094672 0.023491 0.058558 -0.095013 0.995380 0.013852 36.103794 -0.022071 -0.016018 0.999628 0.177839 0.000000 0.000000 0.000000 1.000000
0.995236 0.094572 0.023700 0.055776 -0.094919 0.995387 0.013963 36.102509 -0.022270 -0.016147 0.999622 0.175499 0.000000 0.000000 0.000000 1.000000
0.995233 0.094561 0.023870 0.052474 -0.094914 0.995385 0.014111 36.100464 -0.022426 -0.016309 0.999615 0.172702 0.000000 0.000000 0.000000 1.000000
0.995222 0.094643 0.024010 0.048326 -0.095003 0.995374 0.014311 36.097904 -0.022545 -0.016524 0.999609 0.169651 0.000000 0.000000 0.000000 1.000000
0.995205 0.094784 0.024125 0.043214 -0.095151 0.995357 0.014537 36.094936 -0.022635 -0.016763 0.999603 0.166688 0.000000 0.000000 0.000000 1.000000
0.995189 0.094934 0.024202 0.037223 -0.095307 0.995339 0.014746 36.091782 -0.022690 -0.016982 0.999598 0.164308 0.000000 0.000000 0.000000 1.000000
0.995178 0.095047 0.024224 0.030448 -0.095424 0.995325 0.014921 36.088863 -0.022693 -0.017160 0.999595 0.162979 0.000000 0.000000 0.000000 1.000000
0.995174 0.095096 0.024197 0.022970 -0.095477 0.995318 0.015073 36.086781 -0.022650 -0.017310 0.999594 0.162840 0.000000 0.000000 0.000000 1.000000
0.995178 0.095066 0.024155 0.014888 -0.095448 0.995318 0.015211 36.085903 -0.022596 -0.017443 0.999592 0.163518 0.000000 0.000000 0.000000 1.000000
0.995188 0.094962 0.024144 0.006517 -0.095347 0.995326 0.015314 36.086090 -0.022577 -0.017542 0.999591 0.164345 0.000000 0.000000 0.000000 1.000000
0.995202 0.094810 0.024172 -0.001732 -0.095195 0.995340 0.015342 36.086681 -0.022605 -0.017569 0.999590 0.164804 0.000000 0.000000 0.000000 1.000000
0.995217 0.094642 0.024202 -0.009527 -0.095027 0.995357 0.015282 36.087078 -0.022643 -0.017509 0.999590 0.164803 0.000000 0.000000 0.000000 1.000000
0.995233 0.094482 0.024188 -0.016852 -0.094864 0.995375 0.015171 36.086998 -0.022643 -0.017393 0.999592 0.164515 0.000000 0.000000 0.000000 1.000000
0.995248 0.094341 0.024129 -0.023836 -0.094719 0.995390 0.015063 36.086494 -0.022596 -0.017277 0.999595 0.164044 0.000000 0.000000 0.000000 1.000000
0.995259 0.094226 0.024089 -0.030608 -0.094602 0.995402 0.014985 36.085712 -0.022566 -0.017193 0.999597 0.163301 0.000000 0.000000 0.000000 1.000000
0.995266 0.094142 0.024157 -0.037062 -0.094518 0.995411 0.014922 36.084679 -0.022642 -0.017135 0.999597 0.162154 0.000000 0.000000 0.000000 1.000000
0.995267 0.094075 0.024355 -0.042918 -0.094452 0.995419 0.014841 36.083427 -0.022848 -0.017071 0.999593 0.160596 0.000000 0.000000 0.000000 1.000000
0.995268 0.094001 0.024590 -0.047993 -0.094380 0.995427 0.014730 36.082218 -0.023093 -0.016982 0.999589 0.158754 0.000000 0.000000 0.000000 1.000000
0.995275 0.093899 0.024712 -0.052305 -0.094277 0.995439 0.014599 36.081440 -0.023229 -0.016860 0.999588 0.156697 0.000000 0.000000 0.000000 1.000000
0.995289 0.093762 0.024654 -0.055963 -0.094135 0.995455 0.014447 36.081188 -0.023187 -0.016699 0.999592 0.154276 0.000000 0.000000 0.000000 1.000000
0.995308 0.093606 0.024491 -0.059004 -0.093972 0.995473 0.014254 36.081249 -0.023046 -0.016489 0.999598 0.151257 0.000000 0.000000 0.000000 1.000000
0.995324 0.093468 0.024369 -0.061433 -0.093827 0.995490 0.014008 36.081284 -0.022949 -0.016229 0.999605 0.147610 0.000000 0.000000 0.000000 1.000000
0.995332 0.093389 0.024356 -0.063372 -0.093741 0.995502 0.013731 36.081020 -0.022964 -0.015951 0.999609 0.143628 0.000000 0.000000 0.000000 1.000000
0.995330 0.093395 0.024398 -0.065049 -0.093742 0.995505 0.013467 36.080376 -0.023031 -0.015692 0.999612 0.139715 0.000000 0.000000 0.000000 1.000000
0.995323 0.093473 0.024382 -0.066527 -0.093814 0.995502 0.013239 36.079384 -0.023035 -0.015464 0.999615 0.136044 0.000000 0.000000 0.000000 1.000000
0.995318 0.093569 0.024241 -0.067490 -0.093903 0.995496 0.013029 36.078354 -0.022913 -0.015244 0.999621 0.132554 0.000000 0.000000 0.000000 1.000000
0.995319 0.093622 0.023988 -0.067646 -0.093947 0.995495 0.012808 36.077747 -0.022681 -0.015002 0.999630 0.129198 0.000000 0.000000 0.000000 1.000000
0.995326 0.093615 0.023701 -0.066959 -0.093931 0.995499 0.012573 36.077946 -0.022417 -0.014741 0.999640 0.126117 0.000000 0.000000 0.000000 1.000000
0.995334 0.093588 0.023476 -0.065668 -0.093895 0.995506 0.012346 36.078766 -0.022215 -0.014492 0.999648 0.123494 0.000000 0.000000 0.000000 1.000000
0.995335 0.093596 0.023400 -0.064030 -0.093898 0.995508 0.012146 36.079632 -0.022158 -0.014286 0.999652 0.121359 0.000000 0.000000 0.000000 1.000000
0.995328 0.093652 0.023502 -0.062051 -0.093951 0.995505 0.011968 36.080070 -0.022276 -0.014120 0.999652 0.119562 0.000000 0.000000 0.000000 1.000000
0.995316 0.093711 0.023744 -0.059634 -0.094010 0.995501 0.011797 36.080055 -0.022531 -0.013974 0.999648 0.117948 0.000000 0.000000 0.000000 1.000000
0.995308 0.093724 0.024031 -0.056798 -0.094023 0.995502 0.011634 36.079880 -0.022833 -0.013839 0.999644 0.116530 0.000000 0.000000 0.000000 1.000000
0.995306 0.093689 0.024276 -0.053765 -0.093988 0.995507 0.011503 36.079735 -0.023089 -0.013731 0.999639 0.115495 0.000000 0.000000 0.000000 1.000000
0.995305 0.093654 0.024429 -0.050830 -0.093954 0.995511 0.011432 36.079620 -0.023249 -0.013674 0.999636 0.115066 0.000000 0.000000 0.000000 1.000000
0.995304 0.093656 0.024484 -0.048252 -0.093957 0.995511 0.011426 36.079575 -0.023304 -0.013673 0.999635 0.115311 0.000000 0.000000 0.000000 1.000000
0.995301 0.093682 0.024467 -0.045964 -0.093984 0.995508 0.011461 36.079788 -0.023283 -0.013706 0.999635 0.116029 0.000000 0.000000 0.000000 1.000000
0.995302 0.093688 0.024422 -0.043703 -0.093989 0.995507 0.011493 36.080376 -0.023235 -0.013734 0.999636 0.116841 0.000000 0.000000 0.000000 1.000000
0.995306 0.093651 0.024399 -0.041274 -0.093952 0.995510 0.011489 36.081234 -0.023213 -0.013728 0.999636 0.117409 0.000000 0.000000 0.000000 1.000000
0.995311 0.093597 0.024426 -0.038839 -0.093897 0.995516 0.011450 36.082012 -0.023245 -0.013689 0.999636 0.117629 0.000000 0.000000 0.000000 1.000000
0.995311 0.093573 0.024506 -0.036782 -0.093873 0.995519 0.011403 36.082481 -0.023329 -0.013650 0.999635 0.117625 0.000000 0.000000 0.000000 1.000000
0.995305 0.093603 0.024641 -0.035232 -0.093904 0.995516 0.011372 36.082668 -0.023466 -0.013633 0.999632 0.117597 0.000000 0.000000 0.000000 1.000000
0.995293 0.093669 0.024838 -0.033840 -0.093973 0.995510 0.011349 36.082664 -0.023663 -0.013630 0.999627 0.117626 0.000000 0.000000 0.000000 1.000000
0.995280 0.093742 0.025083 -0.032157 -0.094048 0.995503 0.011314 36.082607 -0.023910 -0.013620 0.999621 0.117653 0.000000 0.000000 0.000000 1.000000
0.995267 0.093817 0.025320 -0.030228 -0.094126 0.995496 0.011280 36.082504 -0.024148 -0.013610 0.999616 0.117618 0.000000 0.000000 0.000000 1.000000
0.995254 0.093917 0.025476 -0.028578 -0.094228 0.995487 0.011290 36.082375 -0.024301 -0.013637 0.999612 0.117561 0.000000 0.000000 0.000000 1.000000
0.995241 0.094044 0.025525 -0.027468 -0.094357 0.995474 0.011352 36.082165 -0.024342 -0.013706 0.999610 0.117512 0.000000 0.000000 0.000000 1.000000
0.995229 0.094176 0.025511 -0.026547 -0.094490 0.995460 0.011417 36.081894 -0.024320 -0.013773 0.999609 0.117398 0.000000 0.000000 0.000000 1.000000
0.995218 0.094287 0.025511 -0.025275 -0.094602 0.995450 0.011419 36.081520 -0.024318 -0.013778 0.999609 0.117043 0.000000 0.000000 0.000000 1.000000
0.995206 0.094396 0.025576 -0.023456 -0.094710 0.995440 0.011344 36.081013 -0.024388 -0.013712 0.999609 0.116323 0.000000 0.000000 0.000000 1.000000
0.995189 0.094542 0.025697 -0.021243 -0.094855 0.995428 0.011238 36.080479 -0.024517 -0.013621 0.999607 0.115292 0.000000 0.000000 0.000000 1.000000
0.995168 0.094734 0.025805 -0.018694 -0.095046 0.995410 0.011161 36.080204 -0.024630 -0.013560 0.999605 0.114185 0.000000 0.000000 0.000000 1.000000
0.995150 0.094921 0.025815 -0.015618 -0.095233 0.995393 0.011142 36.080494 -0.024639 -0.013546 0.999605 0.113293 0.000000 0.000000 0.000000 1.000000
0.995142 0.095030 0.025703 -0.011808 -0.095342 0.995382 0.011163 36.081570 -0.024524 -0.013559 0.999607 0.112734 0.000000 0.000000 0.000000 1.000000
0.995147 0.095023 0.025544 -0.007223 -0.095333 0.995383 0.011179 36.083160 -0.024363 -0.013560 0.999611 0.112305 0.000000 0.000000 0.000000 1.000000
0.995157 0.094942 0.025456 -0.002061 -0.095250 0.995391 0.011171 36.084801 -0.024278 -0.013542 0.999614 0.111667 0.000000 0.000000 0.000000 1.000000
0.995163 0.094865 0.025507 0.003296 -0.095174 0.995398 0.011165 36.086029 -0.024330 -0.013538 0.999612 0.110604 0.000000 0.000000 0.000000 1.000000
0.995162 0.094843 0.025657 0.008479 -0.095154 0.995400 0.011204 36.086899 -0.024477 -0.013591 0.999608 0.109132 0.000000 0.000000 0.000000 1.000000
0.995157 0.094848 0.025812 0.013353 -0.095164 0.995397 0.011305 36.087826 -0.024621 -0.013706 0.999603 0.107329 0.000000 0.000000 0.000000 1.000000
0.995157 0.094829 0.025901 0.018058 -0.095149 0.995397 0.011437 36.089252 -0.024698 -0.013847 0.999599 0.105166 0.000000 0.000000 0.000000 1.000000
0.995162 0.094768 0.025924 0.022641 -0.095092 0.995401 0.011559 36.090984 -0.024710 -0.013969 0.999597 0.102472 0.000000 0.000000 0.000000 1.000000
0.995167 0.094713 0.025930 0.026885 -0.095040 0.995405 0.011653 36.092331 -0.024707 -0.014061 0.999596 0.099073 0.000000 0.000000 0.000000 1.000000
0.995164 0.094729 0.025965 0.030317 -0.095058 0.995403 0.011736 36.092670 -0.024734 -0.014147 0.999594 0.094954 0.000000 0.000000 0.000000 1.000000
0.995153 0.094832 0.026031 0.032627 -0.095164 0.995391 0.011834 36.092033 -0.024789 -0.014254 0.999591 0.090331 0.000000 0.000000 0.000000 1.000000
0.995138 0.094974 0.026090 0.034026 -0.095310 0.995376 0.011963 36.091042 -0.024833 -0.014391 0.999588 0.085572 0.000000 0.000000 0.000000 1.000000
0.995126 0.095096 0.026098 0.034907 -0.095436 0.995362 0.012117 36.090290 -0.024825 -0.014548 0.999586 0.081011 0.000000 0.000000 0.000000 1.000000
0.995120 0.095175 0.026043 0.035288 -0.095519 0.995352 0.012287 36.089905 -0.024752 -0.014715 0.999585 0.076756 0.000000 0.000000 0.000000 1.000000
0.995116 0.095237 0.025953 0.034715 -0.095584 0.995343 0.012467 36.089661 -0.024645 -0.014887 0.999585 0.072592 0.000000 0.000000 0.000000 1.000000
0.995110 0.095318 0.025890 0.032684 -0.095668 0.995333 0.012640 36.089260 -0.024564 -0.015055 0.999585 0.068074 0.000000 0.000000 0.000000 1.000000
0.995099 0.095427 0.025927 0.029251 -0.095781 0.995320 0.012780 36.088509 -0.024586 -0.015201 0.999582 0.062796 0.000000 0.000000 0.000000 1.000000
0.995082 0.095549 0.026107 0.025023 -0.095908 0.995307 0.012875 36.087505 -0.024754 -0.015315 0.999576 0.056701 0.000000 0.000000 0.000000 1.000000
0.995065 0.095653 0.026393 0.020635 -0.096019 0.995295 0.012951 36.086437 -0.025030 -0.015421 0.999568 0.050139 0.000000 0.000000 0.000000 1.000000
0.995052 0.095710 0.026675 0.016360 -0.096083 0.995288 0.013059 36.085480 -0.025300 -0.015557 0.999559 0.043615 0.000000 0.000000 0.000000 1.000000
0.995048 0.095699 0.026851 0.012082 -0.096078 0.995286 0.013225 36.084679 -0.025459 -0.015739 0.999552 0.037438 0.000000 0.000000 0.000000 1.000000
0.995054 0.095616 0.026920 0.007633 -0.096002 0.995291 0.013427 36.083908 -0.025510 -0.015945 0.999547 0.031639 0.000000 0.000000 0.000000 1.000000
0.995066 0.095479 0.026981 0.002890 -0.095871 0.995300 0.013627 36.082970 -0.025553 -0.016146 0.999543 0.026164 0.000000 0.000000 0.000000 1.000000
0.995077 0.095317 0.027135 -0.002296 -0.095716 0.995313 0.013810 36.081711 -0.025692 -0.016339 0.999536 0.021123 0.000000 0.000000 0.000000 1.000000
0.995085 0.095157 0.027398 -0.008247 -0.095565 0.995325 0.013993 36.080189 -0.025938 -0.016543 0.999527 0.016867 0.000000 0.000000 0.000000 1.000000
0.995090 0.095014 0.027700 -0.015299 -0.095433 0.995335 0.014201 36.078667 -0.026221 -0.016775 0.999515 0.013880 0.000000 0.000000 0.000000 1.000000
0.995095 0.094887 0.027962 -0.023484 -0.095316 0.995342 0.014447 36.077515 -0.026461 -0.017041 0.999505 0.012548 0.000000 0.000000 0.000000 1.000000
0.995102 0.094762 0.028151 -0.032501 -0.095203 0.995349 0.014734 36.076996 -0.026624 -0.017342 0.999495 0.012944 0.000000 0.000000 0.000000 1.000000
0.995111 0.094634 0.028269 -0.041854 -0.095085 0.995355 0.015062 36.077042 -0.026712 -0.017677 0.999487 0.014689 0.000000 0.000000 0.000000 1.000000
0.995122 0.094501 0.028316 -0.051140 -0.094962 0.995362 0.015408 36.077126 -0.026728 -0.018022 0.999480 0.017012 0.000000 0.000000 0.000000 1.000000
0.995136 0.094369 0.028277 -0.060001 -0.094837 0.995369 0.015716 36.076748 -0.026663 -0.018321 0.999477 0.019009 0.000000 0.000000 0.000000 1.000000
0.995152 0.094232 0.028141 -0.068159 -0.094704 0.995378 0.015923 36.075844 -0.026511 -0.018511 0.999477 0.020059 0.000000 0.000000 0.000000 1.000000
0.995174 0.094077 0.027915 -0.075490 -0.094546 0.995392 0.016010 36.074959 -0.026280 -0.018572 0.999482 0.020078 0.000000 0.000000 0.000000 1.000000
0.995199 0.093889 0.027619 -0.082101 -0.094353 0.995410 0.016025 36.074589 -0.025988 -0.018554 0.999490 0.019382 0.000000 0.000000 0.000000 1.000000
0.995229 0.093670 0.027286 -0.088265 -0.094128 0.995431 0.016028 36.074631 -0.025660 -0.018520 0.999499 0.018261 0.000000 0.000000 0.000000 1.000000
0.995259 0.093449 0.026956 -0.094105 -0.093901 0.995452 0.016029 36.074432 -0.025336 -0.018485 0.999508 0.016708 0.000000 0.000000 0.000000 1.000000
0.995284 0.093264 0.026667 -0.099631 -0.093710 0.995471 0.015988 36.073502 -0.025056 -0.018412 0.999516 0.014579 0.000000 0.000000 0.000000 1.000000
0.995304 0.093121 0.026440 -0.104835 -0.093560 0.995487 0.015871 36.072144 -0.024843 -0.018270 0.999524 0.011962 0.000000 0.000000 0.000000 1.000000
0.995322 0.092968 0.026271 -0.109738 -0.093399 0.995505 0.015686 36.071232 -0.024695 -0.018066 0.999532 0.009334 0.000000 0.000000 0.000000 1.000000
0.995347 0.092734 0.026150 -0.114394 -0.093157 0.995531 0.015463 36.071430 -0.024599 -0.017828 0.999538 0.007344 0.000000 0.000000 0.000000 1.000000
0.995381 0.092394 0.026084 -0.118926 -0.092810 0.995567 0.015230 36.072601 -0.024561 -0.017580 0.999544 0.006487 0.000000 0.000000 0.000000 1.000000
0.995417 0.091993 0.026109 -0.123597 -0.092405 0.995608 0.015009 36.074127 -0.024614 -0.017353 0.999546 0.006982 0.000000 0.000000 0.000000 1.000000
0.995448 0.091609 0.026279 -0.128694 -0.092019 0.995647 0.014836 36.075367 -0.024805 -0.017186 0.999545 0.008840 0.000000 0.000000 0.000000 1.000000
0.995468 0.091300 0.026613 -0.134472 -0.091713 0.995676 0.014746 36.076111 -0.025152 -0.017120 0.999537 0.011935 0.000000 0.000000 0.000000 1.000000
0.995475 0.091086 0.027062 -0.141084 -0.091507 0.995695 0.014752 36.076370 -0.025601 -0.017161 0.999525 0.015967 0.000000 0.000000 0.000000 1.000000
0.995475 0.090952 0.027507 -0.148468 -0.091383 0.995705 0.014832 36.076244 -0.026040 -0.017278 0.999512 0.020466 0.000000 0.000000 0.000000 1.000000
0.995474 0.090867 0.027819 -0.156271 -0.091306 0.995711 0.014942 36.075840 -0.026342 -0.017414 0.999501 0.024915 0.000000 0.000000 0.000000 1.000000
0.995478 0.090798 0.027918 -0.163940 -0.091242 0.995715 0.015042 36.075169 -0.026433 -0.017522 0.999497 0.028940 0.000000 0.000000 0.000000 1.000000
0.995487 0.090734 0.027799 -0.171064 -0.091178 0.995720 0.015134 36.074341 -0.026307 -0.017601 0.999499 0.032430 0.000000 0.000000 0.000000 1.000000
0.995500 0.090675 0.027526 -0.177686 -0.091117 0.995723 0.015262 36.073616 -0.026024 -0.017701 0.999505 0.035457 0.000000 0.000000 0.000000 1.000000
0.995515 0.090613 0.027198 -0.183993 -0.091054 0.995726 0.015460 36.073341 -0.025681 -0.017867 0.999510 0.038055 0.000000 0.000000 0.000000 1.000000
0.995530 0.090526 0.026918 -0.189819 -0.090968 0.995730 0.015691 36.073631 -0.025382 -0.018070 0.999515 0.040094 0.000000 0.000000 0.000000 1.000000
0.995547 0.090398 0.026732 -0.194713 -0.090842 0.995739 0.015860 36.074215 -0.025185 -0.018218 0.999517 0.041359 0.000000 0.000000 0.000000 1.000000
0.995564 0.090246 0.026623 -0.198504 -0.090689 0.995752 0.015911 36.074482 -0.025074 -0.018255 0.999519 0.041753 0.000000 0.000000 0.000000 1.000000
0.995577 0.090120 0.026549 -0.201585 -0.090560 0.995764 0.015882 36.073959 -0.025006 -0.018216 0.999521 0.041365 0.000000 0.000000 0.000000 1.000000
0.995583 0.090065 0.026519 -0.204542 -0.090504 0.995770 0.015852 36.072704 -0.024979 -0.018182 0.999523 0.040351 0.000000 0.000000 0.000000 1.000000
0.995579 0.090090 0.026588 -0.207493 -0.090530 0.995767 0.015855 36.071320 -0.025048 -0.018192 0.999521 0.038816 0.000000 0.000000 0.000000 1.000000
0.995566 0.090166 0.026789 -0.210095 -0.090611 0.995760 0.015867 36.070229 -0.025244 -0.018224 0.999515 0.036819 0.000000 0.000000 0.000000 1.000000
0.995551 0.090261 0.027058 -0.211960 -0.090710 0.995751 0.015856 36.069332 -0.025512 -0.018240 0.999508 0.034433 0.000000 0.000000 0.000000 1.000000
0.995536 0.090354 0.027277 -0.213107 -0.090806 0.995743 0.015818 36.068272 -0.025732 -0.018224 0.999503 0.031651 0.000000 0.000000 0.000000 1.000000
0.995527 0.090433 0.027364 -0.213735 -0.090885 0.995737 0.015761 36.066963 -0.025822 -0.018177 0.999501 0.028230 0.000000 0.000000 0.000000 1.000000
0.995524 0.090474 0.027331 -0.213955 -0.090924 0.995734 0.015683 36.065937 -0.025795 -0.018098 0.999503 0.023804 0.000000 0.000000 0.000000 1.000000
0.995527 0.090458 0.027253 -0.213725 -0.090903 0.995738 0.015582 36.065918 -0.025727 -0.017990 0.999507 0.018270 0.000000 0.000000 0.000000 1.000000
0.995535 0.090396 0.027184 -0.213138 -0.090838 0.995745 0.015474 36.066868 -0.025670 -0.017875 0.999511 0.012023 0.000000 0.000000 0.000000 1.000000
0.995541 0.090343 0.027117 -0.212453 -0.090781 0.995752 0.015384 36.067936 -0.025612 -0.017777 0.999514 0.005745 0.000000 0.000000 0.000000 1.000000
0.995544 0.090341 0.027024 -0.211863 -0.090776 0.995753 0.015327 36.068165 -0.025525 -0.017712 0.999517 -0.000040 0.000000 0.000000 0.000000 1.000000
0.995543 0.090390 0.026920 -0.211346 -0.090822 0.995750 0.015302 36.067268 -0.025422 -0.017679 0.999520 -0.005132 0.000000 0.000000 0.000000 1.000000
0.995538 0.090460 0.026861 -0.210763 -0.090892 0.995743 0.015304 36.065697 -0.025362 -0.017678 0.999522 -0.009409 0.000000 0.000000 0.000000 1.000000
0.995529 0.090544 0.026891 -0.210105 -0.090977 0.995735 0.015351 36.063854 -0.025386 -0.017728 0.999521 -0.012566 0.000000 0.000000 0.000000 1.000000
0.995516 0.090663 0.026984 -0.209407 -0.091101 0.995721 0.015484 36.061996 -0.025465 -0.017873 0.999516 -0.014210 0.000000 0.000000 0.000000 1.000000
0.995499 0.090828 0.027072 -0.208710 -0.091275 0.995701 0.015737 36.060425 -0.025527 -0.018138 0.999510 -0.014184 0.000000 0.000000 0.000000 1.000000
0.995483 0.090994 0.027103 -0.207863 -0.091450 0.995680 0.016085 36.059643 -0.025522 -0.018491 0.999503 -0.012792 0.000000 0.000000 0.000000 1.000000
0.995476 0.091078 0.027079 -0.206558 -0.091542 0.995666 0.016435 36.060009 -0.025465 -0.018840 0.999498 -0.010692 0.000000 0.000000 0.000000 1.000000
0.995480 0.091045 0.027040 -0.204613 -0.091516 0.995664 0.016691 36.061260 -0.025403 -0.019090 0.999495 -0.008580 0.000000 0.000000 0.000000 1.000000
0.995489 0.090949 0.027034 -0.202085 -0.091422 0.995670 0.016820 36.062477 -0.025387 -0.019216 0.999493 -0.007006 0.000000 0.000000 0.000000 1.000000
0.995492 0.090889 0.027098 -0.199171 -0.091365 0.995675 0.016862 36.062866 -0.025448 -0.019262 0.999491 -0.006314 0.000000 0.000000 0.000000 1.000000
0.995486 0.090915 0.027239 -0.195929 -0.091394 0.995672 0.016872 36.062420 -0.025587 -0.019286 0.999487 -0.006621 0.000000 0.000000 0.000000 1.000000
0.995475 0.090986 0.027410 -0.192269 -0.091469 0.995665 0.016879 36.061836 -0.025755 -0.019310 0.999482 -0.007773 0.000000 0.000000 0.000000 1.000000
0.995467 0.091036 0.027532 -0.188167 -0.091521 0.995660 0.016887 36.061749 -0.025875 -0.019330 0.999478 -0.009382 0.000000 0.000000 0.000000 1.000000
0.995466 0.091044 0.027556 -0.183786 -0.091529 0.995659 0.016903 36.062141 -0.025898 -0.019348 0.999477 -0.011063 0.000000 0.000000 0.000000 1.000000
0.995467 0.091042 0.027511 -0.179373 -0.091528 0.995658 0.016939 36.062576 -0.025849 -0.019380 0.999478 -0.012641 0.000000 0.000000 0.000000 1.000000
0.995466 0.091063 0.027480 -0.175056 -0.091550 0.995655 0.017001 36.062656 -0.025812 -0.019440 0.999478 -0.014188 0.000000 0.000000 0.000000 1.000000
0.995460 0.091109 0.027533 -0.170834 -0.091598 0.995650 0.017077 36.062450 -0.025857 -0.019522 0.999475 -0.015848 0.000000 0.000000 0.000000 1.000000
0.995451 0.091169 0.027672 -0.166790 -0.091663 0.995642 0.017150 36.062141 -0.025988 -0.019609 0.999470 -0.017679 0.000000 0.000000 0.000000 1.000000
0.995439 0.091248 0.027842 -0.163093 -0.091747 0.995634 0.017210 36.061848 -0.026150 -0.019685 0.999464 -0.019595 0.000000 0.000000 0.000000 1.000000
0.995426 0.091350 0.027980 -0.159871 -0.091853 0.995623 0.017248 36.061657 -0.026282 -0.019739 0.999460 -0.021425 0.000000 0.000000 0.000000 1.000000
0.995413 0.091464 0.028066 -0.157054 -0.091969 0.995612 0.017264 36.061794 -0.026364 -0.019766 0.999457 -0.023007 0.000000 0.000000 0.000000 1.000000
0.995401 0.091574 0.028125 -0.154390 -0.092081 0.995602 0.017269 36.062202 -0.026419 -0.019779 0.999455 -0.024213 0.000000 0.000000 0.000000 1.000000
0.995389 0.091687 0.028186 -0.151720 -0.092196 0.995591 0.017287 36.062618 -0.026476 -0.019806 0.999453 -0.024937 0.000000 0.000000 0.000000 1.000000
0.995375 0.091818 0.028253 -0.149142 -0.092329 0.995578 0.017338 36.062714 -0.026537 -0.019866 0.999450 -0.025109 0.000000 0.000000 0.000000 1.000000
0.995361 0.091953 0.028302 -0.146825 -0.092467 0.995563 0.017420 36.062443 -0.026574 -0.019956 0.999448 -0.024787 0.000000 0.000000 0.000000 1.000000
0.995351 0.092059 0.028300 -0.144936 -0.092576 0.995552 0.017512 36.062046 -0.026562 -0.020050 0.999446 -0.024166 0.000000 0.000000 0.000000 1.000000
0.995347 0.092127 0.028243 -0.143434 -0.092644 0.995544 0.017591 36.061676 -0.026497 -0.020126 0.999446 -0.023467 0.000000 0.000000 0.000000 1.000000
0.995342 0.092200 0.028163 -0.142262 -0.092717 0.995536 0.017647 36.061222 -0.026410 -0.020176 0.999448 -0.022787 0.000000 0.000000 0.000000 1.000000
0.995331 0.092333 0.028105 -0.141360 -0.092851 0.995523 0.017684 36.060459 -0.026347 -0.020211 0.999449 -0.022120 0.000000 0.000000 0.000000 1.000000
0.995314 0.092529 0.028087 -0.140626 -0.093046 0.995504 0.017711 36.059536 -0.026322 -0.020242 0.999449 -0.021499 0.000000 0.000000 0.000000 1.000000
0.995296 0.092720 0.028074 -0.139817 -0.093237 0.995486 0.017721 36.058895 -0.026304 -0.020255 0.999449 -0.021088 0.000000 0.000000 0.000000 1.000000
0.995288 0.092828 0.028010 -0.138535 -0.093344 0.995477 0.017676 36.058891 -0.026242 -0.020207 0.999451 -0.021070 0.000000 0.000000 0.000000 1.000000
0.995292 0.092831 0.027866 -0.136528 -0.093339 0.995480 0.017542 36.059326 -0.026112 -0.020060 0.999458 -0.021457 0.000000 0.000000 0.000000 1.000000
0.995304 0.092764 0.027668 -0.133897 -0.093264 0.995491 0.017333 36.059769 -0.025935 -0.019832 0.999467 -0.022056 0.000000 0.000000 0.000000 1.000000
0.995316 0.092689 0.027466 -0.131133 -0.093179 0.995502 0.017117 36.060043 -0.025756 -0.019596 0.999476 -0.022626 0.000000 0.000000 0.000000 1.000000
0.995326 0.092637 0.027304 -0.128686 -0.093119 0.995511 0.016957 36.060360 -0.025611 -0.019420 0.999483 -0.023065 0.000000 0.000000 0.000000 1.000000
0.995331 0.092612 0.027204 -0.126702 -0.093090 0.995515 0.016850 36.060894 -0.025521 -0.019303 0.999488 -0.023404 0.000000 0.000000 0.000000 1.000000
0.995332 0.092609 0.027153 -0.125113 -0.093083 0.995517 0.016748 36.061440 -0.025480 -0.019197 0.999491 -0.023619 0.000000 0.000000 0.000000 1.000000
0.995333 0.092616 0.027111 -0.123834 -0.093086 0.995519 0.016619 36.061714 -0.025450 -0.019065 0.999494 -0.023567 0.000000 0.000000 0.000000 1.000000
0.995335 0.092615 0.027041 -0.122831 -0.093080 0.995522 0.016467 36.061737 -0.025394 -0.018907 0.999499 -0.023089 0.000000 0.000000 0.000000 1.000000
0.995340 0.092588 0.026950 -0.121968 -0.093047 0.995528 0.016308 36.061928 -0.025320 -0.018739 0.999504 -0.022164 0.000000 0.000000 0.000000 1.000000
0.995346 0.092535 0.026896 -0.121096 -0.092989 0.995536 0.016147 36.062580 -0.025282 -0.018573 0.999508 -0.020841 0.000000 0.000000 0.000000 1.000000
