<?xml version="1.0" encoding="utf-8"?>
<COLLADA xmlns="http://www.collada.org/2005/11/COLLADASchema" version="1.4.1">
  <asset><contributor><author>Mixamo</author><authoring_tool>COLLADA Mixamo exporter</authoring_tool><comments></comments></contributor><created>2020-06-15T21:49:49Z</created><modified>2020-06-15T21:49:49Z</modified><revision></revision><title></title><unit meter="0.010000"/><up_axis>Y_UP</up_axis></asset>
  <library_animations>
    <animation id="Hips-anim" name="Hips"><source id="Hips-Matrix-animation-input"><float_array id="Hips-Matrix-animation-input-array" count="56">

0.000000 0.033333 0.066667 0.100000 0.133333 0.166667 0.200000 0.233333 0.266667 0.300000 0.333333 0.366667 0.400000 0.433333 0.466667 0.500000
0.533333 0.566667 0.600000 0.633333 0.666667 0.700000 0.733333 0.766667 0.800000 0.833333 0.866667 0.900000 0.933333 0.966667 1.000000 1.033333
1.066667 1.100000 1.133333 1.166667 1.200000 1.233333 1.266667 1.300000 1.333333 1.366667 1.400000 1.433333 1.466667 1.500000 1.533333 1.566667
1.600000 1.633333 1.666667 1.700000 1.733333 1.766667 1.800000 1.833333</float_array><technique_common><accessor source="#Hips-Matrix-animation-input-array" count="56"><param name="TIME" type="float"/></accessor></technique_common></source><source id="Hips-Matrix-animation-output-transform"><float_array id="Hips-Matrix-animation-output-transform-array" count="896">

0.957002 -0.029745 -0.288553 3.740777 -0.059054 0.953921 -0.294188 31.698416 0.284008 0.298579 0.911148 -2.338696 0.000000 0.000000 0.000000 1.000000
0.954884 -0.028918 -0.295567 3.800761 -0.059900 0.956039 -0.287055 31.752518 0.290875 0.291809 0.911175 -2.367661 0.000000 0.000000 0.000000 1.000000
0.953167 -0.028395 -0.301108 3.882168 -0.059689 0.958341 -0.279321 31.856676 0.296495 0.284212 0.911764 -2.409844 0.000000 0.000000 0.000000 1.000000
0.951879 -0.028292 -0.305166 3.993741 -0.058265 0.960864 -0.270825 32.007496 0.300885 0.275573 0.912977 -2.469545 0.000000 0.000000 0.000000 1.000000
0.951503 -0.027213 -0.306435 4.178651 -0.056952 0.963281 -0.262385 32.162140 0.302323 0.267112 0.915015 -2.554660 0.000000 0.000000 0.000000 1.000000
0.950886 -0.025374 -0.308498 4.478140 -0.056700 0.965494 -0.254176 32.341251 0.304303 0.259185 0.916637 -2.677751 0.000000 0.000000 0.000000 1.000000
0.946080 -0.025407 -0.322935 4.936437 -0.059151 0.966608 -0.249338 32.559547 0.318487 0.254995 0.912986 -2.896201 0.000000 0.000000 0.000000 1.000000
0.931496 -0.030794 -0.362445 5.600983 -0.067119 0.964750 -0.254465 32.832008 0.357504 0.261360 0.896595 -3.261030 0.000000 0.000000 0.000000 1.000000
0.902072 -0.041782 -0.429558 6.455157 -0.084554 0.958906 -0.270833 33.166538 0.423221 0.280631 0.861470 -3.757125 0.000000 0.000000 0.000000 1.000000
0.861987 -0.056628 -0.503758 7.362329 -0.108196 0.950292 -0.291958 33.446945 0.495250 0.306168 0.813012 -4.334605 0.000000 0.000000 0.000000 1.000000
0.827808 -0.072374 -0.556323 8.141771 -0.123783 0.943641 -0.306950 33.568611 0.547185 0.322960 0.772196 -4.925151 0.000000 0.000000 0.000000 1.000000
0.811324 -0.083260 -0.578638 8.679961 -0.121772 0.944025 -0.306574 33.552254 0.571774 0.319192 0.755772 -5.421044 0.000000 0.000000 0.000000 1.000000
0.803668 -0.083184 -0.589236 8.989579 -0.111511 0.951590 -0.286430 33.525265 0.584537 0.295901 0.755486 -5.763173 0.000000 0.000000 0.000000 1.000000
0.802538 -0.075714 -0.591776 8.886826 -0.095526 0.962809 -0.252733 33.405590 0.588903 0.259358 0.765458 -5.848344 0.000000 0.000000 0.000000 1.000000
0.798274 -0.076332 -0.597438 8.480688 -0.073481 0.972184 -0.222394 33.117485 0.597795 0.221432 0.770460 -5.803393 0.000000 0.000000 0.000000 1.000000
0.773099 -0.086650 -0.628339 8.149943 -0.052195 0.978574 -0.199169 32.824177 0.632134 0.186773 0.752012 -5.837093 0.000000 0.000000 0.000000 1.000000
0.723806 -0.100378 -0.682663 7.997031 -0.031063 0.983619 -0.177566 32.536495 0.689303 0.149729 0.708831 -6.012974 0.000000 0.000000 0.000000 1.000000
0.644942 -0.120811 -0.754622 8.054852 -0.001596 0.987211 -0.159412 32.064472 0.764230 0.104016 0.636501 -6.454417 0.000000 0.000000 0.000000 1.000000
0.540954 -0.145459 -0.828378 8.266307 0.031325 0.987732 -0.152985 31.393747 0.840468 0.056809 0.538874 -7.087445 0.000000 0.000000 0.000000 1.000000
0.453413 -0.170683 -0.874805 8.579276 0.055907 0.985006 -0.163207 30.670002 0.889546 0.025093 0.456157 -7.704559 0.000000 0.000000 0.000000 1.000000
0.414176 -0.207962 -0.886121 8.961706 0.075865 0.978048 -0.194077 29.974163 0.907030 0.013157 0.420861 -8.266936 0.000000 0.000000 0.000000 1.000000
0.409614 -0.260272 -0.874343 9.337560 0.094279 0.965382 -0.243204 29.362665 0.907374 0.017188 0.419972 -8.784801 0.000000 0.000000 0.000000 1.000000
0.413526 -0.298623 -0.860128 9.663042 0.106576 0.954066 -0.279998 28.933174 0.904233 0.024118 0.426358 -9.123404 0.000000 0.000000 0.000000 1.000000
0.421636 -0.307475 -0.853043 9.948705 0.116340 0.951322 -0.285395 28.691013 0.899271 0.021090 0.436884 -9.200925 0.000000 0.000000 0.000000 1.000000
0.441497 -0.311092 -0.841607 10.160779 0.121833 0.950069 -0.287272 28.629915 0.888953 0.024294 0.457354 -9.039723 0.000000 0.000000 0.000000 1.000000
0.471351 -0.316265 -0.823289 10.220400 0.113915 0.947504 -0.298763 28.725786 0.874558 0.047037 0.482634 -8.638880 0.000000 0.000000 0.000000 1.000000
0.511810 -0.306417 -0.802595 10.063536 0.091222 0.948331 -0.303885 28.942762 0.854242 0.082317 0.513317 -7.923732 0.000000 0.000000 0.000000 1.000000
0.568414 -0.272973 -0.776139 9.628215 0.058026 0.954307 -0.293140 29.180641 0.820694 0.121589 0.558281 -6.872388 0.000000 0.000000 0.000000 1.000000
0.640102 -0.220383 -0.736003 8.935791 0.022951 0.963033 -0.268403 29.337114 0.767947 0.154914 0.621498 -5.557344 0.000000 0.000000 0.000000 1.000000
0.715602 -0.165236 -0.678683 8.129171 -0.003889 0.970661 -0.240423 29.510412 0.698498 0.174686 0.693964 -4.119267 0.000000 0.000000 0.000000 1.000000
0.784111 -0.120143 -0.608880 7.195489 -0.014313 0.977322 -0.211275 29.596577 0.620455 0.174378 0.764610 -2.933588 0.000000 0.000000 0.000000 1.000000
0.845000 -0.070942 -0.530040 6.128162 -0.024656 0.984939 -0.171133 29.574965 0.534198 0.157676 0.830525 -2.045165 0.000000 0.000000 0.000000 1.000000
0.903579 0.002276 -0.428416 5.262671 -0.066994 0.988434 -0.136048 29.967049 0.423152 0.151632 0.893281 -0.888919 0.000000 0.000000 0.000000 1.000000
0.954791 0.067713 -0.289464 4.747487 -0.111563 0.984161 -0.137768 30.311687 0.275550 0.163833 0.947223 0.088530 0.000000 0.000000 0.000000 1.000000
0.989693 0.097013 -0.105335 4.330184 -0.114666 0.977490 -0.177100 29.953398 0.085783 0.187353 0.978540 0.548434 0.000000 0.000000 0.000000 1.000000
0.978988 0.176235 0.102584 3.989254 -0.149492 0.962413 -0.226746 30.301786 -0.138689 0.206647 0.968536 1.279303 0.000000 0.000000 0.000000 1.000000
0.922111 0.263012 0.283788 3.818430 -0.189319 0.946342 -0.261906 30.576567 -0.337445 0.187780 0.922426 1.799307 0.000000 0.000000 0.000000 1.000000
0.849836 0.326378 0.413832 3.737991 -0.229050 0.935873 -0.267727 30.807585 -0.474674 0.132735 0.870095 2.171185 0.000000 0.000000 0.000000 1.000000
0.798408 0.346262 0.492593 3.543207 -0.241919 0.933640 -0.264180 30.913124 -0.551380 0.091756 0.829193 2.655686 0.000000 0.000000 0.000000 1.000000
0.766439 0.327920 0.552305 3.034990 -0.208039 0.940245 -0.269553 30.553183 -0.607694 0.091695 0.788860 3.744132 0.000000 0.000000 0.000000 1.000000
0.734053 0.306770 0.605853 2.515051 -0.168340 0.946506 -0.275296 29.921810 -0.657896 0.100092 0.746428 5.208773 0.000000 0.000000 0.000000 1.000000
0.686465 0.283798 0.669496 1.939324 -0.119579 0.952219 -0.281034 29.230236 -0.717264 0.112862 0.687601 6.635785 0.000000 0.000000 0.000000 1.000000
0.609876 0.273263 0.743894 1.185141 -0.058796 0.951686 -0.301390 28.302561 -0.790313 0.140072 0.596477 7.935244 0.000000 0.000000 0.000000 1.000000
0.526374 0.302599 0.794584 0.516675 -0.019988 0.938672 -0.344231 27.200354 -0.850018 0.165312 0.500141 9.149654 0.000000 0.000000 0.000000 1.000000
0.472657 0.334882 0.815138 0.070434 0.004162 0.924124 -0.382070 26.542917 -0.881237 0.183981 0.435400 10.074403 0.000000 0.000000 0.000000 1.000000
0.445608 0.354229 0.822165 -0.309889 0.020386 0.914133 -0.404903 26.334967 -0.894996 0.197188 0.400123 10.576161 0.000000 0.000000 0.000000 1.000000
0.427238 0.370552 0.824718 -0.539780 0.026921 0.906540 -0.421261 26.210285 -0.903738 0.202181 0.377333 10.840376 0.000000 0.000000 0.000000 1.000000
0.418450 0.374034 0.827646 -0.629279 0.032086 0.904607 -0.425037 26.145416 -0.907673 0.204413 0.366531 10.991214 0.000000 0.000000 0.000000 1.000000
0.419340 0.364001 0.831659 -0.626943 0.031271 0.909761 -0.413952 26.185867 -0.907291 0.199593 0.370117 10.989734 0.000000 0.000000 0.000000 1.000000
0.429805 0.346392 0.833835 -0.500754 0.019395 0.919730 -0.392072 26.345577 -0.902713 0.184686 0.388587 10.739062 0.000000 0.000000 0.000000 1.000000
0.464340 0.324908 0.823907 -0.247953 0.005493 0.929203 -0.369528 26.728456 -0.885640 0.176112 0.429682 10.202410 0.000000 0.000000 0.000000 1.000000
0.530142 0.309795 0.789289 0.123791 -0.006590 0.932342 -0.361517 27.403818 -0.847883 0.186454 0.496316 9.258428 0.000000 0.000000 0.000000 1.000000
0.616972 0.315339 0.721045 0.623739 -0.020027 0.922207 -0.386177 28.335308 -0.786730 0.223820 0.575292 7.842443 0.000000 0.000000 0.000000 1.000000
0.721423 0.324607 0.611702 1.238368 -0.039685 0.901259 -0.431460 29.374697 -0.691357 0.286990 0.663071 6.480236 0.000000 0.000000 0.000000 1.000000
0.828017 0.302794 0.471916 1.873491 -0.066056 0.888466 -0.454164 30.160114 -0.556799 0.344882 0.755666 5.590049 0.000000 0.000000 0.000000 1.000000
0.906146 0.254496 0.337833 2.496759 -0.085212 0.892192 -0.443546 30.602345 -0.414293 0.373130 0.830142 5.023074 0.000000 0.000000 0.000000 1.000000</float_array><technique_common><accessor source="#Hips-Matrix-animation-output-transform-array" count="56" stride="16"><param type="float4x4"/></accessor></technique_common></source><source id="Hips-Interpolations"><Name_array id="Hips-Interpolations-array" count="56">
 LINEAR LINEAR LINEAR LINEAR LINEAR LINEAR LINEAR LINEAR LINEAR LINEAR LINEAR
LINEAR LINEAR LINEAR LINEAR LINEAR LINEAR LINEAR LINEAR LINEAR LINEAR LINEAR LINEAR
LINEAR LINEAR LINEAR LINEAR LINEAR LINEAR LINEAR LINEAR LINEAR LINEAR LINEAR LINEAR
LINEAR LINEAR LINEAR LINEAR LINEAR LINEAR LINEAR LINEAR LINEAR LINEAR LINEAR LINEAR
LINEAR LINEAR LINEAR LINEAR LINEAR LINEAR LINEAR LINEAR LINEAR</Name_array><technique_common><accessor source="#Hips-Interpolations-array" count="56"><param type="name"/></accessor></technique_common></source><sampler id="Hips-Matrix-animation-transform"><input semantic="INPUT" source="#Hips-Matrix-animation-input"/><input semantic="OUTPUT" source="#Hips-Matrix-animation-output-transform"/><input semantic="INTERPOLATION" source="#Hips-Interpolations"/></sampler><channel source="#Hips-Matrix-animation-transform" target="Hips/matrix"/></animation>
    <animation id="Spine-anim" name="Spine"><source id="Spine-Matrix-animation-input"><float_array id="Spine-Matrix-animation-input-array" count="56">

0.000000 0.033333 0.066667 0.100000 0.133333 0.166667 0.200000 0.233333 0.266667 0.300000 0.333333 0.366667 0.400000 0.433333 0.466667 0.500000
0.533333 0.566667 0.600000 0.633333 0.666667 0.700000 0.733333 0.766667 0.800000 0.833333 0.866667 0.900000 0.933333 0.966667 1.000000 1.033333
1.066667 1.100000 1.133333 1.166667 1.200000 1.233333 1.266667 1.300000 1.333333 1.366667 1.400000 1.433333 1.466667 1.500000 1.533333 1.566667
1.600000 1.633333 1.666667 1.700000 1.733333 1.766667 1.800000 1.833333</float_array><technique_common><accessor source="#Spine-Matrix-animation-input-array" count="56"><param name="TIME" type="float"/></accessor></technique_common></source><source id="Spine-Matrix-animation-output-transform"><float_array id="Spine-Matrix-animation-output-transform-array" count="896">

0.997827 0.004086 -0.065764 -0.122800 -0.017024 0.980173 -0.197413 3.010500 0.063653 0.198104 0.978112 -0.234100 0.000000 0.000000 0.000000 1.000000
0.998200 0.006180 -0.059649 -0.122800 -0.017735 0.980603 -0.195198 3.010500 0.057286 0.195905 0.978948 -0.234100 0.000000 0.000000 0.000000 1.000000
0.998522 0.009230 -0.053557 -0.122800 -0.019464 0.980837 -0.193855 3.010500 0.050741 0.194611 0.979567 -0.234100 0.000000 0.000000 0.000000 1.000000
0.998768 0.012799 -0.047942 -0.122800 -0.021880 0.980759 -0.193992 3.010500 0.044537 0.194802 0.979831 -0.234100 0.000000 0.000000 0.000000 1.000000
0.998990 0.014741 -0.042454 -0.122800 -0.022780 0.980418 -0.195604 3.010500 0.038739 0.196374 0.979764 -0.234100 0.000000 0.000000 0.000000 1.000000
0.999246 0.016020 -0.035379 -0.122800 -0.022767 0.979645 -0.199441 3.010500 0.031464 0.200096 0.979271 -0.234100 0.000000 0.000000 0.000000 1.000000
0.999440 0.018191 -0.028068 -0.122800 -0.023572 0.978427 -0.205241 3.010500 0.023729 0.205788 0.978309 -0.234100 0.000000 0.000000 0.000000 1.000000
0.999485 0.020360 -0.024799 -0.122800 -0.025102 0.977575 -0.209088 3.010500 0.019986 0.209603 0.977582 -0.234100 0.000000 0.000000 0.000000 1.000000
0.999434 0.024906 -0.022619 -0.122800 -0.029029 0.978211 -0.205572 3.010500 0.017007 0.206112 0.978381 -0.234100 0.000000 0.000000 0.000000 1.000000
0.999155 0.035970 -0.019897 -0.122800 -0.039135 0.980468 -0.192745 3.010500 0.012576 0.193361 0.981047 -0.234100 0.000000 0.000000 0.000000 1.000000
0.998475 0.050513 -0.022252 -0.122800 -0.053663 0.982743 -0.177022 3.010500 0.012926 0.177947 0.983955 -0.234100 0.000000 0.000000 0.000000 1.000000
0.997483 0.065282 -0.027675 -0.122800 -0.068934 0.984236 -0.162873 3.010500 0.016606 0.164371 0.986259 -0.234100 0.000000 0.000000 0.000000 1.000000
0.997294 0.069305 -0.024511 -0.122800 -0.072220 0.985943 -0.150668 3.010500 0.013725 0.152030 0.988281 -0.234100 0.000000 0.000000 0.000000 1.000000
0.998167 0.059191 -0.012598 -0.122800 -0.060376 0.988217 -0.140645 3.010500 0.004124 0.141148 0.989980 -0.234100 0.000000 0.000000 0.000000 1.000000
0.998594 0.053006 0.000835 -0.122800 -0.052482 0.990692 -0.125597 3.010500 -0.007485 0.125377 0.992081 -0.234100 0.000000 0.000000 0.000000 1.000000
0.998417 0.054092 0.015386 -0.122800 -0.052259 0.993460 -0.101515 3.010500 -0.020777 0.100550 0.994715 -0.234100 0.000000 0.000000 0.000000 1.000000
0.998142 0.054716 0.026797 -0.122800 -0.052457 0.995512 -0.078767 3.010500 -0.030986 0.077215 0.996533 -0.234100 0.000000 0.000000 0.000000 1.000000
0.998252 0.056533 0.017232 -0.122800 -0.055192 0.995999 -0.070277 3.010500 -0.021136 0.069203 0.997379 -0.234100 0.000000 0.000000 0.000000 1.000000
0.998539 0.052477 -0.012863 -0.122800 -0.053304 0.995699 -0.075780 3.010500 0.008831 0.076355 0.997042 -0.234100 0.000000 0.000000 0.000000 1.000000
0.998854 0.034622 -0.033035 -0.122800 -0.037471 0.995244 -0.089922 3.010500 0.029764 0.091057 0.995401 -0.234100 0.000000 0.000000 0.000000 1.000000
0.998866 0.006189 -0.047209 -0.122800 -0.011278 0.994054 -0.108304 3.010500 0.046258 0.108714 0.992996 -0.234100 0.000000 0.000000 0.000000 1.000000
0.996900 -0.020494 -0.075961 -0.122800 0.011374 0.992877 -0.118597 3.010500 0.077850 0.117365 0.990033 -0.234100 0.000000 0.000000 0.000000 1.000000
0.993762 -0.036240 -0.105469 -0.122800 0.023345 0.992375 -0.121027 3.010500 0.109051 0.117809 0.987030 -0.234100 0.000000 0.000000 0.000000 1.000000
0.992474 -0.039763 -0.115824 -0.122800 0.024705 0.991382 -0.128650 3.010500 0.119941 0.124820 0.984903 -0.234100 0.000000 0.000000 0.000000 1.000000
0.992337 -0.039582 -0.117049 -0.122800 0.023736 0.990724 -0.133798 3.010500 0.121260 0.129994 0.984072 -0.234100 0.000000 0.000000 0.000000 1.000000
0.992232 -0.036448 -0.118946 -0.122800 0.021449 0.991922 -0.125019 3.010500 0.122542 0.121497 0.984999 -0.234100 0.000000 0.000000 0.000000 1.000000
0.992914 -0.028442 -0.115385 -0.122800 0.016029 0.994117 -0.107115 3.010500 0.117752 0.104507 0.987529 -0.234100 0.000000 0.000000 0.000000 1.000000
0.994173 -0.013828 -0.106903 -0.122800 0.004931 0.996533 -0.083047 3.010500 0.107680 0.082036 0.990795 -0.234100 0.000000 0.000000 0.000000 1.000000
0.994791 0.016816 -0.100541 -0.122800 -0.022344 0.998285 -0.054107 3.010500 0.099458 0.056071 0.993461 -0.234100 0.000000 0.000000 0.000000 1.000000
0.994021 0.061469 -0.090248 -0.122800 -0.064265 0.997528 -0.028407 3.010500 0.088279 0.034037 0.995514 -0.234100 0.000000 0.000000 0.000000 1.000000
0.989909 0.122626 -0.071010 -0.122800 -0.123617 0.992282 -0.009713 3.010500 0.069271 0.018393 0.997428 -0.234100 0.000000 0.000000 0.000000 1.000000
0.979965 0.193909 -0.045486 -0.122800 -0.194388 0.980904 -0.006325 3.010500 0.043391 0.015040 0.998945 -0.234100 0.000000 0.000000 0.000000 1.000000
0.972812 0.229808 -0.028725 -0.122800 -0.230355 0.972951 -0.017411 3.010500 0.023947 0.023555 0.999436 -0.234100 0.000000 0.000000 0.000000 1.000000
0.967688 0.249581 -0.035892 -0.122800 -0.250861 0.967310 -0.037146 3.010500 0.025447 0.044949 0.998665 -0.234100 0.000000 0.000000 0.000000 1.000000
0.957078 0.283823 -0.058702 -0.122800 -0.287508 0.955319 -0.068586 3.010500 0.036613 0.082519 0.995917 -0.234100 0.000000 0.000000 0.000000 1.000000
0.966138 0.245896 -0.078183 -0.122800 -0.253620 0.960753 -0.112387 3.010500 0.047479 0.128410 0.990584 -0.234100 0.000000 0.000000 0.000000 1.000000
0.983056 0.166151 -0.077427 -0.122800 -0.176524 0.971922 -0.155587 3.010500 0.049402 0.166618 0.984783 -0.234100 0.000000 0.000000 0.000000 1.000000
0.994475 0.081055 -0.066700 -0.122800 -0.091907 0.979323 -0.180220 3.010500 0.050713 0.185355 0.981362 -0.234100 0.000000 0.000000 0.000000 1.000000
0.997100 0.037011 -0.066491 -0.122800 -0.048714 0.981704 -0.184075 3.010500 0.058461 0.186781 0.980661 -0.234100 0.000000 0.000000 0.000000 1.000000
0.997791 0.028682 -0.059923 -0.122800 -0.039158 0.982571 -0.181714 3.010500 0.053667 0.183659 0.981524 -0.234100 0.000000 0.000000 0.000000 1.000000
0.999885 -0.003619 -0.014739 -0.122800 0.000684 0.980913 -0.194445 3.010500 0.015162 0.194413 0.980803 -0.234100 0.000000 0.000000 0.000000 1.000000
0.997916 -0.045301 0.045951 -0.122800 0.054380 0.973759 -0.220991 3.010500 -0.034734 0.223029 0.974193 -0.234100 0.000000 0.000000 0.000000 1.000000
0.993925 -0.070234 0.084732 -0.122800 0.088382 0.968149 -0.234255 3.010500 -0.065581 0.240321 0.968476 -0.234100 0.000000 0.000000 0.000000 1.000000
0.990334 -0.082812 0.111270 -0.122800 0.106026 0.969185 -0.222347 3.010500 -0.089428 0.231995 0.968597 -0.234100 0.000000 0.000000 0.000000 1.000000
0.986250 -0.080399 0.144382 -0.122800 0.110663 0.970172 -0.215683 3.010500 -0.122735 0.228695 0.965730 -0.234100 0.000000 0.000000 0.000000 1.000000
0.982338 -0.070748 0.173224 -0.122800 0.109307 0.968353 -0.224377 3.010500 -0.151868 0.239349 0.958983 -0.234100 0.000000 0.000000 0.000000 1.000000
0.979473 -0.077018 0.186282 -0.122800 0.119272 0.966430 -0.227566 3.010500 -0.162502 0.245113 0.955778 -0.234100 0.000000 0.000000 0.000000 1.000000
0.979285 -0.087121 0.182786 -0.122800 0.127809 0.966109 -0.224272 3.010500 -0.157053 0.242988 0.957231 -0.234100 0.000000 0.000000 0.000000 1.000000
0.983310 -0.083218 0.161793 -0.122800 0.118472 0.967763 -0.222258 3.010500 -0.138081 0.237716 0.961470 -0.234100 0.000000 0.000000 0.000000 1.000000
0.988518 -0.074649 0.131372 -0.122800 0.102579 0.969927 -0.220725 3.010500 -0.110945 0.231667 0.966448 -0.234100 0.000000 0.000000 0.000000 1.000000
0.992024 -0.068201 0.106007 -0.122800 0.090194 0.971552 -0.218978 3.010500 -0.088057 0.226792 0.969954 -0.234100 0.000000 0.000000 0.000000 1.000000
0.993772 -0.058317 0.094956 -0.122800 0.077383 0.974313 -0.211485 3.010500 -0.080183 0.217516 0.972758 -0.234100 0.000000 0.000000 0.000000 1.000000
0.994263 -0.044362 0.097326 -0.122800 0.062337 0.979757 -0.190240 3.010500 -0.086916 0.195216 0.976901 -0.234100 0.000000 0.000000 0.000000 1.000000
0.995532 -0.013103 0.093516 -0.122800 0.028371 0.986076 -0.163857 3.010500 -0.090067 0.165778 0.982042 -0.234100 0.000000 0.000000 0.000000 1.000000
0.998616 0.029274 0.043688 -0.122800 -0.022669 0.989220 -0.144672 3.010500 -0.047452 0.143481 0.988515 -0.234100 0.000000 0.000000 0.000000 1.000000
0.997657 0.063199 -0.026189 -0.122800 -0.065988 0.989994 -0.124732 3.010500 0.018044 0.126168 0.991845 -0.234100 0.000000 0.000000 0.000000 1.000000</float_array><technique_common><accessor source="#Spine-Matrix-animation-output-transform-array" count="56" stride="16"><param type="float4x4"/></accessor></technique_common></source><source id="Spine-Interpolations"><Name_array id="Spine-Interpolations-array" count="56">
 LINEAR LINEAR LINEAR LINEAR LINEAR LINEAR LINEAR LINEAR LINEAR LINEAR LINEAR
LINEAR LINEAR LINEAR LINEAR LINEAR LINEAR LINEAR LINEAR LINEAR LINEAR LINEAR LINEAR
LINEAR LINEAR LINEAR LINEAR LINEAR LINEAR LINEAR LINEAR LINEAR LINEAR LINEAR LINEAR
LINEAR LINEAR LINEAR LINEAR LINEAR LINEAR LINEAR LINEAR LINEAR LINEAR LINEAR LINEAR
LINEAR LINEAR LINEAR LINEAR LINEAR LINEAR LINEAR LINEAR LINEAR</Name_array><technique_common><accessor source="#Spine-Interpolations-array" count="56"><param type="name"/></accessor></technique_common></source><sampler id="Spine-Matrix-animation-transform"><input semantic="INPUT" source="#Spine-Matrix-animation-input"/><input semantic="OUTPUT" source="#Spine-Matrix-animation-output-transform"/><input semantic="INTERPOLATION" source="#Spine-Interpolations"/></sampler><channel source="#Spine-Matrix-animation-transform" target="Spine/matrix"/></animation>
    <animation id="Spine1-anim" name="Spine1"><source id="Spine1-Matrix-animation-input"><float_array id="Spine1-Matrix-animation-input-array" count="56">

0.000000 0.033333 0.066667 0.100000 0.133333 0.166667 0.200000 0.233333 0.266667 0.300000 0.333333 0.366667 0.400000 0.433333 0.466667 0.500000
0.533333 0.566667 0.600000 0.633333 0.666667 0.700000 0.733333 0.766667 0.800000 0.833333 0.866667 0.900000 0.933333 0.966667 1.000000 1.033333
1.066667 1.100000 1.133333 1.166667 1.200000 1.233333 1.266667 1.300000 1.333333 1.366667 1.400000 1.433333 1.466667 1.500000 1.533333 1.566667
1.600000 1.633333 1.666667 1.700000 1.733333 1.766667 1.800000 1.833333</float_array><technique_common><accessor source="#Spine1-Matrix-animation-input-array" count="56"><param name="TIME" type="float"/></accessor></technique_common></source><source id="Spine1-Matrix-animation-output-transform"><float_array id="Spine1-Matrix-animation-output-transform-array" count="896">

0.998892 -0.006946 -0.046544 0.022500 -0.000583 0.987143 -0.159841 3.282900 0.047055 0.159691 0.986045 -0.273100 0.000000 0.000000 0.000000 1.000000
0.999105 -0.005099 -0.041988 0.022500 -0.001591 0.987475 -0.157769 3.282900 0.042266 0.157694 0.986583 -0.273100 0.000000 0.000000 0.000000 1.000000
0.999300 -0.002808 -0.037301 0.022500 -0.003061 0.987693 -0.156375 3.282900 0.037281 0.156379 0.986993 -0.273100 0.000000 0.000000 0.000000 1.000000
0.999461 -0.000421 -0.032813 0.022500 -0.004710 0.987722 -0.156150 3.282900 0.032476 0.156220 0.987188 -0.273100 0.000000 0.000000 0.000000 1.000000
0.999597 0.000628 -0.028389 0.022500 -0.005082 0.987569 -0.157105 3.282900 0.027938 0.157186 0.987174 -0.273100 0.000000 0.000000 0.000000 1.000000
0.999741 0.001087 -0.022715 0.022500 -0.004707 0.987119 -0.159919 3.282900 0.022248 0.159985 0.986869 -0.273100 0.000000 0.000000 0.000000 1.000000
0.999857 0.002307 -0.016780 0.022500 -0.005038 0.986348 -0.164597 3.282900 0.016171 0.164658 0.986218 -0.273100 0.000000 0.000000 0.000000 1.000000
0.999891 0.004390 -0.014064 0.022500 -0.006698 0.985681 -0.168485 3.282900 0.013123 0.168561 0.985604 -0.273100 0.000000 0.000000 0.000000 1.000000
0.999888 0.008793 -0.012105 0.022500 -0.010692 0.985903 -0.166975 3.282900 0.010466 0.167086 0.985887 -0.273100 0.000000 0.000000 0.000000 1.000000
0.999831 0.016358 -0.008383 0.022500 -0.017474 0.987379 -0.157407 3.282900 0.005703 0.157527 0.987498 -0.273100 0.000000 0.000000 0.000000 1.000000
0.999649 0.025175 -0.008267 0.022500 -0.026109 0.989063 -0.145167 3.282900 0.004522 0.145332 0.989373 -0.273100 0.000000 0.000000 0.000000 1.000000
0.999349 0.034010 -0.012070 0.022500 -0.035321 0.990376 -0.133818 3.282900 0.007403 0.134157 0.990932 -0.273100 0.000000 0.000000 0.000000 1.000000
0.999207 0.037727 -0.012718 0.022500 -0.039015 0.991525 -0.123921 3.282900 0.007935 0.124318 0.992211 -0.273100 0.000000 0.000000 0.000000 1.000000
0.999391 0.033995 -0.007815 0.022500 -0.034678 0.992479 -0.117403 3.282900 0.003765 0.117603 0.993054 -0.273100 0.000000 0.000000 0.000000 1.000000
0.999536 0.030466 0.000047 0.022500 -0.030281 0.993633 -0.108516 3.282900 -0.003352 0.108464 0.994095 -0.273100 0.000000 0.000000 0.000000 1.000000
0.999523 0.029149 0.010157 0.022500 -0.028084 0.995299 -0.092684 3.282900 -0.012811 0.092355 0.995644 -0.273100 0.000000 0.000000 0.000000 1.000000
0.999463 0.026857 0.018755 0.022500 -0.025331 0.996684 -0.077325 3.282900 -0.020770 0.076808 0.996830 -0.273100 0.000000 0.000000 0.000000 1.000000
0.999627 0.024750 0.011580 0.022500 -0.023849 0.997097 -0.072308 3.282900 -0.013336 0.072005 0.997315 -0.273100 0.000000 0.000000 0.000000 1.000000
0.999710 0.021467 -0.010910 0.022500 -0.022243 0.996790 -0.076911 3.282900 0.009224 0.077131 0.996978 -0.273100 0.000000 0.000000 0.000000 1.000000
0.999601 0.011857 -0.025625 0.022500 -0.014044 0.996114 -0.086943 3.282900 0.024494 0.087268 0.995884 -0.273100 0.000000 0.000000 0.000000 1.000000
0.999325 -0.007175 -0.036020 0.022500 0.003584 0.995104 -0.098770 3.282900 0.036552 0.098574 0.994458 -0.273100 0.000000 0.000000 0.000000 1.000000
0.997985 -0.027373 -0.057234 0.022500 0.021330 0.994385 -0.103650 3.282900 0.059750 0.102220 0.992966 -0.273100 0.000000 0.000000 0.000000 1.000000
0.996100 -0.038711 -0.079287 0.022500 0.030300 0.994046 -0.104664 3.282900 0.082866 0.101853 0.991342 -0.273100 0.000000 0.000000 0.000000 1.000000
0.995353 -0.040646 -0.087294 0.022500 0.030728 0.993222 -0.112097 3.282900 0.091259 0.108894 0.989855 -0.273100 0.000000 0.000000 0.000000 1.000000
0.995271 -0.040731 -0.088186 0.022500 0.030286 0.992707 -0.116689 3.282900 0.092295 0.113466 0.989246 -0.273100 0.000000 0.000000 0.000000 1.000000
0.995220 -0.040569 -0.088831 0.022500 0.030709 0.993493 -0.109674 3.282900 0.092703 0.106422 0.989990 -0.273100 0.000000 0.000000 0.000000 1.000000
0.995613 -0.038539 -0.085262 0.022500 0.030279 0.994907 -0.096141 3.282900 0.088533 0.093138 0.991709 -0.273100 0.000000 0.000000 0.000000 1.000000
0.996377 -0.030228 -0.079498 0.022500 0.024122 0.996764 -0.076683 3.282900 0.081559 0.074487 0.993881 -0.273100 0.000000 0.000000 0.000000 1.000000
0.997009 -0.007887 -0.076877 0.022500 0.003792 0.998573 -0.053268 3.282900 0.077188 0.052817 0.995617 -0.273100 0.000000 0.000000 0.000000 1.000000
0.997221 0.022372 -0.071055 0.022500 -0.024913 0.999074 -0.035080 3.282900 0.070204 0.036753 0.996855 -0.273100 0.000000 0.000000 0.000000 1.000000
0.996839 0.054056 -0.058217 0.022500 -0.055520 0.998173 -0.023842 3.282900 0.056821 0.026999 0.998019 -0.273100 0.000000 0.000000 0.000000 1.000000
0.995176 0.088551 -0.042238 0.022500 -0.089579 0.995712 -0.023082 3.282900 0.040013 0.026754 0.998841 -0.273100 0.000000 0.000000 0.000000 1.000000
0.993303 0.111988 -0.028439 0.022500 -0.112858 0.993124 -0.031098 3.282900 0.024761 0.034100 0.999112 -0.273100 0.000000 0.000000 0.000000 1.000000
0.992117 0.122698 -0.025463 0.022500 -0.123805 0.991158 -0.047737 3.282900 0.019381 0.050513 0.998535 -0.273100 0.000000 0.000000 0.000000 1.000000
0.991912 0.124219 -0.026072 0.022500 -0.125879 0.989081 -0.076639 3.282900 0.016267 0.079301 0.996718 -0.273100 0.000000 0.000000 0.000000 1.000000
0.993381 0.111732 -0.026653 0.022500 -0.114012 0.987334 -0.110328 3.282900 0.013988 0.112637 0.993538 -0.273100 0.000000 0.000000 0.000000 1.000000
0.996381 0.079580 -0.029859 0.022500 -0.082986 0.986770 -0.139276 3.282900 0.018380 0.141250 0.989803 -0.273100 0.000000 0.000000 0.000000 1.000000
0.998440 0.041027 -0.037861 0.022500 -0.046421 0.986857 -0.154783 3.282900 0.031013 0.156300 0.987223 -0.273100 0.000000 0.000000 0.000000 1.000000
0.998556 0.021569 -0.049201 0.022500 -0.029055 0.987186 -0.156909 3.282900 0.045186 0.158112 0.986387 -0.273100 0.000000 0.000000 0.000000 1.000000
0.999006 0.014729 -0.042066 0.022500 -0.020934 0.988297 -0.151099 3.282900 0.039349 0.151829 0.987623 -0.273100 0.000000 0.000000 0.000000 1.000000
0.999918 -0.003316 -0.012402 0.022500 0.001336 0.987697 -0.156372 3.282900 0.012768 0.156343 0.987620 -0.273100 0.000000 0.000000 0.000000 1.000000
0.999578 -0.021791 0.019183 0.022500 0.024892 0.983353 -0.179992 3.282900 -0.014942 0.180394 0.983481 -0.273100 0.000000 0.000000 0.000000 1.000000
0.998601 -0.034814 0.039792 0.022500 0.041942 0.979849 -0.195288 3.282900 -0.032192 0.196683 0.979938 -0.273100 0.000000 0.000000 0.000000 1.000000
0.997189 -0.046733 0.058567 0.022500 0.056983 0.980553 -0.187802 3.282900 -0.048652 0.190611 0.980459 -0.273100 0.000000 0.000000 0.000000 1.000000
0.995293 -0.048684 0.083800 0.022500 0.063536 0.980706 -0.184878 3.282900 -0.073182 0.189332 0.979182 -0.273100 0.000000 0.000000 0.000000 1.000000
0.993351 -0.045678 0.105675 0.022500 0.065848 0.978375 -0.196076 3.282900 -0.094434 0.201731 0.974878 -0.273100 0.000000 0.000000 0.000000 1.000000
0.992151 -0.052712 0.113395 0.022500 0.074935 0.976581 -0.201679 3.282900 -0.100108 0.208594 0.972865 -0.273100 0.000000 0.000000 0.000000 1.000000
0.992189 -0.060267 0.109217 0.022500 0.081252 0.976574 -0.199253 3.282900 -0.094650 0.206571 0.973843 -0.273100 0.000000 0.000000 0.000000 1.000000
0.993549 -0.059878 0.096308 0.022500 0.077928 0.977460 -0.196212 3.282900 -0.082389 0.202452 0.975820 -0.273100 0.000000 0.000000 0.000000 1.000000
0.995357 -0.056804 0.077704 0.022500 0.070992 0.978400 -0.194148 3.282900 -0.064997 0.198763 0.977890 -0.273100 0.000000 0.000000 0.000000 1.000000
0.996527 -0.053589 0.063742 0.022500 0.064982 0.979087 -0.192787 3.282900 -0.052078 0.196259 0.979168 -0.273100 0.000000 0.000000 0.000000 1.000000
0.996988 -0.047359 0.061415 0.022500 0.058097 0.980655 -0.186924 3.282900 -0.051374 0.189929 0.980453 -0.273100 0.000000 0.000000 0.000000 1.000000
0.997067 -0.037266 0.066851 0.022500 0.048145 0.984382 -0.169333 3.282900 -0.059497 0.172055 0.983289 -0.273100 0.000000 0.000000 0.000000 1.000000
0.997337 -0.016492 0.071046 0.022500 0.026746 0.988938 -0.145900 3.282900 -0.067854 0.147411 0.986745 -0.273100 0.000000 0.000000 0.000000 1.000000
0.998894 0.010214 0.045896 0.022500 -0.004249 0.991734 -0.128238 3.282900 -0.046826 0.127901 0.990681 -0.273100 0.000000 0.000000 0.000000 1.000000
0.999549 0.030021 0.000454 0.022500 -0.029776 0.993089 -0.113525 3.282900 -0.003859 0.113461 0.993535 -0.273100 0.000000 0.000000 0.000000 1.000000</float_array><technique_common><accessor source="#Spine1-Matrix-animation-output-transform-array" count="56" stride="16"><param type="float4x4"/></accessor></technique_common></source><source id="Spine1-Interpolations"><Name_array id="Spine1-Interpolations-array" count="56">
 LINEAR LINEAR LINEAR LINEAR LINEAR LINEAR LINEAR LINEAR LINEAR LINEAR LINEAR
LINEAR LINEAR LINEAR LINEAR LINEAR LINEAR LINEAR LINEAR LINEAR LINEAR LINEAR LINEAR
LINEAR LINEAR LINEAR LINEAR LINEAR LINEAR LINEAR LINEAR LINEAR LINEAR LINEAR LINEAR
LINEAR LINEAR LINEAR LINEAR LINEAR LINEAR LINEAR LINEAR LINEAR LINEAR LINEAR LINEAR
LINEAR LINEAR LINEAR LINEAR LINEAR LINEAR LINEAR LINEAR LINEAR</Name_array><technique_common><accessor source="#Spine1-Interpolations-array" count="56"><param type="name"/></accessor></technique_common></source><sampler id="Spine1-Matrix-animation-transform"><input semantic="INPUT" source="#Spine1-Matrix-animation-input"/><input semantic="OUTPUT" source="#Spine1-Matrix-animation-output-transform"/><input semantic="INTERPOLATION" source="#Spine1-Interpolations"/></sampler><channel source="#Spine1-Matrix-animation-transform" target="Spine1/matrix"/></animation>
    <animation id="Spine2-anim" name="Spine2"><source id="Spine2-Matrix-animation-input"><float_array id="Spine2-Matrix-animation-input-array" count="56">

0.000000 0.033333 0.066667 0.100000 0.133333 0.166667 0.200000 0.233333 0.266667 0.300000 0.333333 0.366667 0.400000 0.433333 0.466667 0.500000
0.533333 0.566667 0.600000 0.633333 0.666667 0.700000 0.733333 0.766667 0.800000 0.833333 0.866667 0.900000 0.933333 0.966667 1.000000 1.033333
1.066667 1.100000 1.133333 1.166667 1.200000 1.233333 1.266667 1.300000 1.333333 1.366667 1.400000 1.433333 1.466667 1.500000 1.533333 1.566667
1.600000 1.633333 1.666667 1.700000 1.733333 1.766667 1.800000 1.833333</float_array><technique_common><accessor source="#Spine2-Matrix-animation-input-array" count="56"><param name="TIME" type="float"/></accessor></technique_common></source><source id="Spine2-Matrix-animation-output-transform"><float_array id="Spine2-Matrix-animation-output-transform-array" count="896">

0.999073 -0.006168 -0.042612 -0.045800 -0.000765 0.986986 -0.160803 5.226400 0.043050 0.160686 0.986066 -0.312100 0.000000 0.000000 0.000000 1.000000
0.999264 -0.004345 -0.038119 -0.045800 -0.001758 0.987336 -0.158633 5.226400 0.038326 0.158583 0.986602 -0.312100 0.000000 0.000000 0.000000 1.000000
0.999437 -0.002078 -0.033499 -0.045800 -0.003214 0.987571 -0.157138 5.226400 0.033409 0.157158 0.987008 -0.312100 0.000000 0.000000 0.000000 1.000000
0.999576 0.000282 -0.029125 -0.045800 -0.004849 0.987615 -0.156824 5.226400 0.028720 0.156899 0.987197 -0.312100 0.000000 0.000000 0.000000 1.000000
0.999693 0.001316 -0.024757 -0.045800 -0.005205 0.987475 -0.157690 5.226400 0.024239 0.157770 0.987178 -0.312100 0.000000 0.000000 0.000000 1.000000
0.999817 0.001775 -0.019036 -0.045800 -0.004806 0.987043 -0.160386 5.226400 0.018505 0.160449 0.986871 -0.312100 0.000000 0.000000 0.000000 1.000000
0.999909 0.002969 -0.013129 -0.045800 -0.005094 0.986289 -0.164949 5.226400 0.012459 0.165001 0.986215 -0.312100 0.000000 0.000000 0.000000 1.000000
0.999930 0.004947 -0.010728 -0.045800 -0.006688 0.985628 -0.168795 5.226400 0.009739 0.168855 0.985593 -0.312100 0.000000 0.000000 0.000000 1.000000
0.999913 0.009157 -0.009499 -0.045800 -0.010617 0.985855 -0.167261 5.226400 0.007833 0.167347 0.985867 -0.312100 0.000000 0.000000 0.000000 1.000000
0.999842 0.016538 -0.006542 -0.045800 -0.017363 0.987343 -0.157643 5.226400 0.003853 0.157732 0.987474 -0.312100 0.000000 0.000000 0.000000 1.000000
0.999657 0.025336 -0.006590 -0.045800 -0.026025 0.989038 -0.145348 5.226400 0.002835 0.145470 0.989359 -0.312100 0.000000 0.000000 0.000000 1.000000
0.999361 0.034231 -0.010242 -0.045800 -0.035295 0.990356 -0.133976 5.226400 0.005557 0.134252 0.990932 -0.312100 0.000000 0.000000 0.000000 1.000000
0.999221 0.037919 -0.010968 -0.045800 -0.038988 0.991509 -0.124054 5.226400 0.006171 0.124385 0.992215 -0.312100 0.000000 0.000000 0.000000 1.000000
0.999398 0.034089 -0.006413 -0.045800 -0.034606 0.992474 -0.117468 5.226400 0.002361 0.117619 0.993056 -0.312100 0.000000 0.000000 0.000000 1.000000
0.999537 0.030403 0.001090 -0.045800 -0.030105 0.993637 -0.108536 5.226400 -0.004383 0.108453 0.994092 -0.312100 0.000000 0.000000 0.000000 1.000000
0.999522 0.028803 0.011216 -0.045800 -0.027642 0.995313 -0.092673 5.226400 -0.013833 0.092318 0.995633 -0.312100 0.000000 0.000000 0.000000 1.000000
0.999463 0.026112 0.019777 -0.045800 -0.024511 0.996707 -0.077288 5.226400 -0.021730 0.076762 0.996813 -0.312100 0.000000 0.000000 0.000000 1.000000
0.999637 0.024139 0.011944 -0.045800 -0.023213 0.997107 -0.072377 5.226400 -0.013657 0.072074 0.997306 -0.312100 0.000000 0.000000 0.000000 1.000000
0.999697 0.021624 -0.011762 -0.045800 -0.022464 0.996794 -0.076790 5.226400 0.010064 0.077031 0.996978 -0.312100 0.000000 0.000000 0.000000 1.000000
0.999544 0.012411 -0.027512 -0.045800 -0.014749 0.996146 -0.086457 5.226400 0.026333 0.086823 0.995876 -0.312100 0.000000 0.000000 0.000000 1.000000
0.999218 -0.006563 -0.038998 -0.045800 0.002714 0.995188 -0.097945 5.226400 0.039453 0.097762 0.994427 -0.312100 0.000000 0.000000 0.000000 1.000000
0.997779 -0.026676 -0.061041 -0.045800 0.020343 0.994566 -0.102103 5.226400 0.063433 0.100634 0.992899 -0.312100 0.000000 0.000000 0.000000 1.000000
0.995816 -0.037716 -0.083239 -0.045800 0.029089 0.994306 -0.102519 5.226400 0.086632 0.099669 0.991242 -0.312100 0.000000 0.000000 0.000000 1.000000
0.995022 -0.039230 -0.091610 -0.045800 0.029066 0.993533 -0.109757 5.226400 0.095324 0.106548 0.989728 -0.312100 0.000000 0.000000 0.000000 1.000000
0.994920 -0.039197 -0.092725 -0.045800 0.028471 0.993039 -0.114297 5.226400 0.096559 0.111076 0.989110 -0.312100 0.000000 0.000000 0.000000 1.000000
0.994895 -0.038988 -0.093078 -0.045800 0.028904 0.993803 -0.107333 5.226400 0.096686 0.104095 0.989857 -0.312100 0.000000 0.000000 0.000000 1.000000
0.995347 -0.036852 -0.089032 -0.045800 0.028434 0.995163 -0.094029 5.226400 0.092067 0.091060 0.991580 -0.312100 0.000000 0.000000 0.000000 1.000000
0.996169 -0.028619 -0.082631 -0.045800 0.022448 0.996955 -0.074673 5.226400 0.084517 0.072533 0.993779 -0.312100 0.000000 0.000000 0.000000 1.000000
0.996862 -0.006255 -0.078905 -0.045800 0.002208 0.998682 -0.051278 5.226400 0.079122 0.050942 0.995562 -0.312100 0.000000 0.000000 0.000000 1.000000
0.997144 0.024268 -0.071517 -0.045800 -0.026738 0.999072 -0.033774 5.226400 0.070631 0.035590 0.996867 -0.312100 0.000000 0.000000 0.000000 1.000000
0.996807 0.055935 -0.056992 -0.045800 -0.057343 0.998081 -0.023388 5.226400 0.055574 0.026581 0.998101 -0.312100 0.000000 0.000000 0.000000 1.000000
0.995161 0.090026 -0.039364 -0.045800 -0.090976 0.995586 -0.023058 5.226400 0.037114 0.026528 0.998959 -0.312100 0.000000 0.000000 0.000000 1.000000
0.993301 0.112944 -0.024413 -0.045800 -0.113683 0.993022 -0.031359 5.226400 0.020701 0.033925 0.999210 -0.312100 0.000000 0.000000 0.000000 1.000000
0.992120 0.123616 -0.020431 -0.045800 -0.124474 0.991056 -0.048104 5.226400 0.014302 0.050268 0.998633 -0.312100 0.000000 0.000000 0.000000 1.000000
0.991919 0.125340 -0.019658 -0.045800 -0.126495 0.988965 -0.077116 5.226400 0.009775 0.078979 0.996828 -0.312100 0.000000 0.000000 0.000000 1.000000
0.993402 0.113042 -0.019319 -0.045800 -0.114494 0.987216 -0.110889 5.226400 0.006537 0.112369 0.993645 -0.312100 0.000000 0.000000 0.000000 1.000000
0.996445 0.081127 -0.022694 -0.045800 -0.083515 0.986631 -0.139946 5.226400 0.011037 0.141344 0.989899 -0.312100 0.000000 0.000000 0.000000 1.000000
0.998585 0.042734 -0.031645 -0.045800 -0.047158 0.986680 -0.155689 5.226400 0.024571 0.156961 0.987299 -0.312100 0.000000 0.000000 0.000000 1.000000
0.998710 0.023225 -0.045153 -0.045800 -0.030085 0.987021 -0.157745 5.226400 0.040903 0.158900 0.986447 -0.312100 0.000000 0.000000 0.000000 1.000000
0.999031 0.015297 -0.041272 -0.045800 -0.021380 0.988269 -0.151220 5.226400 0.038475 0.151956 0.987638 -0.312100 0.000000 0.000000 0.000000 1.000000
0.999911 -0.003338 -0.012893 -0.045800 0.001281 0.987703 -0.156336 5.226400 0.013257 0.156306 0.987620 -0.312100 0.000000 0.000000 0.000000 1.000000
0.999587 -0.021842 0.018683 -0.045800 0.024852 0.983345 -0.180041 5.226400 -0.014439 0.180430 0.983482 -0.312100 0.000000 0.000000 0.000000 1.000000
0.998627 -0.035399 0.038619 -0.045800 0.042289 0.979810 -0.195408 5.226400 -0.030922 0.196773 0.979961 -0.312100 0.000000 0.000000 0.000000 1.000000
0.997266 -0.047759 0.056385 -0.045800 0.057592 0.980450 -0.188153 5.226400 -0.046296 0.190886 0.980520 -0.312100 0.000000 0.000000 0.000000 1.000000
0.995373 -0.050154 0.081957 -0.045800 0.064655 0.980577 -0.185171 5.226400 -0.071078 0.189614 0.979283 -0.312100 0.000000 0.000000 0.000000 1.000000
0.993304 -0.048250 0.104972 -0.045800 0.068197 0.978300 -0.195650 5.226400 -0.093254 0.201499 0.975039 -0.312100 0.000000 0.000000 0.000000 1.000000
0.991955 -0.056009 0.113528 -0.045800 0.078092 0.976568 -0.200543 5.226400 -0.099636 0.207795 0.973085 -0.312100 0.000000 0.000000 0.000000 1.000000
0.991961 -0.063406 0.109513 -0.045800 0.084281 0.976574 -0.197991 5.226400 -0.094394 0.205629 0.974067 -0.312100 0.000000 0.000000 0.000000 1.000000
