<?xml version="1.0" encoding="utf-8"?>
<COLLADA xmlns="http://www.collada.org/2005/11/COLLADASchema" version="1.4.1">
  <asset><contributor><author>Mixamo</author><authoring_tool>COLLADA Mixamo exporter</authoring_tool><comments></comments></contributor><created>2020-06-15T21:46:27Z</created><modified>2020-06-15T21:46:27Z</modified><revision></revision><title></title><unit meter="0.010000"/><up_axis>Y_UP</up_axis></asset>
  <library_animations>
    <animation id="Hips-anim" name="Hips"><source id="Hips-Matrix-animation-input"><float_array id="Hips-Matrix-animation-input-array" count="30">

0.000000 0.033333 0.066667 0.100000 0.133333 0.166667 0.200000 0.233333 0.266667 0.300000 0.333333 0.366667 0.400000 0.433333 0.466667 0.500000
0.533333 0.566667 0.600000 0.633333 0.666667 0.700000 0.733333 0.766667 0.800000 0.833333 0.866667 0.900000 0.933333 0.966667</float_array><technique_common><accessor source="#Hips-Matrix-animation-input-array" count="30"><param name="TIME" type="float"/></accessor></technique_common></source><source id="Hips-Matrix-animation-output-transform"><float_array id="Hips-Matrix-animation-output-transform-array" count="480">

0.980099 0.091884 0.175963 0.001298 -0.094288 0.995531 0.005330 35.853588 -0.174687 -0.021815 0.984382 -0.021247 0.000000 0.000000 0.000000 1.000000
0.986517 0.071563 0.147184 0.120239 -0.071118 0.997433 -0.008289 36.049580 -0.147400 -0.002290 0.989074 -0.109796 0.000000 0.000000 0.000000 1.000000
0.993297 0.048616 0.104865 0.270600 -0.046369 0.998642 -0.023764 36.054462 -0.105878 0.018742 0.994202 -0.221172 0.000000 0.000000 0.000000 1.000000
0.998194 0.021283 0.056171 0.446639 -0.019198 0.999116 -0.037397 35.953609 -0.056917 0.036251 0.997721 -0.314280 0.000000 0.000000 0.000000 1.000000
0.999953 0.000633 0.009660 0.607527 -0.000205 0.999020 -0.044265 35.795174 -0.009679 0.044261 0.998973 -0.327164 0.000000 0.000000 0.000000 1.000000
0.999577 -0.003568 -0.028860 0.730763 0.002327 0.999074 -0.042952 35.572739 0.028986 0.042867 0.998660 -0.206051 0.000000 0.000000 0.000000 1.000000
0.998168 -0.001393 -0.060483 0.893906 -0.001115 0.999141 -0.041416 35.184219 0.060489 0.041408 0.997310 0.076347 0.000000 0.000000 0.000000 1.000000
0.996894 -0.006907 -0.078458 1.049373 0.003636 0.999121 -0.041763 34.840412 0.078677 0.041348 0.996042 0.326200 0.000000 0.000000 0.000000 1.000000
0.996575 -0.026646 -0.078281 1.245654 0.023906 0.999075 -0.035734 34.907333 0.079160 0.033740 0.996291 0.572415 0.000000 0.000000 0.000000 1.000000
0.996154 -0.042964 -0.076358 1.458854 0.041394 0.998900 -0.022026 34.921940 0.077220 0.018781 0.996837 0.928577 0.000000 0.000000 0.000000 1.000000
0.994862 -0.068661 -0.074404 1.719812 0.067880 0.997609 -0.012972 34.876888 0.075116 0.007854 0.997144 1.142043 0.000000 0.000000 0.000000 1.000000
0.992757 -0.101258 -0.064661 1.979086 0.101119 0.994860 -0.005438 34.867001 0.064880 -0.001140 0.997892 1.116813 0.000000 0.000000 0.000000 1.000000
0.990801 -0.123134 -0.056141 2.162216 0.123319 0.992367 -0.000155 35.066486 0.055732 -0.006770 0.998423 1.033251 0.000000 0.000000 0.000000 1.000000
0.989792 -0.130722 -0.056773 2.244910 0.130984 0.991384 0.000898 35.380360 0.056167 -0.008325 0.998387 0.906207 0.000000 0.000000 0.000000 1.000000
0.990430 -0.124082 -0.060431 2.227025 0.124376 0.992235 0.001112 35.725349 0.059823 -0.008618 0.998172 0.763748 0.000000 0.000000 0.000000 1.000000
0.992682 -0.111097 -0.047331 2.155074 0.110935 0.993809 -0.006058 35.957787 0.047711 0.000763 0.998861 0.590474 0.000000 0.000000 0.000000 1.000000
0.995787 -0.089607 -0.019446 2.029570 0.089330 0.995894 -0.014665 36.111637 0.020680 0.012866 0.999703 0.426396 0.000000 0.000000 0.000000 1.000000
0.998131 -0.059268 0.014869 1.824390 0.059555 0.998031 -0.019661 36.194977 -0.013674 0.020509 0.999696 0.253209 0.000000 0.000000 0.000000 1.000000
0.998310 -0.035057 0.046358 1.635670 0.035975 0.999170 -0.019126 36.153324 -0.045649 0.020761 0.998742 0.124210 0.000000 0.000000 0.000000 1.000000
0.996514 -0.026612 0.079069 1.454848 0.027662 0.999543 -0.012211 35.884132 -0.078708 0.014355 0.996794 0.185414 0.000000 0.000000 0.000000 1.000000
0.993176 -0.025215 0.113864 1.290777 0.026459 0.999605 -0.009431 35.307743 -0.113581 0.012380 0.993452 0.306752 0.000000 0.000000 0.000000 1.000000
0.989972 -0.020785 0.139725 1.119628 0.021441 0.999765 -0.003191 34.931770 -0.139626 0.006155 0.990185 0.497804 0.000000 0.000000 0.000000 1.000000
0.988966 -0.008005 0.147929 0.939876 0.007609 0.999966 0.003240 34.844040 -0.147949 -0.002078 0.988993 0.695706 0.000000 0.000000 0.000000 1.000000
0.988458 0.006072 0.151374 0.725559 -0.007431 0.999937 0.008417 34.879345 -0.151313 -0.009444 0.988441 0.892295 0.000000 0.000000 0.000000 1.000000
0.987736 0.026362 0.153890 0.480701 -0.028604 0.999514 0.012373 34.773643 -0.153489 -0.016623 0.988010 1.054718 0.000000 0.000000 0.000000 1.000000
0.986808 0.057183 0.151462 0.252622 -0.059500 0.998170 0.010804 34.659508 -0.150567 -0.019673 0.988404 1.006865 0.000000 0.000000 0.000000 1.000000
0.985034 0.085290 0.149778 0.086836 -0.087120 0.996182 0.005687 34.715912 -0.148721 -0.018651 0.988703 0.783856 0.000000 0.000000 0.000000 1.000000
0.982504 0.101926 0.155877 -0.019445 -0.103384 0.994641 0.001253 35.133282 -0.154914 -0.017346 0.987776 0.546958 0.000000 0.000000 0.000000 1.000000
0.979371 0.103690 0.173441 -0.051843 -0.105579 0.994410 0.001676 35.555248 -0.172297 -0.019953 0.984843 0.265336 0.000000 0.000000 0.000000 1.000000
0.980099 0.091884 0.175963 0.001297 -0.094288 0.995531 0.005330 35.853580 -0.174687 -0.021815 0.984382 -0.021248 0.000000 0.000000 0.000000 1.000000</float_array><technique_common><accessor source="#Hips-Matrix-animation-output-transform-array" count="30" stride="16"><param type="float4x4"/></accessor></technique_common></source><source id="Hips-Interpolations"><Name_array id="Hips-Interpolations-array" count="30">
 LINEAR LINEAR LINEAR LINEAR LINEAR LINEAR LINEAR LINEAR LINEAR LINEAR LINEAR
LINEAR LINEAR LINEAR LINEAR LINEAR LINEAR LINEAR LINEAR LINEAR LINEAR LINEAR LINEAR
LINEAR LINEAR LINEAR LINEAR LINEAR LINEAR LINEAR</Name_array><technique_common><accessor source="#Hips-Interpolations-array" count="30"><param type="name"/></accessor></technique_common></source><sampler id="Hips-Matrix-animation-transform"><input semantic="INPUT" source="#Hips-Matrix-animation-input"/><input semantic="OUTPUT" source="#Hips-Matrix-animation-output-transform"/><input semantic="INTERPOLATION" source="#Hips-Interpolations"/></sampler><channel source="#Hips-Matrix-animation-transform" target="Hips/matrix"/></animation>
    <animation id="Spine-anim" name="Spine"><source id="Spine-Matrix-animation-input"><float_array id="Spine-Matrix-animation-input-array" count="30">

0.000000 0.033333 0.066667 0.100000 0.133333 0.166667 0.200000 0.233333 0.266667 0.300000 0.333333 0.366667 0.400000 0.433333 0.466667 0.500000
0.533333 0.566667 0.600000 0.633333 0.666667 0.700000 0.733333 0.766667 0.800000 0.833333 0.866667 0.900000 0.933333 0.966667</float_array><technique_common><accessor source="#Spine-Matrix-animation-input-array" count="30"><param name="TIME" type="float"/></accessor></technique_common></source><source id="Spine-Matrix-animation-output-transform"><float_array id="Spine-Matrix-animation-output-transform-array" count="480">

0.997272 -0.072581 -0.013473 -0.122800 0.071884 0.996328 -0.046500 3.010500 0.016799 0.045405 0.998827 -0.234100 0.000000 0.000000 0.000000 1.000000
0.998252 -0.058970 -0.003876 -0.122800 0.058773 0.997495 -0.039353 3.010500 0.006187 0.039056 0.999218 -0.234100 0.000000 0.000000 0.000000 1.000000
0.999033 -0.043560 0.005946 -0.122800 0.043722 0.998571 -0.030741 3.010500 -0.004598 0.030971 0.999510 -0.234100 0.000000 0.000000 0.000000 1.000000
0.999443 -0.030590 0.013319 -0.122800 0.030905 0.999230 -0.024172 3.010500 -0.012569 0.024570 0.999619 -0.234100 0.000000 0.000000 0.000000 1.000000
0.999458 -0.026005 0.020177 -0.122800 0.026392 0.999468 -0.019159 3.010500 -0.019668 0.019681 0.999613 -0.234100 0.000000 0.000000 0.000000 1.000000
0.998878 -0.036866 0.029717 -0.122800 0.037284 0.999212 -0.013630 3.010500 -0.029192 0.014723 0.999465 -0.234100 0.000000 0.000000 0.000000 1.000000
0.997748 -0.053031 0.041070 -0.122800 0.053100 0.998589 -0.000603 3.010500 -0.040980 0.002782 0.999156 -0.234100 0.000000 0.000000 0.000000 1.000000
0.997890 -0.049499 0.042009 -0.122800 0.049558 0.998771 -0.000373 3.010500 -0.041939 0.002454 0.999117 -0.234100 0.000000 0.000000 0.000000 1.000000
0.999136 -0.024916 0.033270 -0.122800 0.025194 0.999651 -0.007954 3.010500 -0.033060 0.008785 0.999415 -0.234100 0.000000 0.000000 0.000000 1.000000
0.999570 -0.006441 0.028607 -0.122800 0.006893 0.999852 -0.015740 3.010500 -0.028501 0.015930 0.999467 -0.234100 0.000000 0.000000 0.000000 1.000000
0.999624 0.010572 0.025320 -0.122800 -0.009857 0.999553 -0.028214 3.010500 -0.025607 0.027953 0.999281 -0.234100 0.000000 0.000000 0.000000 1.000000
0.999327 0.030905 0.019764 -0.122800 -0.030049 0.998655 -0.042247 3.010500 -0.021043 0.041624 0.998912 -0.234100 0.000000 0.000000 0.000000 1.000000
0.999093 0.040238 0.013962 -0.122800 -0.039424 0.997741 -0.054388 3.010500 -0.016119 0.053788 0.998422 -0.234100 0.000000 0.000000 0.000000 1.000000
0.999212 0.038269 0.010538 -0.122800 -0.037519 0.997246 -0.063968 3.010500 -0.012956 0.063523 0.997896 -0.234100 0.000000 0.000000 0.000000 1.000000
0.999502 0.031036 0.005708 -0.122800 -0.030557 0.997047 -0.070457 3.010500 -0.007878 0.070248 0.997498 -0.234100 0.000000 0.000000 0.000000 1.000000
0.999749 0.022205 -0.002965 -0.122800 -0.022354 0.997485 -0.067265 3.010500 0.001463 0.067314 0.997731 -0.234100 0.000000 0.000000 0.000000 1.000000
0.999893 0.008697 -0.011791 -0.122800 -0.009355 0.998333 -0.056962 3.010500 0.011276 0.057066 0.998307 -0.234100 0.000000 0.000000 0.000000 1.000000
0.999783 -0.007700 -0.019346 -0.122800 0.006784 0.998872 -0.046999 3.010500 0.019686 0.046858 0.998708 -0.234100 0.000000 0.000000 0.000000 1.000000
0.999566 -0.014797 -0.025470 -0.122800 0.013800 0.999149 -0.038878 3.010500 0.026023 0.038509 0.998919 -0.234100 0.000000 0.000000 0.000000 1.000000
0.999335 -0.003148 -0.036339 -0.122800 0.002023 0.999519 -0.030962 3.010500 0.036419 0.030868 0.998860 -0.234100 0.000000 0.000000 0.000000 1.000000
0.998760 0.012088 -0.048300 -0.122800 -0.013193 0.999657 -0.022621 3.010500 0.048010 0.023231 0.998577 -0.234100 0.000000 0.000000 0.000000 1.000000
0.998601 0.012193 -0.051458 -0.122800 -0.013510 0.999588 -0.025309 3.010500 0.051128 0.025969 0.998354 -0.234100 0.000000 0.000000 0.000000 1.000000
0.998933 -0.004718 -0.045944 -0.122800 0.003385 0.999572 -0.029046 3.010500 0.046062 0.028860 0.998522 -0.234100 0.000000 0.000000 0.000000 1.000000
0.998894 -0.021495 -0.041823 -0.122800 0.020263 0.999355 -0.029659 3.010500 0.042433 0.028779 0.998685 -0.234100 0.000000 0.000000 0.000000 1.000000
0.998572 -0.035945 -0.039517 -0.122800 0.034665 0.998866 -0.032625 3.010500 0.040645 0.031209 0.998686 -0.234100 0.000000 0.000000 0.000000 1.000000
0.997472 -0.061394 -0.035784 -0.122800 0.060116 0.997551 -0.035761 3.010500 0.037892 0.033519 0.998720 -0.234100 0.000000 0.000000 0.000000 1.000000
0.996364 -0.079474 -0.030709 -0.122800 0.078326 0.996243 -0.036940 3.010500 0.033529 0.034400 0.998846 -0.234100 0.000000 0.000000 0.000000 1.000000
0.996187 -0.083130 -0.026489 -0.122800 0.082206 0.996026 -0.034266 3.010500 0.029232 0.031958 0.999062 -0.234100 0.000000 0.000000 0.000000 1.000000
0.996566 -0.080053 -0.021156 -0.122800 0.079144 0.996028 -0.040804 3.010500 0.024339 0.038989 0.998943 -0.234100 0.000000 0.000000 0.000000 1.000000
0.997272 -0.072581 -0.013473 -0.122800 0.071884 0.996328 -0.046500 3.010500 0.016799 0.045405 0.998827 -0.234100 0.000000 0.000000 0.000000 1.000000</float_array><technique_common><accessor source="#Spine-Matrix-animation-output-transform-array" count="30" stride="16"><param type="float4x4"/></accessor></technique_common></source><source id="Spine-Interpolations"><Name_array id="Spine-Interpolations-array" count="30">
 LINEAR LINEAR LINEAR LINEAR LINEAR LINEAR LINEAR LINEAR LINEAR LINEAR LINEAR
LINEAR LINEAR LINEAR LINEAR LINEAR LINEAR LINEAR LINEAR LINEAR LINEAR LINEAR LINEAR
LINEAR LINEAR LINEAR LINEAR LINEAR LINEAR LINEAR</Name_array><technique_common><accessor source="#Spine-Interpolations-array" count="30"><param type="name"/></accessor></technique_common></source><sampler id="Spine-Matrix-animation-transform"><input semantic="INPUT" source="#Spine-Matrix-animation-input"/><input semantic="OUTPUT" source="#Spine-Matrix-animation-output-transform"/><input semantic="INTERPOLATION" source="#Spine-Interpolations"/></sampler><channel source="#Spine-Matrix-animation-transform" target="Spine/matrix"/></animation>
    <animation id="Spine1-anim" name="Spine1"><source id="Spine1-Matrix-animation-input"><float_array id="Spine1-Matrix-animation-input-array" count="30">

0.000000 0.033333 0.066667 0.100000 0.133333 0.166667 0.200000 0.233333 0.266667 0.300000 0.333333 0.366667 0.400000 0.433333 0.466667 0.500000
0.533333 0.566667 0.600000 0.633333 0.666667 0.700000 0.733333 0.766667 0.800000 0.833333 0.866667 0.900000 0.933333 0.966667</float_array><technique_common><accessor source="#Spine1-Matrix-animation-input-array" count="30"><param name="TIME" type="float"/></accessor></technique_common></source><source id="Spine1-Matrix-animation-output-transform"><float_array id="Spine1-Matrix-animation-output-transform-array" count="480">

0.999100 -0.014752 -0.039760 0.022500 0.013609 0.999490 -0.028877 3.282900 0.040166 0.028310 0.998792 -0.273100 0.000000 0.000000 0.000000 1.000000
0.999750 -0.004964 -0.021813 0.022500 0.004461 0.999725 -0.023042 3.282900 0.021921 0.022939 0.999496 -0.273100 0.000000 0.000000 0.000000 1.000000
0.999999 0.000192 -0.001235 0.022500 -0.000217 0.999785 -0.020756 3.282900 0.001230 0.020756 0.999784 -0.273100 0.000000 0.000000 0.000000 1.000000
0.999857 0.009293 0.014093 0.022500 -0.009026 0.999781 -0.018903 3.282900 -0.014266 0.018773 0.999722 -0.273100 0.000000 0.000000 0.000000 1.000000
0.999494 0.016642 0.027120 0.022500 -0.016020 0.999608 -0.022981 3.282900 -0.027491 0.022535 0.999368 -0.273100 0.000000 0.000000 0.000000 1.000000
0.999107 0.023678 0.034980 0.022500 -0.022601 0.999268 -0.030876 3.282900 -0.035685 0.030058 0.998911 -0.273100 0.000000 0.000000 0.000000 1.000000
0.998713 0.030359 0.040623 0.022500 -0.028770 0.998819 -0.039152 3.282900 -0.041764 0.037933 0.998407 -0.273100 0.000000 0.000000 0.000000 1.000000
0.998458 0.030580 0.046325 0.022500 -0.028861 0.998886 -0.037339 3.282900 -0.047415 0.035944 0.998228 -0.273100 0.000000 0.000000 0.000000 1.000000
0.998472 0.026506 0.048487 0.022500 -0.025018 0.999205 -0.031033 3.282900 -0.049271 0.029772 0.998342 -0.273100 0.000000 0.000000 0.000000 1.000000
0.998580 0.024374 0.047362 0.022500 -0.023172 0.999399 -0.025772 3.282900 -0.047962 0.024638 0.998545 -0.273100 0.000000 0.000000 0.000000 1.000000
0.998739 0.027646 0.041899 0.022500 -0.026856 0.999453 -0.019297 3.282900 -0.042410 0.018147 0.998935 -0.273100 0.000000 0.000000 0.000000 1.000000
0.999013 0.030849 0.031968 0.022500 -0.030259 0.999366 -0.018775 3.282900 -0.032527 0.017789 0.999313 -0.273100 0.000000 0.000000 0.000000 1.000000
0.999132 0.034378 0.023535 0.022500 -0.033851 0.999175 -0.022458 3.282900 -0.024287 0.021642 0.999471 -0.273100 0.000000 0.000000 0.000000 1.000000
0.999165 0.036599 0.018150 0.022500 -0.036150 0.999046 -0.024485 3.282900 -0.019029 0.023809 0.999535 -0.273100 0.000000 0.000000 0.000000 1.000000
0.999411 0.032777 0.010165 0.022500 -0.032509 0.999147 -0.025461 3.282900 -0.010990 0.025115 0.999624 -0.273100 0.000000 0.000000 0.000000 1.000000
0.999626 0.026812 -0.005408 0.022500 -0.026933 0.999355 -0.023772 3.282900 0.004767 0.023909 0.999703 -0.273100 0.000000 0.000000 0.000000 1.000000
0.999510 0.020142 -0.023956 0.022500 -0.020731 0.999483 -0.024592 3.282900 0.023448 0.025076 0.999411 -0.273100 0.000000 0.000000 0.000000 1.000000
0.999036 0.013149 -0.041873 0.022500 -0.014351 0.999490 -0.028536 3.282900 0.041476 0.029110 0.998715 -0.273100 0.000000 0.000000 0.000000 1.000000
0.998482 0.004353 -0.054906 0.022500 -0.006413 0.999279 -0.037409 3.282900 0.054704 0.037704 0.997791 -0.273100 0.000000 0.000000 0.000000 1.000000
0.997916 -0.007145 -0.064123 0.022500 0.003971 0.998767 -0.049486 3.282900 0.064398 0.049128 0.996714 -0.273100 0.000000 0.000000 0.000000 1.000000
0.997181 -0.016458 -0.073210 0.022500 0.012208 0.998235 -0.058125 3.282900 0.074037 0.057067 0.995621 -0.273100 0.000000 0.000000 0.000000 1.000000
0.996635 -0.017617 -0.080049 0.022500 0.013103 0.998312 -0.056574 3.282900 0.080911 0.055335 0.995184 -0.273100 0.000000 0.000000 0.000000 1.000000
0.996458 -0.012636 -0.083137 0.022500 0.008492 0.998712 -0.050019 3.282900 0.083662 0.049136 0.995282 -0.273100 0.000000 0.000000 0.000000 1.000000
0.996339 -0.007692 -0.085142 0.022500 0.004131 0.999113 -0.041918 3.282900 0.085389 0.041413 0.995487 -0.273100 0.000000 0.000000 0.000000 1.000000
0.996600 -0.009708 -0.081818 0.022500 0.006923 0.999389 -0.034257 3.282900 0.082100 0.033574 0.996058 -0.273100 0.000000 0.000000 0.000000 1.000000
0.996973 -0.011295 -0.076927 0.022500 0.009168 0.999568 -0.027938 3.282900 0.077209 0.027148 0.996645 -0.273100 0.000000 0.000000 0.000000 1.000000
0.997452 -0.017280 -0.069212 0.022500 0.015431 0.999512 -0.027155 3.282900 0.069648 0.026018 0.997232 -0.273100 0.000000 0.000000 0.000000 1.000000
0.997806 -0.024760 -0.061399 0.022500 0.022906 0.999266 -0.030709 3.282900 0.062114 0.029235 0.997641 -0.273100 0.000000 0.000000 0.000000 1.000000
0.998294 -0.025214 -0.052668 0.022500 0.023644 0.999263 -0.030233 3.282900 0.053391 0.028936 0.998154 -0.273100 0.000000 0.000000 0.000000 1.000000
0.999100 -0.014752 -0.039760 0.022500 0.013609 0.999490 -0.028877 3.282900 0.040166 0.028310 0.998792 -0.273100 0.000000 0.000000 0.000000 1.000000</float_array><technique_common><accessor source="#Spine1-Matrix-animation-output-transform-array" count="30" stride="16"><param type="float4x4"/></accessor></technique_common></source><source id="Spine1-Interpolations"><Name_array id="Spine1-Interpolations-array" count="30">
 LINEAR LINEAR LINEAR LINEAR LINEAR LINEAR LINEAR LINEAR LINEAR LINEAR LINEAR
LINEAR LINEAR LINEAR LINEAR LINEAR LINEAR LINEAR LINEAR LINEAR LINEAR LINEAR LINEAR
LINEAR LINEAR LINEAR LINEAR LINEAR LINEAR LINEAR</Name_array><technique_common><accessor source="#Spine1-Interpolations-array" count="30"><param type="name"/></accessor></technique_common></source><sampler id="Spine1-Matrix-animation-transform"><input semantic="INPUT" source="#Spine1-Matrix-animation-input"/><input semantic="OUTPUT" source="#Spine1-Matrix-animation-output-transform"/><input semantic="INTERPOLATION" source="#Spine1-Interpolations"/></sampler><channel source="#Spine1-Matrix-animation-transform" target="Spine1/matrix"/></animation>
    <animation id="Spine2-anim" name="Spine2"><source id="Spine2-Matrix-animation-input"><float_array id="Spine2-Matrix-animation-input-array" count="30">

0.000000 0.033333 0.066667 0.100000 0.133333 0.166667 0.200000 0.233333 0.266667 0.300000 0.333333 0.366667 0.400000 0.433333 0.466667 0.500000
0.533333 0.566667 0.600000 0.633333 0.666667 0.700000 0.733333 0.766667 0.800000 0.833333 0.866667 0.900000 0.933333 0.966667</float_array><technique_common><accessor source="#Spine2-Matrix-animation-input-array" count="30"><param name="TIME" type="float"/></accessor></technique_common></source><source id="Spine2-Matrix-animation-output-transform"><float_array id="Spine2-Matrix-animation-output-transform-array" count="480">

0.999195 -0.004393 -0.039871 -0.045800 0.006425 0.998680 0.050966 5.226400 0.039595 -0.051181 0.997904 -0.312100 0.000000 0.000000 0.000000 1.000000
0.999754 0.004950 -0.021631 -0.045800 -0.003729 0.998417 0.056119 5.226400 0.021874 -0.056025 0.998190 -0.312100 0.000000 0.000000 0.000000 1.000000
0.999955 0.009425 -0.001067 -0.045800 -0.009348 0.998286 0.057775 5.226400 0.001610 -0.057762 0.998329 -0.312100 0.000000 0.000000 0.000000 1.000000
0.999733 0.017862 0.014631 -0.045800 -0.018699 0.998069 0.059237 5.226400 -0.013545 -0.059495 0.998137 -0.312100 0.000000 0.000000 0.000000 1.000000
0.999304 0.024499 0.028133 -0.045800 -0.026012 0.998161 0.054750 5.226400 -0.026740 -0.055444 0.998104 -0.312100 0.000000 0.000000 0.000000 1.000000
0.998849 0.030958 0.036650 -0.045800 -0.032646 0.998389 0.046410 5.226400 -0.035154 -0.047553 0.998250 -0.312100 0.000000 0.000000 0.000000 1.000000
0.998388 0.036892 0.043131 -0.045800 -0.038527 0.998546 0.037703 5.226400 -0.041678 -0.039304 0.998358 -0.312100 0.000000 0.000000 0.000000 1.000000
0.998132 0.036682 0.048851 -0.045800 -0.038620 0.998480 0.039334 5.226400 -0.047333 -0.041147 0.998031 -0.312100 0.000000 0.000000 0.000000 1.000000
0.998201 0.032692 0.050254 -0.045800 -0.035011 0.998329 0.045979 5.226400 -0.048667 -0.047656 0.997678 -0.312100 0.000000 0.000000 0.000000 1.000000
0.998341 0.030891 0.048584 -0.045800 -0.033396 0.998108 0.051617 5.226400 -0.046897 -0.053154 0.997485 -0.312100 0.000000 0.000000 0.000000 1.000000
0.998475 0.034838 0.042834 -0.045800 -0.037313 0.997596 0.058401 5.226400 -0.040697 -0.059910 0.997374 -0.312100 0.000000 0.000000 0.000000 1.000000
0.998724 0.038715 0.032415 -0.045800 -0.040587 0.997418 0.059249 5.226400 -0.030038 -0.060489 0.997717 -0.312100 0.000000 0.000000 0.000000 1.000000
0.998809 0.042646 0.023707 -0.045800 -0.043911 0.997482 0.055689 5.226400 -0.021272 -0.056664 0.998167 -0.312100 0.000000 0.000000 0.000000 1.000000
0.998815 0.045094 0.018331 -0.045800 -0.046018 0.997501 0.053612 5.226400 -0.015868 -0.054392 0.998394 -0.312100 0.000000 0.000000 0.000000 1.000000
0.999087 0.041458 0.010285 -0.045800 -0.041944 0.997730 0.052692 5.226400 -0.008077 -0.053075 0.998558 -0.312100 0.000000 0.000000 0.000000 1.000000
0.999346 0.035768 -0.005238 -0.045800 -0.035429 0.997878 0.054629 5.226400 0.007181 -0.054407 0.998493 -0.312100 0.000000 0.000000 0.000000 1.000000
0.999282 0.029667 -0.023583 -0.045800 -0.028354 0.998128 0.054197 5.226400 0.025147 -0.053489 0.998252 -0.312100 0.000000 0.000000 0.000000 1.000000
0.998865 0.023541 -0.041413 -0.045800 -0.021426 0.998478 0.050813 5.226400 0.042546 -0.049868 0.997849 -0.312100 0.000000 0.000000 0.000000 1.000000
0.998368 0.015709 -0.054910 -0.045800 -0.013403 0.999022 0.042127 5.226400 0.055518 -0.041322 0.997602 -0.312100 0.000000 0.000000 0.000000 1.000000
0.997872 0.005224 -0.064995 -0.045800 -0.003298 0.999553 0.029704 5.226400 0.065122 -0.029427 0.997443 -0.312100 0.000000 0.000000 0.000000 1.000000
0.997196 -0.002927 -0.074774 -0.045800 0.004478 0.999778 0.020580 5.226400 0.074697 -0.020857 0.996988 -0.312100 0.000000 0.000000 0.000000 1.000000
0.996655 -0.003828 -0.081630 -0.045800 0.005642 0.999742 0.022002 5.226400 0.081524 -0.022389 0.996420 -0.312100 0.000000 0.000000 0.000000 1.000000
0.996446 0.001046 -0.084229 -0.045800 0.001407 0.999577 0.029062 5.226400 0.084223 -0.029077 0.996023 -0.312100 0.000000 0.000000 0.000000 1.000000
0.996303 0.005895 -0.085711 -0.045800 -0.002667 0.999285 0.037725 5.226400 0.085872 -0.037357 0.995606 -0.312100 0.000000 0.000000 0.000000 1.000000
0.996611 0.003318 -0.082187 -0.045800 0.000457 0.998947 0.045868 5.226400 0.082253 -0.045750 0.995561 -0.312100 0.000000 0.000000 0.000000 1.000000
0.997044 0.001176 -0.076829 -0.045800 0.002910 0.998588 0.053050 5.226400 0.076783 -0.053116 0.995632 -0.312100 0.000000 0.000000 0.000000 1.000000
0.997595 -0.005223 -0.069118 -0.045800 0.008980 0.998492 0.054153 5.226400 0.068731 -0.054643 0.996138 -0.312100 0.000000 0.000000 0.000000 1.000000
0.998001 -0.012844 -0.061878 -0.045800 0.015967 0.998609 0.050249 5.226400 0.061146 -0.051137 0.996818 -0.312100 0.000000 0.000000 0.000000 1.000000
0.998484 -0.014068 -0.053221 -0.045800 0.016742 0.998602 0.050135 5.226400 0.052442 -0.050950 0.997323 -0.312100 0.000000 0.000000 0.000000 1.000000
0.999195 -0.004393 -0.039871 -0.045800 0.006425 0.998680 0.050966 5.226400 0.039595 -0.051181 0.997904 -0.312100 0.000000 0.000000 0.000000 1.000000</float_array><technique_common><accessor source="#Spine2-Matrix-animation-output-transform-array" count="30" stride="16"><param type="float4x4"/></accessor></technique_common></source><source id="Spine2-Interpolations"><Name_array id="Spine2-Interpolations-array" count="30">
 LINEAR LINEAR LINEAR LINEAR LINEAR LINEAR LINEAR LINEAR LINEAR LINEAR LINEAR
LINEAR LINEAR LINEAR LINEAR LINEAR LINEAR LINEAR LINEAR LINEAR LINEAR LINEAR LINEAR
LINEAR LINEAR LINEAR LINEAR LINEAR LINEAR LINEAR</Name_array><technique_common><accessor source="#Spine2-Interpolations-array" count="30"><param type="name"/></accessor></technique_common></source><sampler id="Spine2-Matrix-animation-transform"><input semantic="INPUT" source="#Spine2-Matrix-animation-input"/><input semantic="OUTPUT" source="#Spine2-Matrix-animation-output-transform"/><input semantic="INTERPOLATION" source="#Spine2-Interpolations"/></sampler><channel source="#Spine2-Matrix-animation-transform" target="Spine2/matrix"/></animation>
    <animation id="Neck-anim" name="Neck"><source id="Neck-Matrix-animation-input"><float_array id="Neck-Matrix-animation-input-array" count="30">

0.000000 0.033333 0.066667 0.100000 0.133333 0.166667 0.200000 0.233333 0.266667 0.300000 0.333333 0.366667 0.400000 0.433333 0.466667 0.500000
0.533333 0.566667 0.600000 0.633333 0.666667 0.700000 0.733333 0.766667 0.800000 0.833333 0.866667 0.900000 0.933333 0.966667</float_array><technique_common><accessor source="#Neck-Matrix-animation-input-array" count="30"><param name="TIME" type="float"/></accessor></technique_common></source><source id="Neck-Matrix-animation-output-transform"><float_array id="Neck-Matrix-animation-output-transform-array" count="480">

0.999651 0.017169 -0.020092 0.037500 -0.015963 0.998146 0.058730 5.671300 0.021063 -0.058388 0.998072 -0.849900 0.000000 0.000000 0.000000 1.000000
0.999657 0.012774 -0.022852 0.037500 -0.011595 0.998631 0.051004 5.671300 0.023473 -0.050721 0.998437 -0.849900 0.000000 0.000000 0.000000 1.000000
0.999580 0.019045 -0.021836 0.037500 -0.017833 0.998358 0.054439 5.671300 0.022837 -0.054027 0.998278 -0.849900 0.000000 0.000000 0.000000 1.000000
0.999497 0.026028 -0.018133 0.037500 -0.024876 0.997823 0.061084 5.671300 0.019684 -0.060603 0.997968 -0.849900 0.000000 0.000000 0.000000 1.000000
0.999148 0.039470 -0.012017 0.037500 -0.038506 0.996664 0.071966 5.671300 0.014818 -0.071442 0.997335 -0.849900 0.000000 0.000000 0.000000 1.000000
0.998739 0.049698 -0.007127 0.037500 -0.048931 0.995302 0.083543 5.671300 0.011245 -0.083089 0.996479 -0.849900 0.000000 0.000000 0.000000 1.000000
0.998585 0.052922 -0.005308 0.037500 -0.052227 0.994534 0.090417 5.671300 0.010064 -0.090012 0.995890 -0.849900 0.000000 0.000000 0.000000 1.000000
0.998641 0.051890 -0.004908 0.037500 -0.051240 0.994641 0.089797 5.671300 0.009542 -0.089423 0.995948 -0.849900 0.000000 0.000000 0.000000 1.000000
0.998876 0.047037 -0.005929 0.037500 -0.046378 0.995425 0.083536 5.671300 0.009831 -0.083167 0.996487 -0.849900 0.000000 0.000000 0.000000 1.000000
0.999116 0.041379 -0.007393 0.037500 -0.040668 0.996054 0.078888 5.671300 0.010628 -0.078518 0.996856 -0.849900 0.000000 0.000000 0.000000 1.000000
0.999164 0.040216 -0.007352 0.037500 -0.039519 0.996154 0.078204 5.671300 0.010468 -0.077848 0.996910 -0.849900 0.000000 0.000000 0.000000 1.000000
0.998930 0.046016 -0.004576 0.037500 -0.045480 0.995529 0.082791 5.671300 0.008365 -0.082495 0.996556 -0.849900 0.000000 0.000000 0.000000 1.000000
0.998565 0.053524 -0.001513 0.037500 -0.053175 0.994573 0.089427 5.671300 0.006291 -0.089218 0.995992 -0.849900 0.000000 0.000000 0.000000 1.000000
0.998250 0.059115 0.001656 0.037500 -0.059027 0.994281 0.088997 5.671300 0.003615 -0.088939 0.996031 -0.849900 0.000000 0.000000 0.000000 1.000000
0.998143 0.060620 0.005966 0.037500 -0.060906 0.994675 0.083137 5.671300 -0.000894 -0.083346 0.996520 -0.849900 0.000000 0.000000 0.000000 1.000000
0.998240 0.058502 0.009737 0.037500 -0.059059 0.995569 0.073168 5.671300 -0.005414 -0.073614 0.997272 -0.849900 0.000000 0.000000 0.000000 1.000000
0.998424 0.054899 0.011667 0.037500 -0.055550 0.996289 0.065745 5.671300 -0.008014 -0.066289 0.997768 -0.849900 0.000000 0.000000 0.000000 1.000000
0.998900 0.045869 0.009752 0.037500 -0.046408 0.996795 0.065162 5.671300 -0.006732 -0.065543 0.997827 -0.849900 0.000000 0.000000 0.000000 1.000000
0.999237 0.038482 0.006669 0.037500 -0.038865 0.996605 0.072576 5.671300 -0.003853 -0.072779 0.997341 -0.849900 0.000000 0.000000 0.000000 1.000000
0.999424 0.033748 0.003636 0.037500 -0.033936 0.995737 0.085768 5.671300 -0.000726 -0.085842 0.996308 -0.849900 0.000000 0.000000 0.000000 1.000000
0.999544 0.030172 0.001134 0.037500 -0.030140 0.994850 0.096770 5.671300 0.001792 -0.096760 0.995306 -0.849900 0.000000 0.000000 0.000000 1.000000
0.999581 0.028917 -0.000810 0.037500 -0.028705 0.994924 0.096452 5.671300 0.003595 -0.096389 0.995337 -0.849900 0.000000 0.000000 0.000000 1.000000
0.999545 0.030134 -0.001203 0.037500 -0.029917 0.995785 0.086706 5.671300 0.003811 -0.086631 0.996233 -0.849900 0.000000 0.000000 0.000000 1.000000
0.999470 0.032544 0.000049 0.037500 -0.032446 0.996368 0.078733 5.671300 0.002514 -0.078692 0.996896 -0.849900 0.000000 0.000000 0.000000 1.000000
0.999305 0.037272 0.000964 0.037500 -0.037234 0.996286 0.077645 5.671300 0.001934 -0.077627 0.996981 -0.849900 0.000000 0.000000 0.000000 1.000000
0.999280 0.037935 0.000671 0.037500 -0.037878 0.996478 0.074810 5.671300 0.002170 -0.074782 0.997198 -0.849900 0.000000 0.000000 0.000000 1.000000
0.999305 0.037254 -0.001210 0.037500 -0.037054 0.996400 0.076247 5.671300 0.004046 -0.076149 0.997088 -0.849900 0.000000 0.000000 0.000000 1.000000
0.999437 0.033139 -0.005167 0.037500 -0.032661 0.996678 0.074608 5.671300 0.007622 -0.074397 0.997200 -0.849900 0.000000 0.000000 0.000000 1.000000
0.999485 0.029992 -0.011399 0.037500 -0.029125 0.997133 0.069840 5.671300 0.013461 -0.069472 0.997493 -0.849900 0.000000 0.000000 0.000000 1.000000
0.999651 0.017169 -0.020092 0.037500 -0.015963 0.998146 0.058730 5.671300 0.021063 -0.058388 0.998072 -0.849900 0.000000 0.000000 0.000000 1.000000</float_array><technique_common><accessor source="#Neck-Matrix-animation-output-transform-array" count="30" stride="16"><param type="float4x4"/></accessor></technique_common></source><source id="Neck-Interpolations"><Name_array id="Neck-Interpolations-array" count="30">
 LINEAR LINEAR LINEAR LINEAR LINEAR LINEAR LINEAR LINEAR LINEAR LINEAR LINEAR
LINEAR LINEAR LINEAR LINEAR LINEAR LINEAR LINEAR LINEAR LINEAR LINEAR LINEAR LINEAR
LINEAR LINEAR LINEAR LINEAR LINEAR LINEAR LINEAR</Name_array><technique_common><accessor source="#Neck-Interpolations-array" count="30"><param type="name"/></accessor></technique_common></source><sampler id="Neck-Matrix-animation-transform"><input semantic="INPUT" source="#Neck-Matrix-animation-input"/><input semantic="OUTPUT" source="#Neck-Matrix-animation-output-transform"/><input semantic="INTERPOLATION" source="#Neck-Interpolations"/></sampler><channel source="#Neck-Matrix-animation-transform" target="Neck/matrix"/></animation>
    <animation id="Head-anim" name="Head"><source id="Head-Matrix-animation-input"><float_array id="Head-Matrix-animation-input-array" count="30">

0.000000 0.033333 0.066667 0.100000 0.133333 0.166667 0.200000 0.233333 0.266667 0.300000 0.333333 0.366667 0.400000 0.433333 0.466667 0.500000
0.533333 0.566667 0.600000 0.633333 0.666667 0.700000 0.733333 0.766667 0.800000 0.833333 0.866667 0.900000 0.933333 0.966667</float_array><technique_common><accessor source="#Head-Matrix-animation-input-array" count="30"><param name="TIME" type="float"/></accessor></technique_common></source><source id="Head-Matrix-animation-output-transform"><float_array id="Head-Matrix-animation-output-transform-array" count="480">

0.997739 -0.005402 -0.066997 -0.002200 0.006991 0.999699 0.023496 3.480000 0.066850 -0.023911 0.997476 1.197900 0.000000 0.000000 0.000000 1.000000
0.997133 -0.014698 -0.074225 -0.002200 0.015232 0.999862 0.006634 3.480000 0.074117 -0.007745 0.997219 1.197900 0.000000 0.000000 0.000000 1.000000
0.996778 -0.016717 -0.078449 -0.002200 0.016540 0.999859 -0.002910 3.480000 0.078486 0.001603 0.996914 1.197900 0.000000 0.000000 0.000000 1.000000
0.997361 -0.013776 -0.071277 -0.002200 0.013481 0.999898 -0.004614 3.480000 0.071334 0.003640 0.997446 1.197900 0.000000 0.000000 0.000000 1.000000
0.997983 -0.007778 -0.062996 -0.002200 0.007746 0.999970 -0.000751 3.480000 0.063000 0.000262 0.998014 1.197900 0.000000 0.000000 0.000000 1.000000
0.998450 -0.001014 -0.055649 -0.002200 0.001473 0.999965 0.008198 3.480000 0.055639 -0.008268 0.998417 1.197900 0.000000 0.000000 0.000000 1.000000
0.998653 0.008668 -0.051160 -0.002200 -0.007715 0.999793 0.018810 3.480000 0.051313 -0.018390 0.998513 1.197900 0.000000 0.000000 0.000000 1.000000
0.998745 0.018962 -0.046357 -0.002200 -0.018217 0.999699 0.016442 3.480000 0.046655 -0.015577 0.998790 1.197900 0.000000 0.000000 0.000000 1.000000
0.998765 0.025933 -0.042384 -0.002200 -0.025758 0.999657 0.004687 3.480000 0.042491 -0.003589 0.999090 1.197900 0.000000 0.000000 0.000000 1.000000
0.998939 0.022368 -0.040254 -0.002200 -0.022763 0.999697 -0.009374 3.480000 0.040032 0.010281 0.999146 1.197900 0.000000 0.000000 0.000000 1.000000
0.999106 0.017086 -0.038668 -0.002200 -0.017586 0.999766 -0.012608 3.480000 0.038443 0.013277 0.999173 1.197900 0.000000 0.000000 0.000000 1.000000
0.999299 0.010978 -0.035798 -0.002200 -0.010994 0.999940 -0.000265 3.480000 0.035793 0.000658 0.999359 1.197900 0.000000 0.000000 0.000000 1.000000
0.999393 0.004343 -0.034556 -0.002200 -0.003813 0.999875 0.015376 3.480000 0.034618 -0.015235 0.999284 1.197900 0.000000 0.000000 0.000000 1.000000
0.999565 0.005218 -0.029040 -0.002200 -0.004422 0.999614 0.027420 3.480000 0.029172 -0.027280 0.999202 1.197900 0.000000 0.000000 0.000000 1.000000
0.999840 0.014446 -0.010534 -0.002200 -0.014092 0.999357 0.032967 3.480000 0.011004 -0.032813 0.999401 1.197900 0.000000 0.000000 0.000000 1.000000
0.999685 0.022379 0.011401 -0.002200 -0.022738 0.999216 0.032394 3.480000 -0.010667 -0.032643 0.999410 1.197900 0.000000 0.000000 0.000000 1.000000
0.999347 0.024340 0.026703 -0.002200 -0.025042 0.999341 0.026286 3.480000 -0.026046 -0.026937 0.999298 1.197900 0.000000 0.000000 0.000000 1.000000
0.999236 0.022042 0.032273 -0.002200 -0.022816 0.999456 0.023825 3.480000 -0.031730 -0.024543 0.999195 1.197900 0.000000 0.000000 0.000000 1.000000
0.999407 0.017363 0.029741 -0.002200 -0.018162 0.999476 0.026788 3.480000 -0.029261 -0.027312 0.999199 1.197900 0.000000 0.000000 0.000000 1.000000
0.999616 0.014396 0.023694 -0.002200 -0.015265 0.999203 0.036884 3.480000 -0.023144 -0.037232 0.999039 1.197900 0.000000 0.000000 0.000000 1.000000
0.999763 0.011704 0.018369 -0.002200 -0.012483 0.999001 0.042898 3.480000 -0.017849 -0.043117 0.998911 1.197900 0.000000 0.000000 0.000000 1.000000
0.999917 0.006938 0.010828 -0.002200 -0.007361 0.999191 0.039528 3.480000 -0.010545 -0.039604 0.999160 1.197900 0.000000 0.000000 0.000000 1.000000
0.999978 0.003281 0.005840 -0.002200 -0.003452 0.999561 0.029418 3.480000 -0.005740 -0.029438 0.999550 1.197900 0.000000 0.000000 0.000000 1.000000
0.999973 0.001334 0.007247 -0.002200 -0.001429 0.999912 0.013168 3.480000 -0.007229 -0.013178 0.999887 1.197900 0.000000 0.000000 0.000000 1.000000
0.999971 0.005869 0.004864 -0.002200 -0.005863 0.999982 -0.001285 3.480000 -0.004871 0.001256 0.999987 1.197900 0.000000 0.000000 0.000000 1.000000
0.999857 0.016572 0.003437 -0.002200 -0.016579 0.999861 0.001981 3.480000 -0.003404 -0.002038 0.999992 1.197900 0.000000 0.000000 0.000000 1.000000
0.999717 0.023529 -0.003611 -0.002200 -0.023483 0.999649 0.012286 3.480000 0.003899 -0.012197 0.999918 1.197900 0.000000 0.000000 0.000000 1.000000
0.999628 0.021981 -0.016146 -0.002200 -0.021667 0.999577 0.019388 3.480000 0.016565 -0.019031 0.999682 1.197900 0.000000 0.000000 0.000000 1.000000
0.999041 0.008367 -0.042982 -0.002200 -0.007396 0.999715 0.022699 3.480000 0.043160 -0.022360 0.998818 1.197900 0.000000 0.000000 0.000000 1.000000
0.997739 -0.005402 -0.066997 -0.002200 0.006991 0.999699 0.023496 3.480000 0.066850 -0.023911 0.997476 1.197900 0.000000 0.000000 0.000000 1.000000</float_array><technique_common><accessor source="#Head-Matrix-animation-output-transform-array" count="30" stride="16"><param type="float4x4"/></accessor></technique_common></source><source id="Head-Interpolations"><Name_array id="Head-Interpolations-array" count="30">
 LINEAR LINEAR LINEAR LINEAR LINEAR LINEAR LINEAR LINEAR LINEAR LINEAR LINEAR
LINEAR LINEAR LINEAR LINEAR LINEAR LINEAR LINEAR LINEAR LINEAR LINEAR LINEAR LINEAR
LINEAR LINEAR LINEAR LINEAR LINEAR LINEAR LINEAR</Name_array><technique_common><accessor source="#Head-Interpolations-array" count="30"><param type="name"/></accessor></technique_common></source><sampler id="Head-Matrix-animation-transform"><input semantic="INPUT" source="#Head-Matrix-animation-input"/><input semantic="OUTPUT" source="#Head-Matrix-animation-output-transform"/><input semantic="INTERPOLATION" source="#Head-Interpolations"/></sampler><channel source="#Head-Matrix-animation-transform" target="Head/matrix"/></animation>
    <animation id="LeftShoulder-anim" name="LeftShoulder"><source id="LeftShoulder-Matrix-animation-input"><float_array id="LeftShoulder-Matrix-animation-input-array" count="30">

0.000000 0.033333 0.066667 0.100000 0.133333 0.166667 0.200000 0.233333 0.266667 0.300000 0.333333 0.366667 0.400000 0.433333 0.466667 0.500000
0.533333 0.566667 0.600000 0.633333 0.666667 0.700000 0.733333 0.766667 0.800000 0.833333 0.866667 0.900000 0.933333 0.966667</float_array><technique_common><accessor source="#LeftShoulder-Matrix-animation-input-array" count="30"><param name="TIME" type="float"/></accessor></technique_common></source><source id="LeftShoulder-Matrix-animation-output-transform"><float_array id="LeftShoulder-Matrix-animation-output-transform-array" count="480">

0.933236 -0.038317 -0.357215 2.439700 -0.010804 0.990853 -0.134510 4.066100 0.359101 0.129389 0.924286 -0.206300 0.000000 0.000000 0.000000 1.000000
0.933055 -0.026809 -0.358734 2.439700 -0.022074 0.991073 -0.131478 4.066100 0.359056 0.130595 0.924134 -0.206300 0.000000 0.000000 0.000000 1.000000
0.940425 0.008968 -0.339883 2.439700 -0.053941 0.990927 -0.123104 4.066100 0.335695 0.134103 0.932376 -0.206300 0.000000 0.000000 0.000000 1.000000
0.955302 0.048674 -0.291599 2.439700 -0.085898 0.989500 -0.116238 4.066100 0.282879 0.136090 0.949452 -0.206300 0.000000 0.000000 0.000000 1.000000
0.966957 0.080940 -0.241751 2.439700 -0.110785 0.987455 -0.112514 4.066100 0.229611 0.135578 0.963793 -0.206300 0.000000 0.000000 0.000000 1.000000
0.974643 0.101394 -0.199474 2.439700 -0.125381 0.985821 -0.111518 4.066100 0.185338 0.133700 0.973537 -0.206300 0.000000 0.000000 0.000000 1.000000
0.978488 0.107000 -0.176384 2.439700 -0.127969 0.985420 -0.112120 4.066100 0.161816 0.132279 0.977915 -0.206300 0.000000 0.000000 0.000000 1.000000
0.981071 0.108847 -0.160161 2.439700 -0.127750 0.985362 -0.112877 4.066100 0.145530 0.131201 0.980616 -0.206300 0.000000 0.000000 0.000000 1.000000
0.981830 0.108648 -0.155581 2.439700 -0.126980 0.985428 -0.113172 4.066100 0.141018 0.130871 0.981319 -0.206300 0.000000 0.000000 0.000000 1.000000
0.980779 0.110193 -0.161027 2.439700 -0.129161 0.985222 -0.112493 4.066100 0.146252 0.131129 0.980518 -0.206300 0.000000 0.000000 0.000000 1.000000
0.977798 0.132990 -0.161938 2.439700 -0.151623 0.982445 -0.108688 4.066100 0.144640 0.130829 0.980797 -0.206300 0.000000 0.000000 0.000000 1.000000
0.972336 0.161105 -0.169142 2.439700 -0.180066 0.978204 -0.103411 4.066100 0.148795 0.131007 0.980152 -0.206300 0.000000 0.000000 0.000000 1.000000
