<?xml version="1.0" encoding="utf-8"?>
<COLLADA xmlns="http://www.collada.org/2005/11/COLLADASchema" version="1.4.1">
  <asset><contributor><author>Mixamo</author><authoring_tool>COLLADA Mixamo exporter</authoring_tool><comments></comments></contributor><created>2020-03-13T10:37:52Z</created><modified>2020-03-13T10:37:52Z</modified><revision></revision><title></title><unit meter="0.010000"/><up_axis>Y_UP</up_axis></asset>
  <library_animations>
    <animation id="Hips-anim" name="Hips"><source id="Hips-Matrix-animation-input"><float_array id="Hips-Matrix-animation-input-array" count="22">

0.000000 0.033333 0.066667 0.100000 0.133333 0.166667 0.200000 0.233333 0.266667 0.300000 0.333333 0.366667 0.400000 0.433333 0.466667 0.500000
0.533333 0.566667 0.600000 0.633333 0.666667 0.700000</float_array><technique_common><accessor source="#Hips-Matrix-animation-input-array" count="22"><param name="TIME" type="float"/></accessor></technique_common></source><source id="Hips-Matrix-animation-output-transform"><float_array id="Hips-Matrix-animation-output-transform-array" count="352">

0.983389 0.165671 -0.074159 0.549125 -0.175776 0.971101 -0.161449 92.613701 0.045268 0.171802 0.984091 1.678627 0.000000 0.000000 0.000000 1.000000
0.985456 0.128788 -0.110865 0.487684 -0.149301 0.967750 -0.202903 94.409477 0.081158 0.216504 0.972903 2.185748 0.000000 0.000000 0.000000 1.000000
0.987789 0.070530 -0.138918 0.540414 -0.102115 0.966522 -0.235386 96.490005 0.117665 0.246698 0.961923 2.687097 0.000000 0.000000 0.000000 1.000000
0.991368 0.011079 -0.130639 0.750349 -0.046458 0.961454 -0.271011 98.206627 0.122600 0.274741 0.953670 3.109420 0.000000 0.000000 0.000000 1.000000
0.996080 -0.018359 -0.086529 0.916809 -0.008227 0.954756 -0.297276 99.621864 0.088071 0.296823 0.950863 3.361623 0.000000 0.000000 0.000000 1.000000
0.999393 -0.010914 -0.033087 0.829372 0.000839 0.956928 -0.290324 100.401024 0.034831 0.290120 0.956356 2.955119 0.000000 0.000000 0.000000 1.000000
0.999847 0.013454 0.011141 0.655060 -0.010293 0.969082 -0.246523 99.668823 -0.014114 0.246371 0.969073 2.118981 0.000000 0.000000 0.000000 1.000000
0.998154 0.022742 0.056308 0.761750 -0.011419 0.980976 -0.193792 97.261375 -0.059644 0.192791 0.979425 1.534928 0.000000 0.000000 0.000000 1.000000
0.993555 -0.000583 0.113351 1.261686 0.019179 0.986434 -0.163033 94.318970 -0.111718 0.164156 0.980088 1.260671 0.000000 0.000000 0.000000 1.000000
0.985501 -0.040002 0.164888 1.931752 0.066709 0.984898 -0.159771 91.829124 -0.156007 0.168454 0.973286 1.113956 0.000000 0.000000 0.000000 1.000000
0.981668 -0.061432 0.180427 2.487525 0.093373 0.980262 -0.174264 91.051193 -0.166160 0.187916 0.968028 1.148098 0.000000 0.000000 0.000000 1.000000
0.986520 -0.045292 0.157245 2.802895 0.075249 0.978867 -0.190147 91.910950 -0.145310 0.199417 0.969081 1.413444 0.000000 0.000000 0.000000 1.000000
0.993306 0.005226 0.115395 2.817118 0.017804 0.980113 -0.197638 94.915146 -0.114133 0.198370 0.973459 1.810537 0.000000 0.000000 0.000000 1.000000
0.995806 0.063899 0.065472 2.571016 -0.049110 0.977162 -0.206745 98.424332 -0.077188 0.202662 0.976202 2.245745 0.000000 0.000000 0.000000 1.000000
0.994379 0.105532 0.008620 2.260333 -0.101038 0.970066 -0.220825 100.646408 -0.031667 0.218712 0.975275 2.498129 0.000000 0.000000 0.000000 1.000000
0.992339 0.116849 -0.040129 2.084068 -0.122844 0.967813 -0.219655 100.639862 0.013171 0.222901 0.974752 2.313534 0.000000 0.000000 0.000000 1.000000
0.992623 0.105239 -0.060196 1.996536 -0.114760 0.975717 -0.186564 99.071320 0.039101 0.192096 0.980597 1.781405 0.000000 0.000000 0.000000 1.000000
0.993438 0.097344 -0.060041 1.669287 -0.104791 0.985036 -0.136833 96.989929 0.045823 0.142227 0.988773 1.406752 0.000000 0.000000 0.000000 1.000000
0.990844 0.119271 -0.063262 0.967509 -0.125517 0.986387 -0.106241 94.566734 0.049729 0.113208 0.992326 1.023242 0.000000 0.000000 0.000000 1.000000
0.985147 0.152877 -0.078186 0.302196 -0.160788 0.981109 -0.107577 92.514854 0.060263 0.118551 0.991118 1.018591 0.000000 0.000000 0.000000 1.000000
0.981427 0.171494 -0.085967 0.105067 -0.181649 0.974863 -0.129022 91.764656 0.061679 0.142241 0.987908 1.268492 0.000000 0.000000 0.000000 1.000000
0.983389 0.165671 -0.074159 0.549126 -0.175776 0.971101 -0.161449 92.613701 0.045268 0.171802 0.984091 1.678627 0.000000 0.000000 0.000000 1.000000</float_array><technique_common><accessor source="#Hips-Matrix-animation-output-transform-array" count="22" stride="16"><param type="float4x4"/></accessor></technique_common></source><source id="Hips-Interpolations"><Name_array id="Hips-Interpolations-array" count="22">
 LINEAR LINEAR LINEAR LINEAR LINEAR LINEAR LINEAR LINEAR LINEAR LINEAR LINEAR
LINEAR LINEAR LINEAR LINEAR LINEAR LINEAR LINEAR LINEAR LINEAR LINEAR LINEAR</Name_array><technique_common><accessor source="#Hips-Interpolations-array" count="22"><param type="name"/></accessor></technique_common></source><sampler id="Hips-Matrix-animation-transform"><input semantic="INPUT" source="#Hips-Matrix-animation-input"/><input semantic="OUTPUT" source="#Hips-Matrix-animation-output-transform"/><input semantic="INTERPOLATION" source="#Hips-Interpolations"/></sampler><channel source="#Hips-Matrix-animation-transform" target="Hips/matrix"/></animation>
    <animation id="Spine-anim" name="Spine"><source id="Spine-Matrix-animation-input"><float_array id="Spine-Matrix-animation-input-array" count="22">

0.000000 0.033333 0.066667 0.100000 0.133333 0.166667 0.200000 0.233333 0.266667 0.300000 0.333333 0.366667 0.400000 0.433333 0.466667 0.500000
0.533333 0.566667 0.600000 0.633333 0.666667 0.700000</float_array><technique_common><accessor source="#Spine-Matrix-animation-input-array" count="22"><param name="TIME" type="float"/></accessor></technique_common></source><source id="Spine-Matrix-animation-output-transform"><float_array id="Spine-Matrix-animation-output-transform-array" count="352">

0.991834 -0.112423 0.060216 0.000000 0.114754 0.992714 -0.036755 10.181600 -0.055646 0.043365 0.997508 0.131500 0.000000 0.000000 0.000000 1.000000
0.992863 -0.091592 0.076380 -0.000000 0.092817 0.995603 -0.012638 10.181600 -0.074886 0.019637 0.996999 0.131500 0.000000 0.000000 0.000000 1.000000
0.993134 -0.057842 0.101680 0.000000 0.058007 0.998315 0.001330 10.181600 -0.101586 0.004577 0.994816 0.131500 0.000000 0.000000 0.000000 1.000000
0.991853 -0.024615 0.124989 0.000000 0.023599 0.999675 0.009601 10.181600 -0.125185 -0.006573 0.992112 0.131500 0.000000 0.000000 0.000000 1.000000
0.990456 -0.009101 0.137531 0.000000 0.007335 0.999884 0.013337 10.181600 -0.137637 -0.012201 0.990408 0.131500 0.000000 0.000000 0.000000 1.000000
0.990843 -0.009224 0.134706 0.000000 0.008554 0.999948 0.005555 10.181600 -0.134750 -0.004351 0.990870 0.131500 0.000000 0.000000 0.000000 1.000000
0.992770 -0.017102 0.118805 -0.000000 0.019084 0.999697 -0.015564 10.181600 -0.118503 0.017719 0.992796 0.131500 0.000000 0.000000 0.000000 1.000000
0.995280 -0.023818 0.094076 -0.000000 0.027527 0.998886 -0.038326 10.181600 -0.093059 0.040734 0.994827 0.131500 0.000000 0.000000 0.000000 1.000000
0.997339 -0.021591 0.069639 0.000000 0.024927 0.998565 -0.047408 10.181600 -0.068515 0.049018 0.996445 0.131500 0.000000 0.000000 0.000000 1.000000
0.998272 -0.011147 0.057696 -0.000000 0.013394 0.999161 -0.038708 10.181600 -0.057216 0.039414 0.997583 0.131500 0.000000 0.000000 0.000000 1.000000
0.998173 -0.004986 0.060215 0.000000 0.006142 0.999800 -0.019027 10.181600 -0.060108 0.019362 0.998004 0.131500 0.000000 0.000000 0.000000 1.000000
0.997943 -0.018667 0.061322 0.000000 0.018877 0.999818 -0.002848 10.181600 -0.061258 0.004000 0.998114 0.131500 0.000000 0.000000 0.000000 1.000000
0.997311 -0.053285 0.050322 0.000000 0.053387 0.998574 -0.000691 10.181600 -0.050213 0.003375 0.998733 0.131500 0.000000 0.000000 0.000000 1.000000
0.995528 -0.087555 0.035465 0.000000 0.087886 0.996100 -0.007868 10.181600 -0.034638 0.010949 0.999340 0.131500 0.000000 0.000000 0.000000 1.000000
0.993743 -0.108291 0.027340 0.000000 0.108751 0.993941 -0.015944 10.181600 -0.025448 0.018817 0.999499 0.131500 0.000000 0.000000 0.000000 1.000000
0.992990 -0.115167 0.026615 0.000000 0.115905 0.992863 -0.028095 10.181600 -0.023190 0.030983 0.999251 0.131500 0.000000 0.000000 0.000000 1.000000
0.993301 -0.111556 0.030150 0.000000 0.112982 0.992306 -0.050641 10.181600 -0.024269 0.053709 0.998262 0.131500 0.000000 0.000000 0.000000 1.000000
0.993913 -0.102063 0.041480 0.000000 0.105003 0.991541 -0.076288 10.181600 -0.033343 0.080180 0.996223 0.131500 0.000000 0.000000 0.000000 1.000000
0.993486 -0.098126 0.057934 0.000000 0.102996 0.990772 -0.088107 10.181600 -0.048753 0.093500 0.994425 0.131500 0.000000 0.000000 0.000000 1.000000
0.992671 -0.098435 0.070106 0.000000 0.103999 0.991296 -0.080722 10.181600 -0.061550 0.087421 0.994268 0.131500 0.000000 0.000000 0.000000 1.000000
0.992081 -0.104800 0.069232 0.000000 0.109082 0.992143 -0.061264 10.181600 -0.062268 0.068331 0.995718 0.131500 0.000000 0.000000 0.000000 1.000000
0.991834 -0.112423 0.060216 -0.000000 0.114754 0.992714 -0.036755 10.181600 -0.055646 0.043365 0.997508 0.131500 0.000000 0.000000 0.000000 1.000000</float_array><technique_common><accessor source="#Spine-Matrix-animation-output-transform-array" count="22" stride="16"><param type="float4x4"/></accessor></technique_common></source><source id="Spine-Interpolations"><Name_array id="Spine-Interpolations-array" count="22">
 LINEAR LINEAR LINEAR LINEAR LINEAR LINEAR LINEAR LINEAR LINEAR LINEAR LINEAR
LINEAR LINEAR LINEAR LINEAR LINEAR LINEAR LINEAR LINEAR LINEAR LINEAR LINEAR</Name_array><technique_common><accessor source="#Spine-Interpolations-array" count="22"><param type="name"/></accessor></technique_common></source><sampler id="Spine-Matrix-animation-transform"><input semantic="INPUT" source="#Spine-Matrix-animation-input"/><input semantic="OUTPUT" source="#Spine-Matrix-animation-output-transform"/><input semantic="INTERPOLATION" source="#Spine-Interpolations"/></sampler><channel source="#Spine-Matrix-animation-transform" target="Spine/matrix"/></animation>
    <animation id="Spine1-anim" name="Spine1"><source id="Spine1-Matrix-animation-input"><float_array id="Spine1-Matrix-animation-input-array" count="22">

0.000000 0.033333 0.066667 0.100000 0.133333 0.166667 0.200000 0.233333 0.266667 0.300000 0.333333 0.366667 0.400000 0.433333 0.466667 0.500000
0.533333 0.566667 0.600000 0.633333 0.666667 0.700000</float_array><technique_common><accessor source="#Spine1-Matrix-animation-input-array" count="22"><param name="TIME" type="float"/></accessor></technique_common></source><source id="Spine1-Matrix-animation-output-transform"><float_array id="Spine1-Matrix-animation-output-transform-array" count="352">

0.999644 -0.024710 -0.010071 -0.000000 0.023015 0.989425 -0.143207 10.083500 0.013503 0.142924 0.989642 -1.000800 0.000000 0.000000 0.000000 1.000000
0.999589 0.010974 0.026487 0.000000 -0.007919 0.993584 -0.112819 10.083500 -0.027555 0.112563 0.993262 -1.000800 0.000000 0.000000 0.000000 1.000000
0.995751 0.054043 0.074561 -0.000000 -0.047314 0.994886 -0.089242 10.083500 -0.079002 0.085335 0.993215 -1.000800 0.000000 0.000000 0.000000 1.000000
0.988886 0.093451 0.115639 -0.000000 -0.085842 0.993908 -0.069131 10.083500 -0.121395 0.058436 0.990883 -1.000800 0.000000 0.000000 0.000000 1.000000
0.983787 0.115519 0.137179 -0.000000 -0.108742 0.992495 -0.055934 10.083500 -0.142611 0.040110 0.988966 -1.000800 0.000000 0.000000 0.000000 1.000000
0.983887 0.112166 0.139230 0.000000 -0.104846 0.992745 -0.058864 10.083500 -0.144822 0.043318 0.988509 -1.000800 0.000000 0.000000 0.000000 1.000000
0.987819 0.091541 0.125835 0.000000 -0.081823 0.993403 -0.080352 10.083500 -0.132360 0.069077 0.988792 -1.000800 0.000000 0.000000 0.000000 1.000000
0.992353 0.076160 0.097139 0.000000 -0.065495 0.991924 -0.108613 10.083500 -0.104626 0.101420 0.989327 -1.000800 0.000000 0.000000 0.000000 1.000000
0.995101 0.080007 0.058078 0.000000 -0.072068 0.989172 -0.127850 10.083500 -0.067677 0.123038 0.990092 -1.000800 0.000000 0.000000 0.000000 1.000000
0.995296 0.093589 0.025042 0.000000 -0.089481 0.987111 -0.132686 10.083500 -0.037137 0.129821 0.990842 -1.000800 0.000000 0.000000 0.000000 1.000000
0.995476 0.094747 0.007059 0.000000 -0.093120 0.987723 -0.125428 10.083500 -0.018856 0.124203 0.992078 -1.000800 0.000000 0.000000 0.000000 1.000000
0.997512 0.070000 -0.008354 -0.000000 -0.070496 0.990823 -0.115330 10.083500 0.000205 0.115632 0.993292 -1.000800 0.000000 0.000000 0.000000 1.000000
0.999084 0.024785 -0.034876 0.000000 -0.028599 0.993128 -0.113482 10.083500 0.031823 0.114376 0.992928 -1.000800 0.000000 0.000000 0.000000 1.000000
0.997538 -0.021651 -0.066698 -0.000000 0.013723 0.993025 -0.117102 10.083500 0.068768 0.115899 0.990878 -1.000800 0.000000 0.000000 0.000000 1.000000
0.994606 -0.051962 -0.089773 0.000000 0.041146 0.992115 -0.118386 10.083500 0.095217 0.114054 0.988901 -1.000800 0.000000 0.000000 0.000000 1.000000
0.993301 -0.058243 -0.099808 0.000000 0.045749 0.991328 -0.123187 10.083500 0.106117 0.117796 0.987352 -1.000800 0.000000 0.000000 0.000000 1.000000
0.994054 -0.044261 -0.099484 -0.000000 0.029900 0.989491 -0.141469 10.083500 0.104700 0.137653 0.984931 -1.000800 0.000000 0.000000 0.000000 1.000000
0.995859 -0.027937 -0.086511 0.000000 0.013129 0.985832 -0.167219 10.083500 0.089957 0.165391 0.982117 -1.000800 0.000000 0.000000 0.000000 1.000000
0.997960 -0.025384 -0.058587 -0.000000 0.014268 0.983031 -0.182883 10.083500 0.062235 0.181674 0.981387 -1.000800 0.000000 0.000000 0.000000 1.000000
0.999065 -0.032167 -0.028886 0.000000 0.026407 0.983055 -0.181401 10.083500 0.034232 0.180468 0.982985 -1.000800 0.000000 0.000000 0.000000 1.000000
0.999333 -0.033960 -0.013435 0.000000 0.031227 0.985320 -0.167839 10.083500 0.018938 0.167307 0.985723 -1.000800 0.000000 0.000000 0.000000 1.000000
0.999644 -0.024710 -0.010071 -0.000000 0.023015 0.989425 -0.143207 10.083500 0.013503 0.142924 0.989642 -1.000800 0.000000 0.000000 0.000000 1.000000</float_array><technique_common><accessor source="#Spine1-Matrix-animation-output-transform-array" count="22" stride="16"><param type="float4x4"/></accessor></technique_common></source><source id="Spine1-Interpolations"><Name_array id="Spine1-Interpolations-array" count="22">
 LINEAR LINEAR LINEAR LINEAR LINEAR LINEAR LINEAR LINEAR LINEAR LINEAR LINEAR
LINEAR LINEAR LINEAR LINEAR LINEAR LINEAR LINEAR LINEAR LINEAR LINEAR LINEAR</Name_array><technique_common><accessor source="#Spine1-Interpolations-array" count="22"><param type="name"/></accessor></technique_common></source><sampler id="Spine1-Matrix-animation-transform"><input semantic="INPUT" source="#Spine1-Matrix-animation-input"/><input semantic="OUTPUT" source="#Spine1-Matrix-animation-output-transform"/><input semantic="INTERPOLATION" source="#Spine1-Interpolations"/></sampler><channel source="#Spine1-Matrix-animation-transform" target="Spine1/matrix"/></animation>
    <animation id="Spine2-anim" name="Spine2"><source id="Spine2-Matrix-animation-input"><float_array id="Spine2-Matrix-animation-input-array" count="22">

0.000000 0.033333 0.066667 0.100000 0.133333 0.166667 0.200000 0.233333 0.266667 0.300000 0.333333 0.366667 0.400000 0.433333 0.466667 0.500000
0.533333 0.566667 0.600000 0.633333 0.666667 0.700000</float_array><technique_common><accessor source="#Spine2-Matrix-animation-input-array" count="22"><param name="TIME" type="float"/></accessor></technique_common></source><source id="Spine2-Matrix-animation-output-transform"><float_array id="Spine2-Matrix-animation-output-transform-array" count="352">

0.994735 -0.101675 -0.012828 0.000000 0.100097 0.990797 -0.091114 9.100000 0.021973 0.089350 0.995758 -1.373400 0.000000 0.000000 0.000000 1.000000
0.997275 -0.069491 0.024788 0.000000 0.070844 0.995758 -0.058705 9.100000 -0.020604 0.060301 0.997968 -1.373400 0.000000 0.000000 0.000000 1.000000
0.996797 -0.029888 0.074183 0.000000 0.032445 0.998912 -0.033501 9.100000 -0.073101 0.035800 0.996682 -1.373400 0.000000 0.000000 0.000000 1.000000
0.993142 0.007361 0.116684 0.000000 -0.005945 0.999904 -0.012484 9.100000 -0.116765 0.011704 0.993091 -1.373400 0.000000 0.000000 0.000000 1.000000
0.989823 0.028641 0.139392 0.000000 -0.029052 0.999577 0.000911 9.100000 -0.139307 -0.004952 0.990237 -1.373400 0.000000 0.000000 0.000000 1.000000
0.989568 0.024900 0.141898 0.000000 -0.024901 0.999688 -0.001773 9.100000 -0.141898 -0.001779 0.989880 -1.373400 0.000000 0.000000 0.000000 1.000000
0.991696 0.003967 0.128540 0.000000 -0.001040 0.999739 -0.022830 9.100000 -0.128597 0.022506 0.991442 -1.373400 0.000000 0.000000 0.000000 1.000000
0.994898 -0.010423 0.100348 -0.000000 0.015659 0.998548 -0.051535 9.100000 -0.099666 0.052843 0.993617 -1.373400 0.000000 0.000000 0.000000 1.000000
0.998044 -0.003646 0.062410 0.000000 0.008145 0.997373 -0.071981 9.100000 -0.061983 0.072349 0.995452 -1.373400 0.000000 0.000000 0.000000 1.000000
0.999466 0.012887 0.030043 -0.000000 -0.010517 0.996915 -0.077777 9.100000 -0.030953 0.077419 0.996518 -1.373400 0.000000 0.000000 0.000000 1.000000
0.999816 0.015689 0.011071 0.000000 -0.014864 0.997363 -0.071032 9.100000 -0.012156 0.070855 0.997413 -1.373400 0.000000 0.000000 0.000000 1.000000
0.999950 -0.007798 -0.006306 0.000000 0.007394 0.998069 -0.061681 9.100000 0.006775 0.061631 0.998076 -1.373400 0.000000 0.000000 0.000000 1.000000
0.998090 -0.051048 -0.034781 0.000000 0.048838 0.996900 -0.061688 9.100000 0.037822 0.059872 0.997489 -1.373400 0.000000 0.000000 0.000000 1.000000
0.993106 -0.094888 -0.068825 0.000000 0.090232 0.993605 -0.067879 9.100000 0.074825 0.061200 0.995317 -1.373400 0.000000 0.000000 0.000000 1.000000
0.987943 -0.123063 -0.093932 0.000000 0.116629 0.990622 -0.071178 9.100000 0.101810 0.059364 0.993031 -1.373400 0.000000 0.000000 0.000000 1.000000
0.986237 -0.127973 -0.104684 0.000000 0.120296 0.989774 -0.076653 9.100000 0.113423 0.063006 0.991547 -1.373400 0.000000 0.000000 0.000000 1.000000
0.988199 -0.112883 -0.103536 -0.000000 0.103243 0.990188 -0.094178 9.100000 0.113151 0.082377 0.990157 -1.373400 0.000000 0.000000 0.000000 1.000000
0.991336 -0.096437 -0.089181 0.000000 0.085562 0.989245 -0.118632 9.100000 0.099663 0.109973 0.988925 -1.373400 0.000000 0.000000 0.000000 1.000000
0.993507 -0.096161 -0.060801 0.000000 0.087411 0.987244 -0.133077 9.100000 0.072823 0.126898 0.989239 -1.373400 0.000000 0.000000 0.000000 1.000000
0.993832 -0.106269 -0.031688 0.000000 0.101299 0.986262 -0.130486 9.100000 0.045119 0.126471 0.990944 -1.373400 0.000000 0.000000 0.000000 1.000000
0.993786 -0.110073 -0.016532 0.000000 0.107433 0.987400 -0.116184 9.100000 0.029112 0.113686 0.993090 -1.373400 0.000000 0.000000 0.000000 1.000000
0.994735 -0.101675 -0.012828 -0.000000 0.100097 0.990797 -0.091114 9.100000 0.021973 0.089350 0.995758 -1.373400 0.000000 0.000000 0.000000 1.000000</float_array><technique_common><accessor source="#Spine2-Matrix-animation-output-transform-array" count="22" stride="16"><param type="float4x4"/></accessor></technique_common></source><source id="Spine2-Interpolations"><Name_array id="Spine2-Interpolations-array" count="22">
 LINEAR LINEAR LINEAR LINEAR LINEAR LINEAR LINEAR LINEAR LINEAR LINEAR LINEAR
LINEAR LINEAR LINEAR LINEAR LINEAR LINEAR LINEAR LINEAR LINEAR LINEAR LINEAR</Name_array><technique_common><accessor source="#Spine2-Interpolations-array" count="22"><param type="name"/></accessor></technique_common></source><sampler id="Spine2-Matrix-animation-transform"><input semantic="INPUT" source="#Spine2-Matrix-animation-input"/><input semantic="OUTPUT" source="#Spine2-Matrix-animation-output-transform"/><input semantic="INTERPOLATION" source="#Spine2-Interpolations"/></sampler><channel source="#Spine2-Matrix-animation-transform" target="Spine2/matrix"/></animation>
    <animation id="Neck-anim" name="Neck"><source id="Neck-Matrix-animation-input"><float_array id="Neck-Matrix-animation-input-array" count="22">

0.000000 0.033333 0.066667 0.100000 0.133333 0.166667 0.200000 0.233333 0.266667 0.300000 0.333333 0.366667 0.400000 0.433333 0.466667 0.500000
0.533333 0.566667 0.600000 0.633333 0.666667 0.700000</float_array><technique_common><accessor source="#Neck-Matrix-animation-input-array" count="22"><param name="TIME" type="float"/></accessor></technique_common></source><source id="Neck-Matrix-animation-output-transform"><float_array id="Neck-Matrix-animation-output-transform-array" count="352">

0.997365 0.068509 0.023869 0.000000 -0.071694 0.981079 0.179845 16.671700 -0.011097 -0.181082 0.983405 -2.516200 0.000000 0.000000 0.000000 1.000000
0.998514 0.054305 0.004513 0.000000 -0.054492 0.994737 0.086770 16.671700 0.000223 -0.086887 0.996218 -2.516200 0.000000 0.000000 0.000000 1.000000
0.999221 0.035713 -0.016802 -0.000000 -0.035140 0.998829 0.033260 16.671700 0.017970 -0.032643 0.999305 -2.516200 0.000000 0.000000 0.000000 1.000000
0.999094 0.019588 -0.037789 -0.000000 -0.018761 0.999579 0.022125 16.671700 0.038206 -0.021396 0.999041 -2.516200 0.000000 0.000000 0.000000 1.000000
0.998498 0.018324 -0.051639 0.000000 -0.017880 0.999799 0.009052 16.671700 0.051794 -0.008115 0.998625 -2.516200 0.000000 0.000000 0.000000 1.000000
0.998090 0.027048 -0.055536 -0.000000 -0.026406 0.999576 0.012256 16.671700 0.055844 -0.010766 0.998381 -2.516200 0.000000 0.000000 0.000000 1.000000
0.998170 0.036479 -0.048220 0.000000 -0.030481 0.992337 0.119740 16.671700 0.052218 -0.118051 0.991634 -2.516200 0.000000 0.000000 0.000000 1.000000
0.998696 0.032017 -0.039773 0.000000 -0.027040 0.992414 0.119933 16.671700 0.043311 -0.118701 0.991985 -2.516200 0.000000 0.000000 0.000000 1.000000
0.999223 0.000880 -0.039407 0.000000 0.003696 0.993255 0.115888 16.671700 0.039243 -0.115943 0.992480 -2.516200 0.000000 0.000000 0.000000 1.000000
0.998979 -0.024130 -0.038189 0.000000 0.027846 0.994601 0.099967 16.671700 0.035571 -0.100928 0.994258 -2.516200 0.000000 0.000000 0.000000 1.000000
0.999273 -0.020695 -0.032009 0.000000 0.021930 0.999008 0.038750 16.671700 0.031175 -0.039424 0.998736 -2.516200 0.000000 0.000000 0.000000 1.000000
0.999713 0.011399 -0.021075 0.000000 -0.011678 0.999845 -0.013199 16.671700 0.020921 0.013441 0.999691 -2.516200 0.000000 0.000000 0.000000 1.000000
0.999027 0.043515 -0.007144 0.000000 -0.043818 0.997788 -0.049988 16.671700 0.004953 0.050253 0.998724 -2.516200 0.000000 0.000000 0.000000 1.000000
0.999330 0.036489 0.002754 0.000000 -0.036254 0.997494 -0.060764 16.671700 -0.004964 0.060623 0.998148 -2.516200 0.000000 0.000000 0.000000 1.000000
0.999721 0.018508 0.014671 -0.000000 -0.017602 0.998065 -0.059634 16.671700 -0.015746 0.059359 0.998113 -2.516200 0.000000 0.000000 0.000000 1.000000
0.998593 0.040633 0.034081 -0.000000 -0.040744 0.999166 0.002554 16.671700 -0.033949 -0.003939 0.999416 -2.516200 0.000000 0.000000 0.000000 1.000000
0.997117 0.057603 0.049383 -0.000000 -0.062245 0.993210 0.098282 16.671700 -0.043386 -0.101073 0.993933 -2.516200 0.000000 0.000000 0.000000 1.000000
0.997291 0.056094 0.047573 0.000000 -0.063632 0.982407 0.175579 16.671700 -0.036887 -0.178130 0.983315 -2.516200 0.000000 0.000000 0.000000 1.000000
0.997789 0.053464 0.039492 -0.000000 -0.061070 0.971940 0.227162 16.671700 -0.026239 -0.229071 0.973056 -2.516200 0.000000 0.000000 0.000000 1.000000
0.997562 0.059034 0.037220 0.000000 -0.066525 0.965560 0.251531 16.671700 -0.021089 -0.253394 0.967133 -2.516200 0.000000 0.000000 0.000000 1.000000
0.997090 0.069565 0.031167 -0.000000 -0.075072 0.967081 0.243145 16.671700 -0.013226 -0.244777 0.969489 -2.516200 0.000000 0.000000 0.000000 1.000000
0.997365 0.068509 0.023869 0.000000 -0.071694 0.981079 0.179845 16.671700 -0.011097 -0.181083 0.983405 -2.516200 0.000000 0.000000 0.000000 1.000000</float_array><technique_common><accessor source="#Neck-Matrix-animation-output-transform-array" count="22" stride="16"><param type="float4x4"/></accessor></technique_common></source><source id="Neck-Interpolations"><Name_array id="Neck-Interpolations-array" count="22">
 LINEAR LINEAR LINEAR LINEAR LINEAR LINEAR LINEAR LINEAR LINEAR LINEAR LINEAR
LINEAR LINEAR LINEAR LINEAR LINEAR LINEAR LINEAR LINEAR LINEAR LINEAR LINEAR</Name_array><technique_common><accessor source="#Neck-Interpolations-array" count="22"><param type="name"/></accessor></technique_common></source><sampler id="Neck-Matrix-animation-transform"><input semantic="INPUT" source="#Neck-Matrix-animation-input"/><input semantic="OUTPUT" source="#Neck-Matrix-animation-output-transform"/><input semantic="INTERPOLATION" source="#Neck-Interpolations"/></sampler><channel source="#Neck-Matrix-animation-transform" target="Neck/matrix"/></animation>
    <animation id="Head-anim" name="Head"><source id="Head-Matrix-animation-input"><float_array id="Head-Matrix-animation-input-array" count="22">

0.000000 0.033333 0.066667 0.100000 0.133333 0.166667 0.200000 0.233333 0.266667 0.300000 0.333333 0.366667 0.400000 0.433333 0.466667 0.500000
0.533333 0.566667 0.600000 0.633333 0.666667 0.700000</float_array><technique_common><accessor source="#Head-Matrix-animation-input-array" count="22"><param name="TIME" type="float"/></accessor></technique_common></source><source id="Head-Matrix-animation-output-transform"><float_array id="Head-Matrix-animation-output-transform-array" count="352">

0.997838 -0.031672 0.057589 0.000000 0.009211 0.934967 0.354614 9.617900 -0.065075 -0.353317 0.933237 1.685000 0.000000 0.000000 0.000000 1.000000
0.999557 -0.029335 0.005041 0.000000 0.024522 0.907591 0.419139 9.617900 -0.016871 -0.418830 0.907908 1.685000 0.000000 0.000000 0.000000 1.000000
0.996180 -0.028959 -0.082388 0.000000 0.061976 0.899098 0.433337 9.617900 0.061525 -0.436788 0.897458 1.685000 0.000000 0.000000 0.000000 1.000000
0.983218 -0.021658 -0.181145 0.000000 0.095181 0.907979 0.408062 9.617900 0.155638 -0.418456 0.894803 1.685000 0.000000 0.000000 0.000000 1.000000
0.965190 -0.005831 -0.261484 0.000000 0.113855 0.909423 0.399985 9.617900 0.235467 -0.415832 0.878430 1.685000 0.000000 0.000000 0.000000 1.000000
0.954996 0.016918 -0.296137 0.000000 0.110613 0.906044 0.408472 9.617900 0.275224 -0.422845 0.863397 1.685000 0.000000 0.000000 0.000000 1.000000
0.958934 0.036414 -0.281283 0.000000 0.066849 0.934770 0.348907 9.617900 0.275640 -0.353382 0.893948 1.685000 0.000000 0.000000 0.000000 1.000000
0.970005 0.039761 -0.239812 -0.000000 0.056083 0.923311 0.379936 9.617900 0.236528 -0.381989 0.893386 1.685000 0.000000 0.000000 0.000000 1.000000
0.980912 0.046537 -0.188802 -0.000000 0.032553 0.917939 0.395384 9.617900 0.191709 -0.393983 0.898902 1.685000 0.000000 0.000000 0.000000 1.000000
0.985204 0.050756 -0.163695 -0.000000 0.018334 0.918446 0.395120 9.617900 0.170400 -0.392276 0.903927 1.685000 0.000000 0.000000 0.000000 1.000000
0.986905 0.046921 -0.154325 -0.000000 0.022402 0.907612 0.419212 9.617900 0.159737 -0.417180 0.894676 1.685000 0.000000 0.000000 0.000000 1.000000
0.991559 0.042797 -0.122390 0.000000 0.015836 0.896912 0.441925 9.617900 0.128686 -0.440133 0.888664 1.685000 0.000000 0.000000 0.000000 1.000000
0.997719 0.056051 -0.037620 0.000000 -0.031508 0.879526 0.474806 9.617900 0.059701 -0.472538 0.879286 1.685000 0.000000 0.000000 0.000000 1.000000
0.991942 0.086577 0.092500 -0.000000 -0.121381 0.858655 0.497974 9.617900 -0.036313 -0.505189 0.862245 1.685000 0.000000 0.000000 0.000000 1.000000
0.975164 0.094381 0.200369 0.000000 -0.185158 0.843824 0.503664 9.617900 -0.121539 -0.528255 0.840342 1.685000 0.000000 0.000000 0.000000 1.000000
0.971967 0.052785 0.229117 0.000000 -0.157700 0.869131 0.468766 9.617900 -0.174389 -0.491756 0.853091 1.685000 0.000000 0.000000 0.000000 1.000000
0.978071 0.010153 0.208024 0.000000 -0.098023 0.903713 0.416767 9.617900 -0.183763 -0.428019 0.884890 1.685000 0.000000 0.000000 0.000000 1.000000
0.985963 -0.014243 0.166356 0.000000 -0.050847 0.923414 0.380422 9.617900 -0.159034 -0.383541 0.909728 1.685000 0.000000 0.000000 0.000000 1.000000
0.992720 -0.025702 0.117673 -0.000000 -0.018113 0.934000 0.356812 9.617900 -0.119077 -0.356346 0.926735 1.685000 0.000000 0.000000 0.000000 1.000000
0.996450 -0.031704 0.077984 0.000000 0.003046 0.939340 0.342974 9.617900 -0.084127 -0.341519 0.936102 1.685000 0.000000 0.000000 0.000000 1.000000
0.997309 -0.039526 0.061746 0.000000 0.016148 0.939965 0.340889 9.617900 -0.071513 -0.338975 0.938074 1.685000 0.000000 0.000000 0.000000 1.000000
0.997838 -0.031672 0.057589 0.000000 0.009211 0.934968 0.354614 9.617900 -0.065075 -0.353317 0.933238 1.685000 0.000000 0.000000 0.000000 1.000000</float_array><technique_common><accessor source="#Head-Matrix-animation-output-transform-array" count="22" stride="16"><param type="float4x4"/></accessor></technique_common></source><source id="Head-Interpolations"><Name_array id="Head-Interpolations-array" count="22">
 LINEAR LINEAR LINEAR LINEAR LINEAR LINEAR LINEAR LINEAR LINEAR LINEAR LINEAR
LINEAR LINEAR LINEAR LINEAR LINEAR LINEAR LINEAR LINEAR LINEAR LINEAR LINEAR</Name_array><technique_common><accessor source="#Head-Interpolations-array" count="22"><param type="name"/></accessor></technique_common></source><sampler id="Head-Matrix-animation-transform"><input semantic="INPUT" source="#Head-Matrix-animation-input"/><input semantic="OUTPUT" source="#Head-Matrix-animation-output-transform"/><input semantic="INTERPOLATION" source="#Head-Interpolations"/></sampler><channel source="#Head-Matrix-animation-transform" target="Head/matrix"/></animation>
    <animation id="LeftShoulder-anim" name="LeftShoulder"><source id="LeftShoulder-Matrix-animation-input"><float_array id="LeftShoulder-Matrix-animation-input-array" count="22">

0.000000 0.033333 0.066667 0.100000 0.133333 0.166667 0.200000 0.233333 0.266667 0.300000 0.333333 0.366667 0.400000 0.433333 0.466667 0.500000
0.533333 0.566667 0.600000 0.633333 0.666667 0.700000</float_array><technique_common><accessor source="#LeftShoulder-Matrix-animation-input-array" count="22"><param name="TIME" type="float"/></accessor></technique_common></source><source id="LeftShoulder-Matrix-animation-output-transform"><float_array id="LeftShoulder-Matrix-animation-output-transform-array" count="352">

0.953446 0.248242 -0.171222 4.570400 -0.246594 0.968617 0.031171 10.946000 0.173586 0.012503 0.984739 -2.628000 0.000000 0.000000 0.000000 1.000000
0.973843 0.197432 -0.112470 4.570400 -0.194882 0.980260 0.033342 10.946000 0.116833 -0.010552 0.993096 -2.628000 0.000000 0.000000 0.000000 1.000000
0.985268 0.148398 -0.084995 4.570400 -0.145946 0.988694 0.034410 10.946000 0.089141 -0.021499 0.995787 -2.628000 0.000000 0.000000 0.000000 1.000000
0.985535 0.135243 -0.102126 4.570400 -0.132357 0.990600 0.034555 10.946000 0.105839 -0.020538 0.994171 -2.628000 0.000000 0.000000 0.000000 1.000000
0.981717 0.160643 -0.102102 4.570400 -0.158065 0.986880 0.032911 10.946000 0.106050 -0.016171 0.994229 -2.628000 0.000000 0.000000 0.000000 1.000000
0.979501 0.178287 -0.093764 4.570400 -0.176075 0.983875 0.031428 10.946000 0.097855 -0.014274 0.995098 -2.628000 0.000000 0.000000 0.000000 1.000000
0.977662 0.176008 -0.114881 4.570400 -0.173520 0.984330 0.031387 10.946000 0.118606 -0.010752 0.992883 -2.628000 0.000000 0.000000 0.000000 1.000000
0.966957 0.227026 -0.115984 4.570400 -0.225171 0.973887 0.029030 10.946000 0.119546 -0.001955 0.992827 -2.628000 0.000000 0.000000 0.000000 1.000000
0.955172 0.273550 -0.113216 4.570400 -0.272308 0.961843 0.026591 10.946000 0.116170 0.005430 0.993215 -2.628000 0.000000 0.000000 0.000000 1.000000
0.924726 0.346352 -0.157868 4.570400 -0.346393 0.937667 0.028150 10.946000 0.157778 0.028653 0.987059 -2.628000 0.000000 0.000000 0.000000 1.000000
0.899415 0.386915 -0.203346 4.570400 -0.388599 0.920807 0.033252 10.946000 0.200108 0.049113 0.978542 -2.628000 0.000000 0.000000 0.000000 1.000000
0.847030 0.450351 -0.282357 4.570400 -0.456395 0.888483 0.047985 10.946000 0.272479 0.088222 0.958109 -2.628000 0.000000 0.000000 0.000000 1.000000
0.837311 0.448270 -0.312991 4.570400 -0.455689 0.888529 0.053508 10.946000 0.302088 0.097824 0.948248 -2.628000 0.000000 0.000000 0.000000 1.000000
0.867863 0.399928 -0.294738 4.570400 -0.404994 0.913136 0.046515 10.946000 0.287739 0.078999 0.954445 -2.628000 0.000000 0.000000 0.000000 1.000000
0.893948 0.357038 -0.270889 4.570400 -0.360092 0.932053 0.040146 10.946000 0.266817 0.061656 0.961773 -2.628000 0.000000 0.000000 0.000000 1.000000
0.910344 0.330584 -0.248973 4.570400 -0.332452 0.942441 0.035788 10.946000 0.246473 0.050192 0.967849 -2.628000 0.000000 0.000000 0.000000 1.000000
0.902145 0.351534 -0.250118 4.570400 -0.354000 0.934528 0.036617 10.946000 0.246615 0.055508 0.967523 -2.628000 0.000000 0.000000 0.000000 1.000000
0.893483 0.364154 -0.262831 4.570400 -0.367323 0.929283 0.038827 10.946000 0.258384 0.061852 0.964060 -2.628000 0.000000 0.000000 0.000000 1.000000
0.905003 0.324542 -0.275032 4.570400 -0.327093 0.944232 0.037895 10.946000 0.271993 0.055666 0.960688 -2.628000 0.000000 0.000000 0.000000 1.000000
0.917481 0.293685 -0.268286 4.570400 -0.295418 0.954732 0.034853 10.946000 0.266378 0.047279 0.962709 -2.628000 0.000000 0.000000 0.000000 1.000000
0.929042 0.300103 -0.216377 4.570400 -0.301202 0.953129 0.028689 10.946000 0.214845 0.038520 0.975888 -2.628000 0.000000 0.000000 0.000000 1.000000
0.953446 0.248242 -0.171222 4.570400 -0.246594 0.968617 0.031171 10.946000 0.173586 0.012503 0.984739 -2.628000 0.000000 0.000000 0.000000 1.000000</float_array><technique_common><accessor source="#LeftShoulder-Matrix-animation-output-transform-array" count="22" stride="16"><param type="float4x4"/></accessor></technique_common></source><source id="LeftShoulder-Interpolations"><Name_array id="LeftShoulder-Interpolations-array" count="22">
 LINEAR LINEAR LINEAR LINEAR LINEAR LINEAR LINEAR LINEAR LINEAR LINEAR LINEAR
LINEAR LINEAR LINEAR LINEAR LINEAR LINEAR LINEAR LINEAR LINEAR LINEAR LINEAR</Name_array><technique_common><accessor source="#LeftShoulder-Interpolations-array" count="22"><param type="name"/></accessor></technique_common></source><sampler id="LeftShoulder-Matrix-animation-transform"><input semantic="INPUT" source="#LeftShoulder-Matrix-animation-input"/><input semantic="OUTPUT" source="#LeftShoulder-Matrix-animation-output-transform"/><input semantic="INTERPOLATION" source="#LeftShoulder-Interpolations"/></sampler><channel source="#LeftShoulder-Matrix-animation-transform" target="LeftShoulder/matrix"/></animation>
    <animation id="LeftArm-anim" name="LeftArm"><source id="LeftArm-Matrix-animation-input"><float_array id="LeftArm-Matrix-animation-input-array" count="22">

0.000000 0.033333 0.066667 0.100000 0.133333 0.166667 0.200000 0.233333 0.266667 0.300000 0.333333 0.366667 0.400000 0.433333 0.466667 0.500000
0.533333 0.566667 0.600000 0.633333 0.666667 0.700000</float_array><technique_common><accessor source="#LeftArm-Matrix-animation-input-array" count="22"><param name="TIME" type="float"/></accessor></technique_common></source><source id="LeftArm-Matrix-animation-output-transform"><float_array id="LeftArm-Matrix-animation-output-transform-array" count="352">

0.386122 0.888579 0.247664 10.592400 -0.768340 0.458378 -0.446702 -0.524600 -0.510454 -0.017808 0.859721 -2.232100 0.000000 0.000000 0.000000 1.000000
0.432230 0.881606 0.189599 10.592400 -0.712646 0.462780 -0.527229 -0.524600 -0.552551 0.092767 0.828300 -2.232100 0.000000 0.000000 0.000000 1.000000
0.503563 0.843741 0.185811 10.592400 -0.613112 0.500520 -0.611206 -0.524600 -0.608702 0.193858 0.769351 -2.232100 0.000000 0.000000 0.000000 1.000000
0.570091 0.779264 0.260276 10.592400 -0.482019 0.573788 -0.662137 -0.524600 -0.665323 0.252020 0.702731 -2.232100 0.000000 0.000000 0.000000 1.000000
0.637107 0.696852 0.329380 10.592400 -0.383618 0.657329 -0.648657 -0.524600 -0.668529 0.286908 0.686114 -2.232100 0.000000 0.000000 0.000000 1.000000
0.670141 0.668544 0.322429 10.592400 -0.406432 0.694012 -0.594273 -0.524600 -0.621067 0.267201 0.736804 -2.232100 0.000000 0.000000 0.000000 1.000000
0.643377 0.705105 0.298148 10.592400 -0.501719 0.682519 -0.531457 -0.524600 -0.578224 0.192341 0.792882 -2.232100 0.000000 0.000000 0.000000 1.000000
0.667533 0.700464 0.252489 10.592400 -0.568429 0.698441 -0.434821 -0.524600 -0.480925 0.146735 0.864396 -2.232100 0.000000 0.000000 0.000000 1.000000
0.707593 0.691036 0.147588 10.592400 -0.629570 0.711373 -0.312394 -0.524600 -0.320865 0.128131 0.938418 -2.232100 0.000000 0.000000 0.000000 1.000000
0.755540 0.653810 0.041124 10.592400 -0.640291 0.750275 -0.164668 -0.524600 -0.138516 0.098082 0.985491 -2.232100 0.000000 0.000000 0.000000 1.000000
0.746823 0.657886 -0.097167 10.592400 -0.662411 0.748843 -0.021107 -0.524600 0.058877 0.080128 0.995044 -2.232100 0.000000 0.000000 0.000000 1.000000
0.742152 0.653243 -0.149947 10.592400 -0.644302 0.756983 0.108867 -0.524600 0.184624 0.015816 0.982682 -2.232100 0.000000 0.000000 0.000000 1.000000
0.697518 0.696469 -0.168522 10.592400 -0.663497 0.716565 0.215188 -0.524600 0.270629 -0.038284 0.961922 -2.232100 0.000000 0.000000 0.000000 1.000000
0.656943 0.736775 -0.159965 10.592400 -0.694004 0.673853 0.253535 -0.524600 0.294591 -0.055541 0.954008 -2.232100 0.000000 0.000000 0.000000 1.000000
0.655357 0.743929 -0.130680 10.592400 -0.701191 0.663533 0.260873 -0.524600 0.280782 -0.079334 0.956487 -2.232100 0.000000 0.000000 0.000000 1.000000
0.666784 0.736632 -0.113013 10.592400 -0.680686 0.663715 0.310079 -0.524600 0.303423 -0.129829 0.943970 -2.232100 0.000000 0.000000 0.000000 1.000000
0.715103 0.688952 -0.118207 10.592400 -0.609926 0.697587 0.375984 -0.524600 0.341494 -0.196770 0.919056 -2.232100 0.000000 0.000000 0.000000 1.000000
0.731492 0.673664 -0.105343 10.592400 -0.597059 0.707451 0.378196 -0.524600 0.329302 -0.213752 0.919712 -2.232100 0.000000 0.000000 0.000000 1.000000
0.668157 0.743879 -0.014490 10.592400 -0.718676 0.650315 0.246162 -0.524600 0.192538 -0.154061 0.969120 -2.232100 0.000000 0.000000 0.000000 1.000000
0.556192 0.825205 0.098418 10.592400 -0.828430 0.559938 -0.013185 -0.524600 -0.065988 -0.074199 0.995058 -2.232100 0.000000 0.000000 0.000000 1.000000
0.477270 0.859885 0.181139 10.592400 -0.818822 0.509990 -0.263517 -0.524600 -0.318974 -0.022551 0.947495 -2.232100 0.000000 0.000000 0.000000 1.000000
0.386122 0.888579 0.247664 10.592400 -0.768340 0.458378 -0.446702 -0.524600 -0.510454 -0.017808 0.859721 -2.232100 0.000000 0.000000 0.000000 1.000000</float_array><technique_common><accessor source="#LeftArm-Matrix-animation-output-transform-array" count="22" stride="16"><param type="float4x4"/></accessor></technique_common></source><source id="LeftArm-Interpolations"><Name_array id="LeftArm-Interpolations-array" count="22">
 LINEAR LINEAR LINEAR LINEAR LINEAR LINEAR LINEAR LINEAR LINEAR LINEAR LINEAR
LINEAR LINEAR LINEAR LINEAR LINEAR LINEAR LINEAR LINEAR LINEAR LINEAR LINEAR</Name_array><technique_common><accessor source="#LeftArm-Interpolations-array" count="22"><param type="name"/></accessor></technique_common></source><sampler id="LeftArm-Matrix-animation-transform"><input semantic="INPUT" source="#LeftArm-Matrix-animation-input"/><input semantic="OUTPUT" source="#LeftArm-Matrix-animation-output-transform"/><input semantic="INTERPOLATION" source="#LeftArm-Interpolations"/></sampler><channel source="#LeftArm-Matrix-animation-transform" target="LeftArm/matrix"/></animation>
    <animation id="LeftForeArm-anim" name="LeftForeArm"><source id="LeftForeArm-Matrix-animation-input"><float_array id="LeftForeArm-Matrix-animation-input-array" count="22">

0.000000 0.033333 0.066667 0.100000 0.133333 0.166667 0.200000 0.233333 0.266667 0.300000 0.333333 0.366667 0.400000 0.433333 0.466667 0.500000
